#PARAMSTART
#MA: 1.05
#RPA:          1
#RFG:            0
#BIND:           1
#RPAfp0in:     0.33
#RPAfp0ex:     0.45
#RPAf:         1
#RPAfstar:     2.13
#RPApilambda:  1200
#RPAcr0:       2
#RPArholambda: 2500
#RPAgp:        0.63
#RPAxmpi:      139.57
#RPAxmrho:     777
#RPAirel:      1
#Enubin:       0.1
#TABLESTART
0.05  7.59054e-42  2.67723e-40  6.25137e-42  1.11704e-39  0  0  0  0  0  0  0  0 
0.15  4.06468e-40  1.5105e-38  1.71008e-40  9.16465e-39  1.23131e-40  1.13423e-38  4.25407e-41  3.72682e-39  0  5.41627e-46  0  1.68531e-46 
0.25  1.72791e-39  2.99422e-38  4.89846e-40  1.82101e-38  1.31836e-39  2.26846e-38  4.06274e-40  7.45364e-39  0  1.08325e-45  0  3.37062e-46 
0.35  3.53274e-39  6.16616e-38  8.34961e-40  2.16367e-38  3.15167e-39  5.60865e-38  7.73334e-40  1.8368e-38  0  2.1054e-45  0  6.47347e-46 
0.45  5.18545e-39  9.91286e-38  1.17902e-39  3.39535e-38  4.88549e-39  9.33067e-38  1.11731e-39  3.23236e-38  0  4.0886e-45  0  1.24114e-45 
0.55  6.5054e-39  1.36251e-37  1.51823e-39  5.05659e-38  6.25441e-39  1.30065e-37  1.47423e-39  4.88398e-38  0  7.93278e-45  0  2.37704e-45 
0.65  7.46667e-39  1.66062e-37  1.83949e-39  6.93498e-38  7.27102e-39  1.60226e-37  1.80182e-39  6.92958e-38  0  1.53767e-44  0  4.54732e-45 
0.75  8.17075e-39  2.02393e-37  2.15844e-39  9.07717e-38  7.98234e-39  2.04223e-37  2.11869e-39  8.77436e-38  0  2.97757e-44  0  8.68861e-45 
0.85  8.595e-39  2.37109e-37  2.47042e-39  1.13891e-37  8.48645e-39  2.34557e-37  2.43402e-39  1.11712e-37  0  5.75961e-44  0  1.65801e-44 
0.95  8.86989e-39  2.72009e-37  2.76009e-39  1.36531e-37  8.74977e-39  2.6661e-37  2.71545e-39  1.36173e-37  0  1.11282e-43  0  3.15957e-44 
1.05  9.01019e-39  3.01777e-37  3.0206e-39  1.64775e-37  9.00853e-39  2.97727e-37  3.00346e-39  1.66312e-37  0  2.14742e-43  0  6.01221e-44 
1.15  9.1674e-39  3.28843e-37  3.3128e-39  1.88178e-37  9.10978e-39  3.33184e-37  3.26918e-39  1.96565e-37  0  4.13841e-43  0  1.14225e-43 
1.25  9.24219e-39  3.61702e-37  3.53393e-39  2.15054e-37  9.16789e-39  3.64951e-37  3.50104e-39  2.22696e-37  0  7.96396e-43  0  2.16651e-43 
1.35  9.25279e-39  3.99391e-37  3.74922e-39  2.49985e-37  9.1637e-39  3.97063e-37  3.73436e-39  2.47331e-37  0  1.53022e-42  0  4.10181e-43 
1.45  9.21248e-39  4.27055e-37  3.99544e-39  2.64796e-37  9.21746e-39  4.32922e-37  3.96057e-39  2.72058e-37  0  2.9353e-42  0  7.75075e-43 
1.55  9.19903e-39  4.65276e-37  4.14695e-39  3.04614e-37  9.24867e-39  4.50647e-37  4.15513e-39  3.04502e-37  0  5.62031e-42  0  1.46149e-42 
1.65  9.21697e-39  4.92469e-37  4.36126e-39  3.32807e-37  9.1806e-39  4.93715e-37  4.28858e-39  3.28705e-37  0  1.07401e-41  0  2.74947e-42 
1.75  9.16841e-39  5.31624e-37  4.54686e-39  3.53501e-37  9.2136e-39  5.30207e-37  4.50323e-39  3.68512e-37  0  2.0479e-41  0  5.15956e-42 
1.85  9.19974e-39  5.70765e-37  4.63901e-39  3.91247e-37  9.07997e-39  5.4491e-37  4.66085e-39  3.90124e-37  0  3.89557e-41  0  9.65567e-42 
1.95  9.14627e-39  5.72777e-37  4.80516e-39  4.10965e-37  9.01414e-39  5.7438e-37  4.78976e-39  3.96603e-37  0  7.39068e-41  0  1.8015e-41 
2.05  9.10287e-39  6.34162e-37  4.95623e-39  4.45243e-37  9.05205e-39  6.02734e-37  4.93174e-39  4.72461e-37  0  1.39804e-40  0  3.34984e-41 
2.15  9.0431e-39  6.54066e-37  5.0912e-39  4.87187e-37  9.05591e-39  6.55015e-37  5.03004e-39  4.85511e-37  0  2.63591e-40  0  6.20559e-41 
2.25  9.05433e-39  6.72848e-37  5.26951e-39  5.26232e-37  8.9835e-39  6.75661e-37  5.22053e-39  5.11617e-37  0  4.95145e-40  0  1.14475e-40 
2.35  8.99932e-39  7.10233e-37  5.30329e-39  5.32782e-37  8.97089e-39  6.95112e-37  5.32207e-39  5.67389e-37  0  9.26216e-40  0  2.10164e-40 
2.45  9.00547e-39  7.40774e-37  5.52282e-39  5.67471e-37  8.97017e-39  7.20628e-37  5.44577e-39  5.76555e-37  0  1.72429e-39  0  3.83735e-40 
2.55  8.97541e-39  7.54528e-37  5.55001e-39  6.06888e-37  8.93606e-39  7.54154e-37  5.52216e-39  6.28801e-37  0  3.19228e-39  0  6.9624e-40 
2.65  8.89564e-39  7.92096e-37  5.68885e-39  6.46858e-37  8.97715e-39  8.13348e-37  5.6261e-39  6.33509e-37  1.03604e-42  5.87198e-39  1.02427e-44  1.25393e-39 
2.75  8.89894e-39  7.89444e-37  5.74304e-39  6.9202e-37  8.79705e-39  8.25396e-37  5.68363e-39  6.82074e-37  1.38078e-41  1.07188e-38  8.89463e-43  2.2386e-39 
2.85  8.81613e-39  8.3239e-37  5.7428e-39  6.96554e-37  8.81592e-39  8.58061e-37  5.84502e-39  6.86581e-37  5.14607e-41  2.78349e-38  5.495e-42  3.95432e-39 
2.95  8.80117e-39  8.85492e-37  5.92421e-39  7.23288e-37  8.79402e-39  9.00555e-37  5.86806e-39  7.17189e-37  1.20197e-40  5.2574e-38  1.71351e-41  9.83969e-39 
3.05  8.92418e-39  9.26989e-37  5.9903e-39  7.68164e-37  8.86588e-39  9.27433e-37  5.91118e-39  7.75414e-37  2.26818e-40  8.90802e-38  3.86008e-41  1.91354e-38 
3.15  8.77666e-39  9.76358e-37  6.02479e-39  8.00176e-37  8.79945e-39  9.53286e-37  6.0267e-39  7.97131e-37  3.56167e-40  1.33421e-37  7.4409e-41  3.54071e-38 
3.25  8.76483e-39  9.77617e-37  6.09896e-39  8.20601e-37  8.72298e-39  9.44409e-37  6.09187e-39  8.19697e-37  5.34131e-40  1.92492e-37  1.23139e-40  5.75045e-38 
3.35  8.83557e-39  9.93845e-37  6.19363e-39  8.49142e-37  8.66955e-39  9.78077e-37  6.174e-39  8.5582e-37  7.41577e-40  2.48968e-37  1.90753e-40  8.88101e-38 
3.45  8.69243e-39  1.01581e-36  6.21588e-39  9.05506e-37  8.78025e-39  1.05745e-36  6.18003e-39  8.80321e-37  9.57497e-40  3.53187e-37  2.63368e-40  1.27513e-37 
3.55  8.72783e-39  1.09474e-36  6.24068e-39  9.29078e-37  8.71293e-39  1.07311e-36  6.25901e-39  9.37197e-37  1.19861e-39  4.35249e-37  3.519e-40  1.752e-37 
3.65  8.65733e-39  1.12676e-36  6.3731e-39  9.90479e-37  8.70258e-39  1.09134e-36  6.35834e-39  9.82137e-37  1.45179e-39  5.57617e-37  4.64101e-40  2.47744e-37 
3.75  8.66221e-39  1.13105e-36  6.41378e-39  9.8131e-37  8.68295e-39  1.10509e-36  6.43147e-39  1.00226e-36  1.67605e-39  6.75417e-37  5.65894e-40  3.07442e-37 
3.85  8.54868e-39  1.1699e-36  6.44886e-39  1.05943e-36  8.72215e-39  1.14411e-36  6.34105e-39  9.86458e-37  1.89796e-39  8.40366e-37  6.82857e-40  4.13112e-37 
3.95  8.71556e-39  1.20534e-36  6.50439e-39  1.05104e-36  8.65516e-39  1.17633e-36  6.53174e-39  1.05539e-36  2.11349e-39  9.48563e-37  8.05538e-40  4.93649e-37 
4.05  8.69234e-39  1.23585e-36  6.52189e-39  1.04748e-36  8.62667e-39  1.22655e-36  6.49901e-39  1.03793e-36  2.36064e-39  1.1677e-36  9.30452e-40  6.30205e-37 
4.15  8.55494e-39  1.23312e-36  6.63275e-39  1.06876e-36  8.59861e-39  1.27175e-36  6.67955e-39  1.12627e-36  2.57374e-39  1.33394e-36  1.07953e-39  7.65745e-37 
4.25  8.57835e-39  1.26676e-36  6.69993e-39  1.14192e-36  8.5574e-39  1.23915e-36  6.58774e-39  1.14462e-36  2.68935e-39  1.54902e-36  1.17852e-39  9.04068e-37 
4.35  8.54158e-39  1.32042e-36  6.70297e-39  1.21338e-36  8.54808e-39  1.29714e-36  6.63279e-39  1.13635e-36  2.88532e-39  1.778e-36  1.32484e-39  1.09437e-36 
4.45  8.5735e-39  1.35838e-36  6.67808e-39  1.20279e-36  8.55977e-39  1.31683e-36  6.67613e-39  1.22469e-36  3.02215e-39  2.04273e-36  1.43558e-39  1.30514e-36 
4.55  8.48021e-39  1.34252e-36  6.69614e-39  1.25395e-36  8.56899e-39  1.31325e-36  6.78622e-39  1.25243e-36  3.2279e-39  2.38711e-36  1.57371e-39  1.49402e-36 
4.65  8.64753e-39  1.42531e-36  6.80683e-39  1.28073e-36  8.52851e-39  1.46325e-36  6.81679e-39  1.26595e-36  3.24197e-39  2.75013e-36  1.75106e-39  1.78274e-36 
4.75  8.59407e-39  1.46293e-36  6.83317e-39  1.33072e-36  8.58348e-39  1.48806e-36  6.85632e-39  1.24534e-36  3.4911e-39  2.8944e-36  1.91159e-39  1.9658e-36 
4.85  8.59621e-39  1.49948e-36  6.88738e-39  1.30436e-36  8.50948e-39  1.50223e-36  6.81341e-39  1.3195e-36  3.58359e-39  3.4042e-36  2.019e-39  2.46196e-36 
4.95  8.54777e-39  1.49981e-36  6.91448e-39  1.30565e-36  8.48926e-39  1.49631e-36  6.90217e-39  1.42094e-36  3.77985e-39  3.96665e-36  2.15067e-39  2.6917e-36 
5.05  8.38809e-39  1.58236e-36  6.98639e-39  1.3903e-36  8.42064e-39  1.5319e-36  6.9558e-39  1.34817e-36  3.72094e-39  4.12506e-36  2.25288e-39  2.89778e-36 
5.15  8.46905e-39  1.55491e-36  6.93527e-39  1.42074e-36  8.519e-39  1.54816e-36  7.03901e-39  1.43123e-36  3.85034e-39  4.89184e-36  2.34008e-39  3.27392e-36 
5.25  8.36638e-39  1.60542e-36  7.00381e-39  1.44234e-36  8.53737e-39  1.57114e-36  6.97247e-39  1.44898e-36  3.99367e-39  5.17791e-36  2.37376e-39  3.58208e-36 
5.35  8.44554e-39  1.54475e-36  7.07253e-39  1.43194e-36  8.46558e-39  1.6091e-36  7.01012e-39  1.49249e-36  3.97951e-39  5.18274e-36  2.46052e-39  4.08808e-36 
5.45  8.47863e-39  1.70491e-36  7.08442e-39  1.53176e-36  8.47395e-39  1.65649e-36  6.93796e-39  1.53178e-36  4.15822e-39  5.68383e-36  2.61678e-39  4.33004e-36 
5.55  8.45236e-39  1.67231e-36  7.06626e-39  1.53368e-36  8.49813e-39  1.72041e-36  7.16396e-39  1.53277e-36  4.19773e-39  6.27406e-36  2.78974e-39  5.10977e-36 
5.65  8.44876e-39  1.71153e-36  7.1004e-39  1.63052e-36  8.4473e-39  1.63549e-36  7.13444e-39  1.58378e-36  4.45556e-39  6.85571e-36  2.9171e-39  5.51477e-36 
5.75  8.50826e-39  1.76484e-36  7.15623e-39  1.52381e-36  8.51787e-39  1.65801e-36  7.23169e-39  1.64599e-36  4.31695e-39  7.95312e-36  3.01443e-39  6.04051e-36 
5.85  8.57837e-39  1.76302e-36  7.19237e-39  1.63687e-36  8.3745e-39  1.72676e-36  7.15009e-39  1.63694e-36  4.43669e-39  8.42362e-36  3.09894e-39  6.58426e-36 
5.95  8.52935e-39  1.76421e-36  7.17492e-39  1.74802e-36  8.36071e-39  1.79492e-36  7.20289e-39  1.67161e-36  4.50376e-39  8.47397e-36  3.17377e-39  6.94566e-36 
6.05  8.36326e-39  1.91186e-36  7.23703e-39  1.72585e-36  8.36924e-39  1.75982e-36  7.18132e-39  1.71338e-36  4.57685e-39  9.26248e-36  3.37022e-39  8.1144e-36 
6.15  8.38041e-39  1.9004e-36  7.33061e-39  1.74757e-36  8.3374e-39  1.77298e-36  7.25812e-39  1.72784e-36  4.68366e-39  9.14772e-36  3.41248e-39  8.7368e-36 
6.25  8.51302e-39  1.81051e-36  7.34326e-39  1.78189e-36  8.44039e-39  1.86187e-36  7.2137e-39  1.76073e-36  4.6168e-39  1.03964e-35  3.52365e-39  9.42045e-36 
6.35  8.4951e-39  2.00133e-36  7.28459e-39  1.77334e-36  8.42657e-39  1.9893e-36  7.2063e-39  1.86274e-36  4.83501e-39  1.1134e-35  3.47487e-39  9.44862e-36 
6.45  8.4194e-39  1.99951e-36  7.33872e-39  1.90171e-36  8.47284e-39  1.9211e-36  7.28675e-39  1.82466e-36  4.87302e-39  1.24823e-35  3.78443e-39  1.07526e-35 
6.55  8.33498e-39  1.93291e-36  7.31082e-39  1.90719e-36  8.37698e-39  1.96631e-36  7.27682e-39  1.84336e-36  4.82067e-39  1.3376e-35  3.5274e-39  1.13866e-35 
6.65  8.3558e-39  2.0203e-36  7.43048e-39  2.0063e-36  8.39377e-39  1.99411e-36  7.34661e-39  1.83366e-36  4.8437e-39  1.3328e-35  3.68537e-39  1.15669e-35 
6.75  8.21867e-39  1.96949e-36  7.34543e-39  1.93162e-36  8.32138e-39  2.10241e-36  7.3093e-39  1.9119e-36  5.0322e-39  1.33157e-35  4.09028e-39  1.26752e-35 
6.85  8.29026e-39  2.09515e-36  7.47257e-39  2.07437e-36  8.39826e-39  2.03059e-36  7.53304e-39  1.85681e-36  5.33274e-39  1.57068e-35  3.69293e-39  1.41602e-35 
6.95  8.40846e-39  2.05501e-36  7.37794e-39  1.99384e-36  8.28113e-39  2.11997e-36  7.39645e-39  1.99381e-36  5.18846e-39  1.59514e-35  4.01701e-39  1.4787e-35 
7.05  8.2454e-39  1.95471e-36  7.4669e-39  1.96633e-36  8.29347e-39  2.09671e-36  7.48077e-39  2.02923e-36  4.90982e-39  1.49577e-35  4.14026e-39  1.6896e-35 
7.15  8.4628e-39  2.14099e-36  7.40082e-39  2.01291e-36  8.28058e-39  2.12124e-36  7.5598e-39  2.14243e-36  5.65027e-39  1.7906e-35  4.17464e-39  1.62489e-35 
7.25  8.2814e-39  2.12823e-36  7.40112e-39  2.15085e-36  8.38962e-39  2.07792e-36  7.5763e-39  2.16172e-36  5.45253e-39  1.8391e-35  4.42363e-39  1.81476e-35 
7.35  8.23995e-39  2.31196e-36  7.48849e-39  2.13783e-36  8.30028e-39  2.17955e-36  7.48609e-39  2.24951e-36  5.32917e-39  1.89684e-35  4.21562e-39  1.96442e-35 
7.45  8.3267e-39  2.30704e-36  7.56277e-39  2.04042e-36  8.23379e-39  2.23632e-36  7.55915e-39  2.04308e-36  5.73666e-39  2.07018e-35  4.2941e-39  2.07969e-35 
7.55  8.32494e-39  2.2893e-36  7.42102e-39  2.15621e-36  8.23847e-39  2.26474e-36  7.51746e-39  2.25977e-36  5.7805e-39  2.08181e-35  4.35518e-39  1.79436e-35 
7.65  8.42702e-39  2.30238e-36  7.45737e-39  2.11822e-36  8.41142e-39  2.259e-36  7.47866e-39  2.23802e-36  5.51145e-39  2.34209e-35  4.66098e-39  2.24282e-35 
7.75  8.30114e-39  2.40385e-36  7.59628e-39  2.38689e-36  8.20326e-39  2.25125e-36  7.5291e-39  2.19881e-36  5.62695e-39  2.42603e-35  4.61528e-39  2.01631e-35 
7.85  8.31807e-39  2.30295e-36  7.57306e-39  2.22147e-36  8.29612e-39  2.38619e-36  7.58834e-39  2.40542e-36  5.36116e-39  2.02676e-35  4.51081e-39  2.33618e-35 
7.95  8.26703e-39  2.39172e-36  7.50702e-39  2.35451e-36  8.22742e-39  2.39149e-36  7.53562e-39  2.37346e-36  5.97579e-39  2.5625e-35  4.60768e-39  2.33738e-35 
8.05  8.38795e-39  2.37116e-36  7.56032e-39  2.37297e-36  8.27803e-39  2.42282e-36  7.57059e-39  2.27954e-36  5.65005e-39  2.8644e-35  4.74661e-39  2.53907e-35 
8.15  8.36039e-39  2.38341e-36  7.62554e-39  2.54954e-36  8.29475e-39  2.45186e-36  7.57251e-39  2.36199e-36  5.47644e-39  2.55242e-35  4.98621e-39  2.39706e-35 
8.25  8.30725e-39  2.44064e-36  7.60081e-39  2.3258e-36  8.31346e-39  2.43376e-36  7.59212e-39  2.40191e-36  5.70035e-39  3.22198e-35  4.54577e-39  2.40803e-35 
8.35  8.33276e-39  2.56795e-36  7.56589e-39  2.39589e-36  8.22142e-39  2.36343e-36  7.65533e-39  2.27584e-36  5.76697e-39  3.13912e-35  4.93644e-39  2.7798e-35 
8.45  8.28525e-39  2.40293e-36  7.68754e-39  2.32308e-36  8.21302e-39  2.63595e-36  7.73654e-39  2.59693e-36  5.49072e-39  2.66397e-35  4.89757e-39  2.90912e-35 
8.55  8.35206e-39  2.52979e-36  7.55599e-39  2.48253e-36  8.47547e-39  2.62183e-36  7.57893e-39  2.54293e-36  6.14639e-39  3.46233e-35  4.91753e-39  3.2059e-35 
8.65  8.20188e-39  2.57541e-36  7.67664e-39  2.54704e-36  8.36826e-39  2.72954e-36  7.59242e-39  2.58454e-36  5.99179e-39  3.06199e-35  4.6912e-39  3.22732e-35 
8.75  8.09648e-39  2.43375e-36  7.76944e-39  2.60925e-36  8.31424e-39  2.66619e-36  7.81651e-39  2.6412e-36  6.24303e-39  4.09669e-35  5.0045e-39  3.13869e-35 
8.85  8.21166e-39  2.62633e-36  7.73719e-39  2.66299e-36  8.26358e-39  2.59437e-36  7.59514e-39  2.50116e-36  5.77605e-39  3.22981e-35  5.05368e-39  3.62551e-35 
8.95  8.22867e-39  2.63131e-36  7.57903e-39  2.74749e-36  8.19785e-39  2.58039e-36  7.63994e-39  2.70619e-36  5.69848e-39  3.99603e-35  4.91992e-39  3.63787e-35 
9.05  8.33311e-39  2.68679e-36  7.74012e-39  2.49613e-36  8.24838e-39  2.86931e-36  7.76109e-39  2.71413e-36  6.0278e-39  3.60711e-35  5.3611e-39  3.29258e-35 
9.15  8.32681e-39  2.70221e-36  7.70797e-39  2.67997e-36  8.081e-39  2.77506e-36  7.67713e-39  2.646e-36  5.87974e-39  3.35908e-35  5.34508e-39  4.00345e-35 
9.25  8.18784e-39  2.85361e-36  7.77617e-39  2.87336e-36  8.20599e-39  2.72151e-36  7.7095e-39  2.71864e-36  5.74295e-39  2.83782e-35  5.60647e-39  3.78898e-35 
9.35  8.23848e-39  2.78878e-36  7.57453e-39  2.70695e-36  8.35677e-39  2.79376e-36  7.75399e-39  2.91069e-36  5.78347e-39  4.0391e-35  4.93212e-39  3.88338e-35 
9.45  8.11509e-39  2.9613e-36  7.75693e-39  2.92121e-36  8.2639e-39  2.8205e-36  7.75257e-39  2.84871e-36  5.99605e-39  4.40266e-35  5.36407e-39  4.25158e-35 
9.55  8.22061e-39  2.88434e-36  7.79313e-39  2.89172e-36  8.10035e-39  2.85818e-36  7.85465e-39  2.86669e-36  6.86396e-39  4.01936e-35  5.44322e-39  4.86327e-35 
9.65  8.2036e-39  2.9624e-36  7.88373e-39  2.98405e-36  8.25719e-39  2.91074e-36  7.76661e-39  2.81467e-36  5.95473e-39  4.24169e-35  5.46713e-39  4.64711e-35 
9.75  8.31277e-39  2.80869e-36  7.8149e-39  2.76334e-36  8.20388e-39  2.831e-36  7.75568e-39  2.81135e-36  6.4212e-39  5.47016e-35  5.48303e-39  4.95254e-35 
9.85  8.25977e-39  2.86708e-36  7.70279e-39  2.96991e-36  8.32634e-39  2.9217e-36  7.88012e-39  2.9139e-36  6.23506e-39  4.77173e-35  5.59375e-39  5.70164e-35 
9.95  8.29267e-39  2.9461e-36  7.91632e-39  2.97681e-36  8.11729e-39  2.99925e-36  7.82562e-39  2.98605e-36  6.7109e-39  4.59519e-35  5.43871e-39  5.95588e-35 
10.05  8.20286e-39  2.99097e-36  7.72011e-39  2.83074e-36  8.16887e-39  2.85873e-36  7.86556e-39  2.96732e-36  6.0505e-39  4.48028e-35  5.86411e-39  5.86554e-35 
10.15  8.25094e-39  2.99706e-36  7.80782e-39  3.16285e-36  8.19682e-39  3.06793e-36  7.79352e-39  3.10966e-36  5.7252e-39  6.01368e-35  5.82326e-39  5.74293e-35 
10.25  8.26652e-39  3.12569e-36  7.80138e-39  3.06237e-36  8.25365e-39  3.13984e-36  7.92668e-39  2.85125e-36  6.30269e-39  5.24451e-35  5.19699e-39  5.55065e-35 
10.35  8.23284e-39  2.99494e-36  7.7287e-39  2.96557e-36  8.18972e-39  2.91555e-36  7.85591e-39  3.2248e-36  6.18789e-39  6.31537e-35  5.32382e-39  5.5602e-35 
#
