  103     1.03  0.195   0.205   0.215   0.225   0.235   0.245   0.255   0.265   0.275
   12     0.025 0.00000 0.00000 0.00000 0.00000 0.00000 0.00000 0.00000 0.00000 0.00000
   12     0.075 0.00620 0.00516 0.00425 0.00346 0.00279 0.00221 0.00171 0.00130 0.00096
   12     0.125 0.04339 0.03830 0.03369 0.02954 0.02579 0.02243 0.01941 0.01671 0.01429
   12     0.175 0.12977 0.11854 0.10786 0.09776 0.08832 0.07955 0.07141 0.06391 0.05701
   12     0.225 0.24867 0.23539 0.22143 0.20695 0.19236 0.17799 0.16404 0.15066 0.13791
   12     0.275 0.36784 0.35497 0.34144 0.32727 0.31253 0.29723 0.28135 0.26494 0.24829
   12     0.325 0.47835 0.46588 0.45275 0.43910 0.42487 0.41004 0.39475 0.37893 0.36259
   12     0.375 0.57659 0.56444 0.55183 0.53859 0.52487 0.51059 0.49583 0.48060 0.46487
   12     0.425 0.66131 0.64961 0.63742 0.62460 0.61142 0.59762 0.58344 0.56874 0.55363
   12     0.475 0.73297 0.72171 0.70986 0.69759 0.68482 0.67149 0.65785 0.64372 0.62911
   12     0.525 0.79272 0.78175 0.77046 0.75851 0.74616 0.73340 0.72022 0.70654 0.69255
   12     0.575 0.84203 0.83137 0.82043 0.80899 0.79705 0.78466 0.77192 0.75884 0.74533
   12     0.625 0.88238 0.87207 0.86148 0.85040 0.83889 0.82696 0.81460 0.80184 0.78889
   12     0.675 0.91519 0.90531 0.89499 0.88424 0.87310 0.86157 0.84962 0.83731 0.82468
   12     0.725 0.94181 0.93220 0.92221 0.91177 0.90097 0.88972 0.87819 0.86630 0.85403
   12     0.775 0.96342 0.95401 0.94422 0.93407 0.92356 0.91266 0.90145 0.88984 0.87801
   12     0.825 0.98057 0.97139 0.96191 0.95196 0.94169 0.93112 0.92022 0.90899 0.89747
   12     0.875 0.99428 0.98534 0.97609 0.96642 0.95645 0.94613 0.93544 0.92451 0.91328
   12     0.925 1.00515 0.99642 0.98738 0.97798 0.96827 0.95816 0.94777 0.93711 0.92614
   12     0.975 1.01364 1.00510 0.99617 0.98693 0.97742 0.96760 0.95748 0.94711 0.93643
   12     1.025 1.02032 1.01194 1.00325 0.99426 0.98491 0.97520 0.96525 0.95499 0.94448
   12     1.075 1.02541 1.01717 1.00857 0.99962 0.99052 0.98113 0.97142 0.96142 0.95117
   12     1.125 1.02906 1.02107 1.01269 1.00398 0.99502 0.98570 0.97605 0.96614 0.95620
   12     1.175 1.03195 1.02397 1.01570 1.00706 0.99808 0.98902 0.97969 0.97010 0.96020
   12     1.225 1.03378 1.02585 1.01767 1.00932 1.00063 0.99163 0.98236 0.97275 0.96309
   12     1.275 1.03481 1.02716 1.01918 1.01083 1.00216 0.99323 0.98422 0.97495 0.96541
   12     1.325 1.03557 1.02791 1.01990 1.01154 1.00320 0.99453 0.98559 0.97630 0.96675
   12     1.375 1.03557 1.02797 1.02018 1.01217 1.00384 0.99514 0.98608 0.97712 0.96790
   12     1.425 1.03522 1.02790 1.02021 1.01213 1.00373 0.99521 0.98660 0.97767 0.96841
   12     1.475 1.03484 1.02753 1.01974 1.01166 1.00355 0.99526 0.98657 0.97753 0.96858
   12     1.525 1.03402 1.02657 1.01882 1.01116 1.00315 0.99479 0.98602 0.97744 0.96853
   12     1.575 1.03290 1.02549 1.01815 1.01045 1.00238 0.99391 0.98561 0.97696 0.96797
   12     1.625 1.03161 1.02457 1.01724 1.00942 1.00129 0.99329 0.98494 0.97622 0.96751
   12     1.675 1.03033 1.02338 1.01583 1.00799 1.00034 0.99230 0.98383 0.97537 0.96676
   12     1.725 1.02908 1.02191 1.01439 1.00697 0.99925 0.99110 0.98283 0.97453 0.96582
   12     1.775 1.02755 1.02045 1.01312 1.00576 0.99792 0.98984 0.98181 0.97340 0.96467
   12     1.825 1.02593 1.01879 1.01173 1.00420 0.99630 0.98869 0.98056 0.97202 0.96369
   12     1.875 1.02432 1.01750 1.01023 1.00250 0.99517 0.98746 0.97920 0.97094 0.96253
   12     1.925 1.02278 1.01620 1.00848 1.00098 0.99391 0.98615 0.97786 0.96955 0.96118
   12     1.975 1.02150 1.01455 1.00669 0.99954 0.99249 0.98444 0.97648 0.96821 0.95984
   12     2.025 1.01962 1.01267 1.00525 0.99823 0.99077 0.98304 0.97517 0.96691 0.95879
   12     2.075 1.01762 1.01069 1.00406 0.99691 0.98887 0.98165 0.97382 0.96566 0.95757
   12     2.125 1.01592 1.00891 1.00270 0.99533 0.98766 0.97997 0.97223 0.96446 0.95618
   12     2.175 1.01440 1.00769 1.00098 0.99349 0.98618 0.97870 0.97069 0.96304 0.95481
   12     2.225 1.01259 1.00654 0.99915 0.99182 0.98490 0.97715 0.96950 0.96158 0.95347
   12     2.275 1.01101 1.00480 0.99762 0.99042 0.98339 0.97579 0.96822 0.96005 0.95209
   12     2.325 1.00967 1.00304 0.99585 0.98932 0.98185 0.97422 0.96675 0.95869 0.95095
   12     2.375 1.00851 1.00141 0.99442 0.98792 0.98020 0.97295 0.96513 0.95756 0.94963
   12     2.425 1.00668 0.99998 0.99322 0.98621 0.97873 0.97158 0.96380 0.95625 0.94834
   12     2.475 1.00521 0.99800 0.99209 0.98460 0.97746 0.97021 0.96259 0.95494 0.94671
   12     2.525 1.00364 0.99683 0.99032 0.98304 0.97612 0.96889 0.96122 0.95367 0.94564
   12     2.575 1.00194 0.99569 0.98897 0.98164 0.97498 0.96718 0.95995 0.95215 0.94465
   12     2.625 1.00023 0.99441 0.98752 0.98059 0.97360 0.96604 0.95875 0.95084 0.94329
   12     2.675 0.99898 0.99305 0.98596 0.97933 0.97222 0.96473 0.95756 0.94981 0.94214
   12     2.725 0.99785 0.99175 0.98447 0.97805 0.97066 0.96366 0.95619 0.94861 0.94086
   12     2.775 0.99674 0.99033 0.98336 0.97690 0.96927 0.96254 0.95486 0.94740 0.93958
   12     2.825 0.99554 0.98872 0.98207 0.97560 0.96824 0.96123 0.95364 0.94632 0.93831
   12     2.875 0.99420 0.98729 0.98110 0.97419 0.96716 0.96005 0.95248 0.94516 0.93744
   12     2.925 0.99286 0.98576 0.98020 0.97286 0.96597 0.95871 0.95155 0.94398 0.93631
   12     2.975 0.99154 0.98471 0.97895 0.97158 0.96485 0.95736 0.95051 0.94286 0.93522
   12     3.025 0.99015 0.98383 0.97769 0.97032 0.96384 0.95626 0.94936 0.94153 0.93423
   12     3.075 0.98901 0.98289 0.97630 0.96926 0.96268 0.95542 0.94813 0.94059 0.93322
   12     3.125 0.98788 0.98200 0.97488 0.96844 0.96166 0.95433 0.94718 0.93963 0.93219
   12     3.175 0.98653 0.98101 0.97376 0.96742 0.96037 0.95337 0.94603 0.93873 0.93112
   12     3.225 0.98544 0.97982 0.97248 0.96646 0.95899 0.95236 0.94487 0.93773 0.92997
   12     3.275 0.98457 0.97856 0.97146 0.96550 0.95800 0.95134 0.94388 0.93688 0.92900
   12     3.325 0.98340 0.97739 0.97070 0.96442 0.95705 0.95049 0.94304 0.93584 0.92827
   12     3.375 0.98265 0.97626 0.97010 0.96336 0.95619 0.94958 0.94221 0.93480 0.92740
   12     3.425 0.98183 0.97514 0.96902 0.96227 0.95539 0.94839 0.94116 0.93379 0.92655
   12     3.475 0.98102 0.97408 0.96821 0.96091 0.95457 0.94735 0.94028 0.93271 0.92573
   12     3.525 0.97990 0.97302 0.96727 0.95979 0.95375 0.94622 0.93952 0.93201 0.92489
   12     3.575 0.97884 0.97203 0.96631 0.95898 0.95299 0.94532 0.93872 0.93129 0.92382
   12     3.625 0.97789 0.97148 0.96534 0.95824 0.95216 0.94461 0.93781 0.93050 0.92291
   12     3.675 0.97697 0.97055 0.96447 0.95760 0.95115 0.94377 0.93699 0.92963 0.92209
   12     3.725 0.97611 0.96983 0.96344 0.95688 0.95002 0.94303 0.93603 0.92879 0.92137
   12     3.775 0.97509 0.96898 0.96241 0.95628 0.94898 0.94234 0.93508 0.92794 0.92058
   12     3.825 0.97421 0.96816 0.96137 0.95543 0.94791 0.94182 0.93429 0.92718 0.91993
   12     3.875 0.97311 0.96761 0.96037 0.95472 0.94706 0.94111 0.93350 0.92640 0.91936
   12     3.925 0.97197 0.96704 0.95964 0.95401 0.94648 0.94034 0.93273 0.92567 0.91865
   12     3.975 0.97087 0.96624 0.95887 0.95334 0.94580 0.93958 0.93205 0.92504 0.91794
   12     4.025 0.97007 0.96563 0.95812 0.95255 0.94515 0.93858 0.93152 0.92433 0.91732
   12     4.075 0.96940 0.96495 0.95739 0.95164 0.94467 0.93773 0.93091 0.92333 0.91661
   12     4.125 0.96878 0.96417 0.95671 0.95078 0.94416 0.93683 0.93042 0.92244 0.91593
   12     4.175 0.96825 0.96337 0.95611 0.94997 0.94356 0.93599 0.92984 0.92169 0.91531
   12     4.225 0.96767 0.96250 0.95552 0.94913 0.94291 0.93527 0.92932 0.92091 0.91480
   12     4.275 0.96737 0.96145 0.95513 0.94812 0.94231 0.93442 0.92868 0.92034 0.91419
   12     4.325 0.96704 0.96025 0.95484 0.94736 0.94161 0.93384 0.92788 0.91996 0.91342
   12     4.375 0.96646 0.95904 0.95432 0.94677 0.94079 0.93354 0.92706 0.91964 0.91249
   12     4.425 0.96595 0.95852 0.95358 0.94632 0.93989 0.93329 0.92613 0.91925 0.91156
   12     4.475 0.96511 0.95819 0.95253 0.94595 0.93900 0.93293 0.92508 0.91871 0.91103
   12     4.525 0.96407 0.95795 0.95163 0.94552 0.93814 0.93228 0.92410 0.91819 0.91050
   12     4.575 0.96327 0.95745 0.95078 0.94489 0.93750 0.93171 0.92365 0.91779 0.90989
   12     4.625 0.96257 0.95672 0.95019 0.94449 0.93694 0.93111 0.92322 0.91718 0.90938
   12     4.675 0.96211 0.95646 0.94953 0.94409 0.93633 0.93048 0.92284 0.91651 0.90895
   12     4.725 0.96151 0.95617 0.94878 0.94350 0.93589 0.92981 0.92255 0.91583 0.90843
   12     4.775 0.96068 0.95567 0.94805 0.94291 0.93563 0.92923 0.92226 0.91516 0.90788
   12     4.825 0.96006 0.95530 0.94764 0.94227 0.93519 0.92862 0.92175 0.91450 0.90738
   12     4.875 0.95959 0.95469 0.94731 0.94161 0.93461 0.92828 0.92115 0.91379 0.90703
   12     4.925 0.95893 0.95402 0.94672 0.94106 0.93401 0.92777 0.92060 0.91330 0.90679
   12     4.975 0.95826 0.95356 0.94619 0.94054 0.93357 0.92688 0.92028 0.91260 0.90629
   12     5.025 0.95755 0.95295 0.94579 0.93984 0.93331 0.92579 0.91989 0.91209 0.90573
   12     5.075 0.95715 0.95202 0.94554 0.93879 0.93297 0.92507 0.91943 0.91181 0.90498
   12     5.125 0.95705 0.95106 0.94531 0.93800 0.93259 0.92488 0.91882 0.91167 0.90432
   12     5.175 0.95678 0.95034 0.94499 0.93761 0.93187 0.92468 0.91837 0.91130 0.90389
   12     5.225 0.95617 0.94994 0.94442 0.93723 0.93136 0.92423 0.91808 0.91071 0.90336
   12     5.275 0.95577 0.94957 0.94423 0.93664 0.93121 0.92368 0.91766 0.91018 0.90292
   12     5.325 0.95537 0.94892 0.94429 0.93607 0.93103 0.92319 0.91702 0.90980 0.90251
   12     5.375 0.95524 0.94817 0.94398 0.93564 0.93050 0.92294 0.91613 0.90944 0.90216
   12     5.425 0.95494 0.94777 0.94333 0.93547 0.92975 0.92267 0.91543 0.90903 0.90192
   12     5.475 0.95478 0.94749 0.94256 0.93528 0.92921 0.92230 0.91486 0.90856 0.90152
   12     5.525 0.95424 0.94701 0.94186 0.93494 0.92875 0.92181 0.91462 0.90821 0.90100
   12     5.575 0.95381 0.94668 0.94137 0.93458 0.92828 0.92150 0.91433 0.90782 0.90062
   12     5.625 0.95344 0.94614 0.94094 0.93431 0.92775 0.92124 0.91383 0.90747 0.90032
   12     5.675 0.95309 0.94567 0.94034 0.93411 0.92688 0.92097 0.91344 0.90703 0.89996
   12     5.725 0.95252 0.94551 0.93963 0.93395 0.92617 0.92062 0.91307 0.90657 0.89952
   12     5.775 0.95178 0.94522 0.93902 0.93360 0.92565 0.92026 0.91278 0.90619 0.89905
   12     5.825 0.95144 0.94505 0.93856 0.93302 0.92520 0.92002 0.91243 0.90568 0.89869
   12     5.875 0.95115 0.94483 0.93817 0.93274 0.92487 0.91988 0.91219 0.90511 0.89834
   12     5.925 0.95095 0.94455 0.93770 0.93232 0.92468 0.91955 0.91194 0.90470 0.89802
   12     5.975 0.95041 0.94430 0.93713 0.93204 0.92455 0.91889 0.91166 0.90450 0.89764
   12     6.025 0.94971 0.94403 0.93665 0.93166 0.92433 0.91814 0.91135 0.90424 0.89720
   12     6.075 0.94907 0.94373 0.93612 0.93121 0.92408 0.91748 0.91098 0.90387 0.89686
   12     6.125 0.94877 0.94346 0.93560 0.93078 0.92380 0.91691 0.91077 0.90354 0.89664
   12     6.175 0.94853 0.94324 0.93537 0.93046 0.92352 0.91636 0.91060 0.90330 0.89633
   12     6.225 0.94798 0.94300 0.93520 0.93000 0.92332 0.91577 0.91049 0.90302 0.89589
   12     6.275 0.94710 0.94299 0.93507 0.92936 0.92297 0.91543 0.91024 0.90263 0.89555
   12     6.325 0.94644 0.94254 0.93477 0.92875 0.92269 0.91518 0.91000 0.90232 0.89523
   12     6.375 0.94616 0.94195 0.93455 0.92849 0.92250 0.91489 0.90974 0.90200 0.89493
   12     6.425 0.94583 0.94132 0.93452 0.92820 0.92233 0.91476 0.90929 0.90170 0.89472
   12     6.475 0.94524 0.94075 0.93436 0.92774 0.92213 0.91457 0.90879 0.90148 0.89443
   12     6.525 0.94466 0.94039 0.93417 0.92720 0.92195 0.91433 0.90807 0.90132 0.89421
   12     6.575 0.94420 0.94000 0.93396 0.92690 0.92169 0.91407 0.90744 0.90109 0.89378
   12     6.625 0.94391 0.93944 0.93392 0.92654 0.92128 0.91395 0.90696 0.90086 0.89339
   12     6.675 0.94352 0.93905 0.93371 0.92591 0.92106 0.91370 0.90644 0.90067 0.89302
   12     6.725 0.94330 0.93872 0.93348 0.92557 0.92094 0.91330 0.90590 0.90054 0.89263
   12     6.775 0.94313 0.93827 0.93338 0.92522 0.92057 0.91303 0.90556 0.90039 0.89222
   12     6.825 0.94302 0.93772 0.93325 0.92478 0.92026 0.91282 0.90540 0.90011 0.89195
   12     6.875 0.94285 0.93744 0.93306 0.92436 0.91996 0.91264 0.90510 0.89977 0.89160
   12     6.925 0.94280 0.93721 0.93278 0.92409 0.91975 0.91249 0.90501 0.89956 0.89131
   12     6.975 0.94275 0.93668 0.93256 0.92369 0.91956 0.91223 0.90492 0.89919 0.89106
   12     7.025 0.94261 0.93642 0.93251 0.92328 0.91925 0.91204 0.90486 0.89882 0.89095
   12     7.075 0.94249 0.93601 0.93212 0.92280 0.91891 0.91170 0.90481 0.89854 0.89079
   12     7.125 0.94239 0.93543 0.93178 0.92229 0.91845 0.91131 0.90488 0.89807 0.89057
   12     7.175 0.94224 0.93497 0.93145 0.92201 0.91806 0.91093 0.90491 0.89757 0.89039
   12     7.225 0.94192 0.93479 0.93113 0.92179 0.91777 0.91053 0.90478 0.89707 0.89021
   12     7.275 0.94140 0.93465 0.93076 0.92161 0.91744 0.91008 0.90461 0.89646 0.88996
   12     7.325 0.94100 0.93466 0.93045 0.92151 0.91736 0.90987 0.90444 0.89615 0.88972
   12     7.375 0.94049 0.93465 0.93015 0.92135 0.91719 0.90991 0.90412 0.89581 0.88951
   12     7.425 0.93984 0.93462 0.92967 0.92134 0.91696 0.90976 0.90386 0.89570 0.88927
   12     7.475 0.93963 0.93458 0.92920 0.92137 0.91656 0.90960 0.90362 0.89563 0.88905
   12     7.525 0.93983 0.93443 0.92874 0.92144 0.91611 0.90933 0.90339 0.89563 0.88874
   12     7.575 0.93988 0.93431 0.92822 0.92137 0.91569 0.90903 0.90308 0.89566 0.88844
   12     7.625 0.94016 0.93423 0.92787 0.92147 0.91527 0.90869 0.90277 0.89565 0.88805
   12     7.675 0.94044 0.93410 0.92764 0.92145 0.91506 0.90827 0.90238 0.89555 0.88763
   12     7.725 0.94052 0.93392 0.92733 0.92142 0.91489 0.90786 0.90217 0.89543 0.88727
   12     7.775 0.94046 0.93368 0.92678 0.92129 0.91474 0.90740 0.90192 0.89534 0.88685
   12     7.825 0.94027 0.93328 0.92638 0.92103 0.91448 0.90704 0.90166 0.89522 0.88656
   12     7.875 0.93989 0.93309 0.92611 0.92061 0.91436 0.90672 0.90141 0.89504 0.88654
   12     7.925 0.93934 0.93300 0.92583 0.92015 0.91417 0.90656 0.90108 0.89479 0.88655
   12     7.975 0.93865 0.93302 0.92545 0.91994 0.91394 0.90648 0.90076 0.89456 0.88661
   12     8.025 0.93825 0.93297 0.92535 0.91991 0.91362 0.90652 0.90044 0.89436 0.88666
   12     8.075 0.93780 0.93277 0.92525 0.91978 0.91324 0.90659 0.90027 0.89417 0.88662
   12     8.125 0.93747 0.93269 0.92508 0.91975 0.91279 0.90664 0.90012 0.89401 0.88636
   12     8.175 0.93717 0.93245 0.92486 0.91972 0.91247 0.90652 0.89979 0.89388 0.88607
   12     8.225 0.93680 0.93250 0.92465 0.91960 0.91244 0.90643 0.89940 0.89368 0.88582
   12     8.275 0.93638 0.93270 0.92431 0.91943 0.91255 0.90621 0.89904 0.89344 0.88558
   12     8.325 0.93598 0.93268 0.92402 0.91921 0.91264 0.90581 0.89867 0.89313 0.88549
   12     8.375 0.93545 0.93234 0.92382 0.91902 0.91272 0.90552 0.89827 0.89291 0.88552
   12     8.425 0.93500 0.93196 0.92385 0.91855 0.91281 0.90528 0.89780 0.89266 0.88555
   12     8.475 0.93437 0.93170 0.92410 0.91807 0.91283 0.90502 0.89732 0.89226 0.88556
   12     8.525 0.93369 0.93140 0.92429 0.91751 0.91269 0.90488 0.89709 0.89188 0.88551
   12     8.575 0.93315 0.93100 0.92443 0.91712 0.91238 0.90476 0.89717 0.89152 0.88533
   12     8.625 0.93289 0.93058 0.92445 0.91680 0.91212 0.90475 0.89729 0.89111 0.88511
   12     8.675 0.93288 0.93000 0.92441 0.91650 0.91161 0.90467 0.89744 0.89078 0.88486
   12     8.725 0.93291 0.92928 0.92437 0.91625 0.91123 0.90452 0.89757 0.89060 0.88459
   12     8.775 0.93298 0.92884 0.92434 0.91606 0.91103 0.90430 0.89766 0.89056 0.88428
   12     8.825 0.93294 0.92862 0.92431 0.91589 0.91089 0.90405 0.89770 0.89046 0.88398
   12     8.875 0.93279 0.92844 0.92406 0.91566 0.91067 0.90389 0.89769 0.89042 0.88383
   12     8.925 0.93259 0.92827 0.92393 0.91542 0.91053 0.90386 0.89749 0.89027 0.88368
   12     8.975 0.93246 0.92811 0.92394 0.91525 0.91032 0.90389 0.89719 0.89002 0.88345
   12     9.025 0.93226 0.92792 0.92400 0.91511 0.91022 0.90386 0.89686 0.88973 0.88321
   12     9.075 0.93195 0.92748 0.92406 0.91505 0.90997 0.90372 0.89665 0.88937 0.88297
   12     9.125 0.93183 0.92686 0.92387 0.91510 0.90964 0.90360 0.89640 0.88901 0.88270
   12     9.175 0.93201 0.92609 0.92363 0.91518 0.90934 0.90356 0.89620 0.88870 0.88241
   12     9.225 0.93227 0.92536 0.92340 0.91525 0.90905 0.90355 0.89604 0.88853 0.88213
   12     9.275 0.93237 0.92494 0.92297 0.91533 0.90877 0.90353 0.89597 0.88846 0.88183
   12     9.325 0.93256 0.92471 0.92244 0.91531 0.90856 0.90341 0.89584 0.88839 0.88164
   12     9.375 0.93270 0.92459 0.92188 0.91507 0.90826 0.90337 0.89574 0.88838 0.88150
   12     9.425 0.93270 0.92464 0.92155 0.91481 0.90779 0.90340 0.89560 0.88834 0.88142
   12     9.475 0.93253 0.92457 0.92138 0.91475 0.90732 0.90346 0.89547 0.88826 0.88138
   12     9.525 0.93225 0.92459 0.92119 0.91465 0.90705 0.90343 0.89533 0.88815 0.88131
   12     9.575 0.93201 0.92453 0.92108 0.91463 0.90681 0.90329 0.89517 0.88812 0.88128
   12     9.625 0.93212 0.92430 0.92088 0.91470 0.90650 0.90315 0.89503 0.88810 0.88122
   12     9.675 0.93240 0.92401 0.92059 0.91470 0.90619 0.90303 0.89501 0.88811 0.88115
   12     9.725 0.93262 0.92364 0.92032 0.91469 0.90603 0.90279 0.89496 0.88806 0.88086
   12     9.775 0.93276 0.92335 0.92009 0.91458 0.90589 0.90231 0.89495 0.88798 0.88044
   12     9.825 0.93295 0.92318 0.91976 0.91435 0.90583 0.90177 0.89494 0.88791 0.88018
   12     9.875 0.93298 0.92306 0.91936 0.91414 0.90575 0.90130 0.89492 0.88783 0.87997
   12     9.925 0.93280 0.92301 0.91917 0.91402 0.90581 0.90099 0.89484 0.88769 0.87985
   12     9.975 0.93250 0.92301 0.91894 0.91386 0.90577 0.90065 0.89479 0.88761 0.87983
   12    11.000 0.93230 0.92552 0.91221 0.91257 0.90512 0.89484 0.89204 0.88575 0.87761
   12    12.000 0.92528 0.92257 0.91632 0.90656 0.90328 0.89555 0.88848 0.88107 0.87570
   12    13.000 0.92331 0.91673 0.91438 0.90845 0.89833 0.89498 0.88884 0.87907 0.87307
   12    14.000 0.92123 0.91315 0.90812 0.90652 0.90047 0.89057 0.88744 0.88116 0.87229
   12    15.000 0.92172 0.91331 0.90256 0.90324 0.90017 0.89041 0.88242 0.88174 0.87364
   12    16.000 0.92388 0.91067 0.90190 0.89873 0.89644 0.88736 0.88208 0.87877 0.87236
   12    17.000 0.91732 0.91265 0.90350 0.89678 0.89206 0.88627 0.88207 0.87282 0.86921
   12    18.000 0.91369 0.91353 0.90664 0.89751 0.88776 0.88438 0.87986 0.87296 0.86537
   12    19.000 0.91742 0.90798 0.90981 0.89771 0.88842 0.88078 0.87873 0.87183 0.86343
   12    20.000 0.91683 0.90551 0.90886 0.90449 0.89117 0.87650 0.87810 0.87304 0.86508
  -12     0.025 0.00000 0.00000 0.00000 0.00000 0.00000 0.00000 0.00000 0.00000 0.00000
  -12     0.075 0.00363 0.00307 0.00257 0.00213 0.00174 0.00140 0.00111 0.00085 0.00064
  -12     0.125 0.01730 0.01550 0.01385 0.01235 0.01097 0.00971 0.00855 0.00750 0.00654
  -12     0.175 0.03810 0.03511 0.03230 0.02965 0.02716 0.02484 0.02266 0.02063 0.01874
  -12     0.225 0.06067 0.05703 0.05348 0.05005 0.04674 0.04357 0.04054 0.03767 0.03493
  -12     0.275 0.08281 0.07877 0.07479 0.07088 0.06708 0.06338 0.05979 0.05631 0.05294
  -12     0.325 0.10461 0.10028 0.09595 0.09170 0.08752 0.08339 0.07938 0.07547 0.07164
  -12     0.375 0.12624 0.12161 0.11706 0.11250 0.10801 0.10356 0.09919 0.09491 0.09070
  -12     0.425 0.14760 0.14280 0.13803 0.13320 0.12849 0.12374 0.11910 0.11450 0.10998
  -12     0.475 0.16867 0.16373 0.15872 0.15376 0.14879 0.14380 0.13893 0.13408 0.12925
  -12     0.525 0.18932 0.18418 0.17914 0.17392 0.16877 0.16363 0.15854 0.15342 0.14840
  -12     0.575 0.20945 0.20416 0.19897 0.19369 0.18836 0.18302 0.17773 0.17250 0.16726
  -12     0.625 0.22895 0.22359 0.21827 0.21287 0.20744 0.20197 0.19650 0.19101 0.18567
  -12     0.675 0.24778 0.24241 0.23696 0.23144 0.22590 0.22032 0.21473 0.20912 0.20356
  -12     0.725 0.26598 0.26052 0.25501 0.24939 0.24375 0.23803 0.23234 0.22663 0.22091
  -12     0.775 0.28354 0.27798 0.27235 0.26666 0.26092 0.25512 0.24932 0.24348 0.23768
  -12     0.825 0.30026 0.29464 0.28899 0.28320 0.27737 0.27151 0.26562 0.25970 0.25379
  -12     0.875 0.31634 0.31070 0.30498 0.29913 0.29326 0.28732 0.28132 0.27533 0.26932
  -12     0.925 0.33175 0.32607 0.32030 0.31444 0.30853 0.30250 0.29645 0.29040 0.28429
  -12     0.975 0.34647 0.34076 0.33489 0.32895 0.32298 0.31694 0.31087 0.30477 0.29862
  -12     1.025 0.36062 0.35488 0.34902 0.34310 0.33705 0.33091 0.32474 0.31850 0.31225
  -12     1.075 0.37413 0.36834 0.36243 0.35637 0.35034 0.34425 0.33807 0.33182 0.32554
  -12     1.125 0.38697 0.38124 0.37534 0.36934 0.36326 0.35704 0.35073 0.34437 0.33814
  -12     1.175 0.39949 0.39367 0.38771 0.38161 0.37539 0.36923 0.36299 0.35670 0.35032
  -12     1.225 0.41132 0.40541 0.39944 0.39344 0.38730 0.38105 0.37470 0.36823 0.36187
  -12     1.275 0.42259 0.41682 0.41088 0.40477 0.39850 0.39215 0.38589 0.37954 0.37312
  -12     1.325 0.43364 0.42776 0.42169 0.41543 0.40933 0.40310 0.39675 0.39026 0.38369
  -12     1.375 0.44399 0.43805 0.43206 0.42604 0.41984 0.41346 0.40691 0.40055 0.39410
  -12     1.425 0.45393 0.44815 0.44219 0.43600 0.42965 0.42331 0.41700 0.41054 0.40394
  -12     1.475 0.46372 0.45789 0.45177 0.44548 0.43927 0.43301 0.42654 0.41991 0.41345
  -12     1.525 0.47296 0.46697 0.46078 0.45476 0.44857 0.44216 0.43556 0.42919 0.42266
  -12     1.575 0.48180 0.47574 0.46983 0.46373 0.45739 0.45085 0.44450 0.43798 0.43128
  -12     1.625 0.49025 0.48445 0.47852 0.47223 0.46576 0.45951 0.45306 0.44641 0.43985
  -12     1.675 0.49850 0.49274 0.48657 0.48017 0.47405 0.46770 0.46109 0.45457 0.44801
  -12     1.725 0.50659 0.50058 0.49435 0.48826 0.48204 0.47553 0.46900 0.46252 0.45581
  -12     1.775 0.51419 0.50817 0.50206 0.49600 0.48961 0.48307 0.47668 0.47006 0.46327
  -12     1.825 0.52146 0.51540 0.50949 0.50320 0.49667 0.49051 0.48400 0.47719 0.47065
  -12     1.875 0.52853 0.52274 0.51656 0.51003 0.50399 0.49771 0.49099 0.48435 0.47769
  -12     1.925 0.53547 0.52982 0.52320 0.51686 0.51099 0.50458 0.49778 0.49107 0.48437
  -12     1.975 0.54239 0.53634 0.52959 0.52354 0.51762 0.51091 0.50435 0.49761 0.49088
  -12     2.025 0.54859 0.54247 0.53605 0.53011 0.52381 0.51729 0.51076 0.50401 0.49745
  -12     2.075 0.55446 0.54829 0.54256 0.53646 0.52962 0.52349 0.51697 0.51024 0.50363
  -12     2.125 0.56034 0.55416 0.54876 0.54234 0.53579 0.52930 0.52278 0.51630 0.50950
  -12     2.175 0.56613 0.56028 0.55441 0.54782 0.54155 0.53519 0.52846 0.52203 0.51519
  -12     2.225 0.57157 0.56619 0.55974 0.55331 0.54729 0.54068 0.53420 0.52753 0.52073
  -12     2.275 0.57702 0.57150 0.56506 0.55881 0.55273 0.54611 0.53967 0.53277 0.52612
  -12     2.325 0.58250 0.57654 0.57011 0.56436 0.55787 0.55128 0.54482 0.53798 0.53146
  -12     2.375 0.58783 0.58151 0.57528 0.56953 0.56272 0.55644 0.54973 0.54321 0.53651
  -12     2.425 0.59258 0.58641 0.58046 0.57425 0.56763 0.56135 0.55466 0.54818 0.54141
  -12     2.475 0.59733 0.59083 0.58546 0.57882 0.57252 0.56617 0.55951 0.55293 0.54590
  -12     2.525 0.60185 0.59567 0.58989 0.58328 0.57718 0.57084 0.56414 0.55756 0.55067
  -12     2.575 0.60613 0.60042 0.59437 0.58782 0.58185 0.57497 0.56864 0.56187 0.55536
  -12     2.625 0.61025 0.60493 0.59865 0.59241 0.58624 0.57945 0.57307 0.56617 0.55965
  -12     2.675 0.61456 0.60921 0.60274 0.59672 0.59037 0.58374 0.57735 0.57059 0.56391
  -12     2.725 0.61897 0.61332 0.60670 0.60092 0.59424 0.58799 0.58142 0.57471 0.56795
  -12     2.775 0.62317 0.61727 0.61085 0.60503 0.59815 0.59210 0.58529 0.57872 0.57186
  -12     2.825 0.62715 0.62087 0.61479 0.60888 0.60221 0.59596 0.58916 0.58267 0.57566
  -12     2.875 0.63093 0.62447 0.61883 0.61253 0.60612 0.59974 0.59298 0.58647 0.57966
  -12     2.925 0.63452 0.62794 0.62280 0.61610 0.60984 0.60328 0.59685 0.59013 0.58333
  -12     2.975 0.63799 0.63166 0.62638 0.61957 0.61348 0.60669 0.60052 0.59370 0.58693
  -12     3.025 0.64136 0.63542 0.62977 0.62302 0.61709 0.61021 0.60400 0.59700 0.59047
  -12     3.075 0.64476 0.63910 0.63295 0.62648 0.62050 0.61383 0.60729 0.60052 0.59393
  -12     3.125 0.64809 0.64263 0.63604 0.63004 0.62385 0.61719 0.61068 0.60391 0.59725
  -12     3.175 0.65117 0.64598 0.63921 0.63339 0.62688 0.62049 0.61386 0.60723 0.60044
  -12     3.225 0.65430 0.64906 0.64218 0.63664 0.62976 0.62367 0.61687 0.61044 0.60343
  -12     3.275 0.65755 0.65195 0.64533 0.63978 0.63285 0.62678 0.61996 0.61359 0.60655
  -12     3.325 0.66052 0.65482 0.64857 0.64276 0.63591 0.62991 0.62309 0.61655 0.60972
  -12     3.375 0.66365 0.65766 0.65185 0.64561 0.63898 0.63288 0.62613 0.61941 0.61270
  -12     3.425 0.66673 0.66040 0.65470 0.64835 0.64198 0.63557 0.62890 0.62220 0.61563
  -12     3.475 0.66968 0.66311 0.65761 0.65081 0.64490 0.63824 0.63174 0.62484 0.61849
  -12     3.525 0.67229 0.66574 0.66037 0.65334 0.64775 0.64076 0.63460 0.62774 0.62123
  -12     3.575 0.67482 0.66840 0.66300 0.65611 0.65054 0.64344 0.63734 0.63053 0.62374
  -12     3.625 0.67742 0.67129 0.66556 0.65888 0.65321 0.64618 0.63994 0.63320 0.62627
  -12     3.675 0.67993 0.67387 0.66809 0.66164 0.65564 0.64876 0.64251 0.63572 0.62883
  -12     3.725 0.68243 0.67647 0.67046 0.66428 0.65788 0.65134 0.64488 0.63818 0.63141
  -12     3.775 0.68477 0.67893 0.67271 0.66694 0.66010 0.65391 0.64721 0.64059 0.63385
  -12     3.825 0.68708 0.68137 0.67489 0.66932 0.66226 0.65654 0.64958 0.64300 0.63636
  -12     3.875 0.68917 0.68394 0.67708 0.67171 0.66455 0.65898 0.65192 0.64533 0.63885
  -12     3.925 0.69115 0.68644 0.67941 0.67410 0.66702 0.66127 0.65419 0.64763 0.64119
  -12     3.975 0.69310 0.68869 0.68170 0.67641 0.66935 0.66348 0.65651 0.64997 0.64343
  -12     4.025 0.69529 0.69099 0.68390 0.67857 0.67165 0.66545 0.65887 0.65218 0.64570
  -12     4.075 0.69753 0.69320 0.68609 0.68056 0.67402 0.66748 0.66114 0.65406 0.64784
  -12     4.125 0.69976 0.69527 0.68823 0.68254 0.67633 0.66941 0.66342 0.65601 0.64993
  -12     4.175 0.70200 0.69725 0.69039 0.68451 0.67849 0.67134 0.66559 0.65801 0.65205
  -12     4.225 0.70418 0.69911 0.69252 0.68639 0.68052 0.67334 0.66774 0.65996 0.65420
  -12     4.275 0.70650 0.70077 0.69475 0.68812 0.68255 0.67520 0.66972 0.66202 0.65622
  -12     4.325 0.70873 0.70228 0.69701 0.69001 0.68445 0.67723 0.67154 0.66418 0.65805
  -12     4.375 0.71070 0.70374 0.69904 0.69199 0.68619 0.67944 0.67326 0.66636 0.65970
  -12     4.425 0.71267 0.70573 0.70079 0.69404 0.68783 0.68164 0.67487 0.66839 0.66131
  -12     4.475 0.71433 0.70782 0.70228 0.69606 0.68944 0.68368 0.67634 0.67030 0.66318
  -12     4.525 0.71581 0.70991 0.70387 0.69800 0.69104 0.68545 0.67776 0.67218 0.66501
  -12     4.575 0.71745 0.71176 0.70545 0.69977 0.69277 0.68724 0.67964 0.67412 0.66673
  -12     4.625 0.71912 0.71342 0.70718 0.70166 0.69451 0.68897 0.68151 0.67584 0.66849
  -12     4.675 0.72090 0.71542 0.70879 0.70354 0.69617 0.69064 0.68337 0.67746 0.67029
  -12     4.725 0.72253 0.71739 0.71028 0.70523 0.69795 0.69224 0.68529 0.67901 0.67200
  -12     4.775 0.72392 0.71915 0.71177 0.70689 0.69984 0.69384 0.68716 0.68053 0.67365
  -12     4.825 0.72548 0.72092 0.71348 0.70842 0.70156 0.69538 0.68883 0.68198 0.67531
  -12     4.875 0.72712 0.72245 0.71528 0.70987 0.70315 0.69709 0.69039 0.68338 0.67704
  -12     4.925 0.72860 0.72386 0.71685 0.71137 0.70467 0.69863 0.69191 0.68497 0.67882
  -12     4.975 0.73001 0.72541 0.71838 0.71287 0.70628 0.69982 0.69358 0.68635 0.68033
  -12     5.025 0.73134 0.72680 0.71998 0.71420 0.70796 0.70082 0.69516 0.68783 0.68178
  -12     5.075 0.73293 0.72792 0.72166 0.71522 0.70958 0.70210 0.69667 0.68947 0.68304
  -12     5.125 0.73472 0.72899 0.72332 0.71641 0.71112 0.70379 0.69805 0.69119 0.68435
  -12     5.175 0.73633 0.73018 0.72493 0.71787 0.71241 0.70544 0.69952 0.69272 0.68577
  -12     5.225 0.73770 0.73162 0.72636 0.71931 0.71379 0.70687 0.70105 0.69405 0.68708
  -12     5.275 0.73920 0.73304 0.72800 0.72058 0.71543 0.70822 0.70244 0.69538 0.68847
  -12     5.325 0.74063 0.73427 0.72979 0.72191 0.71702 0.70957 0.70362 0.69677 0.68989
  -12     5.375 0.74220 0.73540 0.73124 0.72329 0.71828 0.71106 0.70458 0.69816 0.69130
  -12     5.425 0.74366 0.73677 0.73239 0.72482 0.71935 0.71251 0.70564 0.69950 0.69276
  -12     5.475 0.74521 0.73816 0.73342 0.72631 0.72056 0.71387 0.70678 0.70077 0.69406
  -12     5.525 0.74647 0.73936 0.73445 0.72769 0.72176 0.71511 0.70820 0.70210 0.69524
  -12     5.575 0.74774 0.74069 0.73560 0.72903 0.72293 0.71646 0.70957 0.70337 0.69652
  -12     5.625 0.74897 0.74187 0.73678 0.73041 0.72402 0.71782 0.71073 0.70464 0.69783
  -12     5.675 0.75020 0.74306 0.73781 0.73179 0.72483 0.71914 0.71194 0.70583 0.69906
  -12     5.725 0.75125 0.74445 0.73877 0.73320 0.72573 0.72038 0.71315 0.70697 0.70021
  -12     5.775 0.75219 0.74573 0.73977 0.73444 0.72679 0.72162 0.71442 0.70814 0.70133
  -12     5.825 0.75341 0.74711 0.74084 0.73548 0.72789 0.72292 0.71563 0.70918 0.70249
  -12     5.875 0.75460 0.74845 0.74194 0.73671 0.72908 0.72428 0.71689 0.71014 0.70365
  -12     5.925 0.75582 0.74967 0.74296 0.73780 0.73038 0.72542 0.71812 0.71122 0.70481
  -12     5.975 0.75679 0.75088 0.74390 0.73897 0.73171 0.72626 0.71930 0.71246 0.70592
  -12     6.025 0.75762 0.75205 0.74489 0.74006 0.73294 0.72699 0.72045 0.71363 0.70694
  -12     6.075 0.75847 0.75319 0.74582 0.74107 0.73413 0.72777 0.72153 0.71469 0.70802
  -12     6.125 0.75955 0.75436 0.74671 0.74204 0.73527 0.72862 0.72270 0.71578 0.70917
  -12     6.175 0.76065 0.75553 0.74785 0.74310 0.73638 0.72945 0.72390 0.71691 0.71024
  -12     6.225 0.76149 0.75667 0.74906 0.74400 0.73753 0.73025 0.72513 0.71797 0.71120
  -12     6.275 0.76205 0.75797 0.75026 0.74475 0.73854 0.73126 0.72625 0.71893 0.71222
  -12     6.325 0.76276 0.75888 0.75130 0.74551 0.73960 0.73233 0.72735 0.71994 0.71318
  -12     6.375 0.76374 0.75963 0.75240 0.74652 0.74074 0.73335 0.72838 0.72094 0.71417
  -12     6.425 0.76468 0.76031 0.75366 0.74750 0.74186 0.73450 0.72923 0.72193 0.71523
  -12     6.475 0.76540 0.76104 0.75478 0.74834 0.74292 0.73560 0.73001 0.72297 0.71623
  -12     6.525 0.76613 0.76195 0.75584 0.74911 0.74398 0.73661 0.73059 0.72403 0.71723
  -12     6.575 0.76690 0.76280 0.75688 0.75001 0.74497 0.73758 0.73123 0.72502 0.71804
  -12     6.625 0.76783 0.76350 0.75804 0.75085 0.74582 0.73864 0.73196 0.72603 0.71887
  -12     6.675 0.76866 0.76432 0.75906 0.75145 0.74681 0.73960 0.73265 0.72705 0.71970
  -12     6.725 0.76964 0.76518 0.76004 0.75233 0.74785 0.74043 0.73331 0.72808 0.72051
  -12     6.775 0.77065 0.76592 0.76110 0.75315 0.74866 0.74131 0.73415 0.72908 0.72129
  -12     6.825 0.77168 0.76658 0.76211 0.75388 0.74950 0.74222 0.73515 0.72996 0.72217
  -12     6.875 0.77267 0.76745 0.76307 0.75461 0.75036 0.74317 0.73600 0.73078 0.72296
  -12     6.925 0.77374 0.76834 0.76395 0.75545 0.75126 0.74415 0.73702 0.73168 0.72380
  -12     6.975 0.77477 0.76897 0.76485 0.75618 0.75217 0.74502 0.73802 0.73242 0.72468
  -12     7.025 0.77575 0.76980 0.76586 0.75691 0.75294 0.74593 0.73905 0.73316 0.72565
  -12     7.075 0.77672 0.77048 0.76656 0.75756 0.75367 0.74668 0.74008 0.73395 0.72654
  -12     7.125 0.77769 0.77099 0.76729 0.75814 0.75430 0.74738 0.74117 0.73457 0.72737
  -12     7.175 0.77861 0.77158 0.76803 0.75892 0.75497 0.74808 0.74221 0.73514 0.72823
  -12     7.225 0.77936 0.77240 0.76876 0.75976 0.75569 0.74876 0.74310 0.73570 0.72908
  -12     7.275 0.77994 0.77327 0.76943 0.76063 0.75638 0.74940 0.74395 0.73615 0.72983
  -12     7.325 0.78060 0.77428 0.77014 0.76152 0.75731 0.75021 0.74477 0.73687 0.73059
  -12     7.375 0.78115 0.77525 0.77085 0.76234 0.75816 0.75121 0.74546 0.73758 0.73137
  -12     7.425 0.78159 0.77618 0.77143 0.76328 0.75893 0.75205 0.74619 0.73844 0.73211
  -12     7.475 0.78237 0.77709 0.77200 0.76426 0.75953 0.75285 0.74692 0.73932 0.73286
  -12     7.525 0.78347 0.77791 0.77254 0.76527 0.76009 0.75351 0.74766 0.74026 0.73351
  -12     7.575 0.78446 0.77875 0.77301 0.76616 0.76066 0.75415 0.74834 0.74121 0.73417
  -12     7.625 0.78560 0.77963 0.77361 0.76717 0.76124 0.75473 0.74899 0.74211 0.73475
  -12     7.675 0.78674 0.78046 0.77430 0.76807 0.76198 0.75526 0.74956 0.74293 0.73530
  -12     7.725 0.78769 0.78122 0.77489 0.76896 0.76271 0.75577 0.75026 0.74371 0.73588
  -12     7.775 0.78853 0.78192 0.77525 0.76976 0.76343 0.75625 0.75092 0.74451 0.73637
  -12     7.825 0.78923 0.78249 0.77572 0.77044 0.76406 0.75681 0.75154 0.74529 0.73696
  -12     7.875 0.78975 0.78321 0.77631 0.77096 0.76480 0.75739 0.75217 0.74600 0.73780
  -12     7.925 0.79011 0.78399 0.77688 0.77144 0.76548 0.75812 0.75273 0.74664 0.73867
  -12     7.975 0.79037 0.78484 0.77737 0.77209 0.76611 0.75893 0.75328 0.74729 0.73956
  -12     8.025 0.79087 0.78562 0.77813 0.77289 0.76667 0.75981 0.75382 0.74795 0.74044
  -12     8.075 0.79134 0.78627 0.77888 0.77359 0.76716 0.76070 0.75450 0.74860 0.74123
  -12     8.125 0.79186 0.78702 0.77957 0.77437 0.76759 0.76156 0.75519 0.74927 0.74182
  -12     8.175 0.79235 0.78765 0.78021 0.77514 0.76815 0.76227 0.75570 0.74996 0.74237
  -12     8.225 0.79277 0.78852 0.78082 0.77582 0.76894 0.76298 0.75615 0.75056 0.74296
  -12     8.275 0.79313 0.78951 0.78131 0.77645 0.76982 0.76358 0.75660 0.75111 0.74355
  -12     8.325 0.79351 0.79029 0.78185 0.77706 0.77068 0.76402 0.75704 0.75161 0.74425
  -12     8.375 0.79377 0.79077 0.78245 0.77767 0.77151 0.76452 0.75744 0.75217 0.74504
  -12     8.425 0.79412 0.79118 0.78324 0.77803 0.77236 0.76507 0.75778 0.75272 0.74583
  -12     8.475 0.79432 0.79168 0.78422 0.77836 0.77313 0.76560 0.75811 0.75312 0.74659
  -12     8.525 0.79448 0.79213 0.78515 0.77860 0.77376 0.76620 0.75864 0.75352 0.74729
  -12     8.575 0.79477 0.79249 0.78603 0.77895 0.77425 0.76681 0.75945 0.75394 0.74787
  -12     8.625 0.79530 0.79282 0.78681 0.77937 0.77476 0.76752 0.76031 0.75430 0.74841
  -12     8.675 0.79600 0.79302 0.78752 0.77979 0.77505 0.76817 0.76118 0.75473 0.74891
  -12     8.725 0.79671 0.79312 0.78822 0.78025 0.77542 0.76877 0.76203 0.75528 0.74939
  -12     8.775 0.79746 0.79344 0.78891 0.78077 0.77593 0.76929 0.76282 0.75594 0.74983
  -12     8.825 0.79811 0.79393 0.78961 0.78131 0.77648 0.76979 0.76356 0.75655 0.75027
  -12     8.875 0.79866 0.79446 0.79010 0.78181 0.77696 0.77036 0.76425 0.75720 0.75081
  -12     8.925 0.79917 0.79497 0.79069 0.78230 0.77750 0.77103 0.76477 0.75774 0.75134
  -12     8.975 0.79979 0.79548 0.79138 0.78285 0.77798 0.77173 0.76519 0.75819 0.75179
  -12     9.025 0.80032 0.79597 0.79211 0.78341 0.77856 0.77238 0.76556 0.75859 0.75222
  -12     9.075 0.80076 0.79624 0.79284 0.78402 0.77901 0.77291 0.76603 0.75893 0.75266
  -12     9.125 0.80134 0.79631 0.79333 0.78473 0.77938 0.77346 0.76646 0.75925 0.75307
  -12     9.175 0.80215 0.79626 0.79377 0.78545 0.77977 0.77408 0.76692 0.75962 0.75346
  -12     9.225 0.80302 0.79625 0.79422 0.78616 0.78014 0.77473 0.76742 0.76011 0.75387
  -12     9.275 0.80375 0.79651 0.79446 0.78688 0.78050 0.77536 0.76797 0.76067 0.75424
  -12     9.325 0.80455 0.79692 0.79462 0.78751 0.78092 0.77591 0.76848 0.76124 0.75470
  -12     9.375 0.80530 0.79739 0.79475 0.78795 0.78126 0.77652 0.76901 0.76186 0.75519
  -12     9.425 0.80594 0.79804 0.79507 0.78835 0.78143 0.77717 0.76950 0.76244 0.75573
  -12     9.475 0.80644 0.79859 0.79550 0.78893 0.78160 0.77784 0.77002 0.76299 0.75630
  -12     9.525 0.80685 0.79920 0.79592 0.78947 0.78196 0.77841 0.77051 0.76350 0.75685
  -12     9.575 0.80730 0.79974 0.79641 0.79007 0.78234 0.77888 0.77098 0.76409 0.75742
  -12     9.625 0.80801 0.80016 0.79681 0.79072 0.78266 0.77934 0.77145 0.76470 0.75797
  -12     9.675 0.80884 0.80052 0.79713 0.79131 0.78298 0.77981 0.77201 0.76529 0.75850
  -12     9.725 0.80963 0.80078 0.79748 0.79190 0.78341 0.78019 0.77254 0.76582 0.75883
  -12     9.775 0.81034 0.80110 0.79784 0.79240 0.78386 0.78032 0.77311 0.76631 0.75901
  -12     9.825 0.81109 0.80151 0.79812 0.79278 0.78437 0.78041 0.77368 0.76682 0.75933
  -12     9.875 0.81170 0.80195 0.79834 0.79317 0.78486 0.78054 0.77425 0.76730 0.75969
  -12     9.925 0.81213 0.80246 0.79872 0.79362 0.78547 0.78078 0.77477 0.76774 0.76014
  -12     9.975 0.81246 0.80304 0.79906 0.79405 0.78601 0.78101 0.77530 0.76822 0.76068
  -12    11.000 0.82278 0.81605 0.80313 0.80332 0.79598 0.78598 0.78309 0.77697 0.76896
  -12    12.000 0.82464 0.82183 0.81569 0.80613 0.80284 0.79526 0.78829 0.78109 0.77571
  -12    13.000 0.83002 0.82349 0.82120 0.81533 0.80533 0.80201 0.79602 0.78647 0.78053
  -12    14.000 0.83444 0.82641 0.82144 0.81986 0.81376 0.80397 0.80098 0.79482 0.78606
  -12    15.000 0.84063 0.83214 0.82154 0.82228 0.81907 0.80934 0.80162 0.80083 0.79284
  -12    16.000 0.84751 0.83464 0.82587 0.82253 0.82038 0.81146 0.80599 0.80279 0.79652
  -12    17.000 0.84549 0.84088 0.83180 0.82508 0.82039 0.81470 0.81044 0.80126 0.79772
  -12    18.000 0.84583 0.84554 0.83875 0.82969 0.82005 0.81677 0.81217 0.80535 0.79778
  -12    19.000 0.85274 0.84343 0.84541 0.83348 0.82415 0.81656 0.81458 0.80778 0.79940
  -12    20.000 0.85530 0.84421 0.84758 0.84316 0.82993 0.81550 0.81725 0.81205 0.80410
   14     0.025 0.00000 0.00000 0.00000 0.00000 0.00000 0.00000 0.00000 0.00000 0.00000
   14     0.075 0.00000 0.00000 0.00000 0.00000 0.00000 0.00000 0.00000 0.00000 0.00000
   14     0.125 0.00000 0.00000 0.00000 0.00000 0.00000 0.00000 0.00000 0.00000 0.00000
   14     0.175 0.06135 0.05283 0.04483 0.03727 0.03026 0.02393 0.01834 0.01356 0.00973
   14     0.225 0.18062 0.16754 0.15407 0.14064 0.12754 0.11493 0.10293 0.09160 0.08094
   14     0.275 0.30718 0.29436 0.28093 0.26687 0.25218 0.23696 0.22117 0.20519 0.18932
   14     0.325 0.42536 0.41287 0.39978 0.38612 0.37189 0.35711 0.34180 0.32598 0.30967
   14     0.375 0.53074 0.51865 0.50597 0.49274 0.47895 0.46463 0.44980 0.43453 0.41879
   14     0.425 0.62186 0.61017 0.59790 0.58507 0.57177 0.55797 0.54364 0.52891 0.51375
   14     0.475 0.69904 0.68771 0.67583 0.66348 0.65057 0.63729 0.62346 0.60929 0.59463
   14     0.525 0.76337 0.75244 0.74098 0.72903 0.71661 0.70372 0.69048 0.67671 0.66267
   14     0.575 0.81656 0.80596 0.79481 0.78335 0.77133 0.75889 0.74611 0.73285 0.71927
   14     0.625 0.86009 0.84990 0.83914 0.82796 0.81637 0.80442 0.79200 0.77918 0.76611
   14     0.675 0.89570 0.88572 0.87535 0.86455 0.85328 0.84163 0.82968 0.81737 0.80465
   14     0.725 0.92452 0.91482 0.90480 0.89431 0.88342 0.87216 0.86046 0.84854 0.83628
   14     0.775 0.94785 0.93850 0.92867 0.91851 0.90794 0.89698 0.88568 0.87403 0.86209
   14     0.825 0.96669 0.95753 0.94799 0.93807 0.92775 0.91713 0.90614 0.89484 0.88320
   14     0.875 0.98186 0.97286 0.96352 0.95382 0.94381 0.93342 0.92271 0.91169 0.90041
   14     0.925 0.99376 0.98499 0.97591 0.96642 0.95661 0.94645 0.93604 0.92531 0.91434
   14     0.975 1.00327 0.99475 0.98586 0.97657 0.96701 0.95710 0.94689 0.93643 0.92568
   14     1.025 1.01080 1.00242 0.99365 0.98458 0.97524 0.96549 0.95557 0.94534 0.93482
   14     1.075 1.01659 1.00830 0.99969 0.99081 0.98157 0.97204 0.96232 0.95233 0.94204
   14     1.125 1.02097 1.01286 1.00445 0.99576 0.98671 0.97737 0.96776 0.95787 0.94774
   14     1.175 1.02428 1.01631 1.00798 0.99927 0.99039 0.98132 0.97192 0.96225 0.95237
   14     1.225 1.02652 1.01870 1.01058 1.00217 0.99344 0.98440 0.97508 0.96549 0.95576
   14     1.275 1.02826 1.02053 1.01247 1.00405 0.99532 0.98649 0.97742 0.96811 0.95851
   14     1.325 1.02925 1.02145 1.01345 1.00532 0.99687 0.98816 0.97912 0.96976 0.96031
   14     1.375 1.02953 1.02210 1.01432 1.00618 0.99772 0.98894 0.98013 0.97110 0.96180
   14     1.425 1.02982 1.02232 1.01444 1.00627 0.99807 0.98959 0.98087 0.97181 0.96247
   14     1.475 1.02945 1.02190 1.01421 1.00641 0.99823 0.98973 0.98091 0.97211 0.96311
   14     1.525 1.02867 1.02143 1.01394 1.00607 0.99789 0.98948 0.98102 0.97228 0.96321
   14     1.575 1.02797 1.02089 1.01335 1.00537 0.99738 0.98916 0.98066 0.97184 0.96297
   14     1.625 1.02714 1.01989 1.01224 1.00460 0.99674 0.98852 0.97996 0.97153 0.96278
   14     1.675 1.02596 1.01866 1.01135 1.00379 0.99579 0.98752 0.97935 0.97091 0.96209
   14     1.725 1.02467 1.01765 1.01034 1.00269 0.99460 0.98682 0.97860 0.97005 0.96142
   14     1.775 1.02336 1.01646 1.00908 1.00111 0.99360 0.98577 0.97753 0.96917 0.96071
   14     1.825 1.02226 1.01525 1.00747 0.99987 0.99255 0.98468 0.97655 0.96830 0.95969
   14     1.875 1.02094 1.01364 1.00609 0.99884 0.99128 0.98347 0.97553 0.96714 0.95839
   14     1.925 1.01915 1.01185 1.00491 0.99756 0.98971 0.98218 0.97419 0.96575 0.95752
   14     1.975 1.01704 1.01053 1.00372 0.99617 0.98849 0.98079 0.97279 0.96479 0.95658
   14     2.025 1.01549 1.00906 1.00230 0.99475 0.98725 0.97945 0.97146 0.96360 0.95529
   14     2.075 1.01435 1.00782 1.00041 0.99332 0.98594 0.97798 0.97026 0.96223 0.95382
   14     2.125 1.01318 1.00612 0.99885 0.99177 0.98446 0.97686 0.96906 0.96089 0.95282
   14     2.175 1.01140 1.00457 0.99747 0.99050 0.98286 0.97551 0.96781 0.95961 0.95167
   14     2.225 1.00980 1.00267 0.99633 0.98911 0.98161 0.97413 0.96616 0.95851 0.95034
   14     2.275 1.00825 1.00142 0.99481 0.98751 0.98029 0.97268 0.96487 0.95718 0.94909
   14     2.325 1.00652 1.00030 0.99332 0.98585 0.97893 0.97131 0.96376 0.95591 0.94773
   14     2.375 1.00490 0.99883 0.99175 0.98476 0.97741 0.96996 0.96252 0.95459 0.94669
   14     2.425 1.00371 0.99727 0.99004 0.98344 0.97634 0.96867 0.96119 0.95311 0.94552
   14     2.475 1.00258 0.99581 0.98887 0.98208 0.97463 0.96747 0.95978 0.95210 0.94426
   14     2.525 1.00102 0.99438 0.98762 0.98087 0.97326 0.96623 0.95845 0.95093 0.94300
   14     2.575 0.99984 0.99261 0.98641 0.97930 0.97217 0.96487 0.95733 0.94978 0.94165
   14     2.625 0.99831 0.99150 0.98509 0.97779 0.97095 0.96368 0.95606 0.94845 0.94059
   14     2.675 0.99665 0.99022 0.98396 0.97653 0.96981 0.96221 0.95496 0.94714 0.93967
   14     2.725 0.99519 0.98912 0.98242 0.97553 0.96845 0.96102 0.95376 0.94598 0.93854
   14     2.775 0.99386 0.98806 0.98106 0.97430 0.96723 0.95989 0.95260 0.94496 0.93739
   14     2.825 0.99263 0.98683 0.97969 0.97320 0.96577 0.95894 0.95147 0.94384 0.93616
   14     2.875 0.99173 0.98542 0.97855 0.97209 0.96455 0.95776 0.95029 0.94277 0.93506
   14     2.925 0.99073 0.98413 0.97738 0.97086 0.96362 0.95666 0.94898 0.94172 0.93381
   14     2.975 0.98973 0.98274 0.97638 0.96966 0.96262 0.95547 0.94801 0.94073 0.93298
   14     3.025 0.98860 0.98140 0.97543 0.96844 0.96157 0.95439 0.94708 0.93965 0.93215
   14     3.075 0.98715 0.98032 0.97447 0.96703 0.96046 0.95317 0.94608 0.93850 0.93109
   14     3.125 0.98578 0.97942 0.97342 0.96597 0.95942 0.95207 0.94506 0.93730 0.93008
   14     3.175 0.98470 0.97861 0.97219 0.96514 0.95855 0.95112 0.94409 0.93651 0.92905
   14     3.225 0.98343 0.97775 0.97100 0.96425 0.95752 0.95029 0.94307 0.93566 0.92817
   14     3.275 0.98238 0.97673 0.96970 0.96326 0.95638 0.94928 0.94199 0.93474 0.92711
   14     3.325 0.98140 0.97569 0.96836 0.96248 0.95520 0.94831 0.94095 0.93396 0.92608
   14     3.375 0.98053 0.97471 0.96754 0.96157 0.95414 0.94751 0.94009 0.93299 0.92532
   14     3.425 0.97960 0.97356 0.96676 0.96074 0.95327 0.94667 0.93933 0.93200 0.92457
   14     3.475 0.97887 0.97254 0.96611 0.95974 0.95243 0.94576 0.93853 0.93103 0.92379
   14     3.525 0.97786 0.97161 0.96532 0.95852 0.95161 0.94477 0.93757 0.93016 0.92297
   14     3.575 0.97714 0.97038 0.96454 0.95730 0.95086 0.94379 0.93674 0.92939 0.92219
   14     3.625 0.97628 0.96939 0.96365 0.95628 0.95027 0.94280 0.93589 0.92855 0.92139
   14     3.675 0.97540 0.96850 0.96282 0.95542 0.94963 0.94200 0.93515 0.92786 0.92043
   14     3.725 0.97458 0.96783 0.96209 0.95473 0.94876 0.94115 0.93433 0.92720 0.91953
   14     3.775 0.97379 0.96702 0.96127 0.95405 0.94784 0.94032 0.93371 0.92635 0.91872
   14     3.825 0.97295 0.96622 0.96032 0.95330 0.94696 0.93960 0.93304 0.92557 0.91794
   14     3.875 0.97217 0.96534 0.95938 0.95257 0.94602 0.93890 0.93214 0.92487 0.91724
   14     3.925 0.97135 0.96451 0.95860 0.95174 0.94514 0.93820 0.93134 0.92408 0.91668
   14     3.975 0.97041 0.96377 0.95783 0.95085 0.94451 0.93749 0.93062 0.92341 0.91609
   14     4.025 0.96960 0.96293 0.95721 0.94980 0.94399 0.93675 0.92996 0.92281 0.91545
   14     4.075 0.96888 0.96207 0.95673 0.94907 0.94338 0.93606 0.92923 0.92230 0.91467
   14     4.125 0.96835 0.96129 0.95607 0.94831 0.94277 0.93530 0.92857 0.92159 0.91385
   14     4.175 0.96778 0.96070 0.95542 0.94775 0.94224 0.93453 0.92792 0.92083 0.91319
   14     4.225 0.96714 0.96006 0.95478 0.94721 0.94163 0.93385 0.92720 0.91993 0.91269
   14     4.275 0.96647 0.95945 0.95394 0.94653 0.94074 0.93299 0.92671 0.91925 0.91224
   14     4.325 0.96572 0.95886 0.95314 0.94599 0.93993 0.93242 0.92622 0.91854 0.91170
   14     4.375 0.96483 0.95830 0.95235 0.94543 0.93922 0.93194 0.92569 0.91786 0.91122
   14     4.425 0.96412 0.95769 0.95187 0.94500 0.93868 0.93140 0.92517 0.91731 0.91063
   14     4.475 0.96359 0.95695 0.95156 0.94441 0.93827 0.93076 0.92459 0.91681 0.90996
   14     4.525 0.96320 0.95609 0.95103 0.94347 0.93762 0.93033 0.92384 0.91638 0.90917
   14     4.575 0.96280 0.95521 0.95026 0.94301 0.93690 0.93008 0.92283 0.91603 0.90852
   14     4.625 0.96207 0.95494 0.94934 0.94284 0.93595 0.92973 0.92183 0.91567 0.90818
   14     4.675 0.96128 0.95480 0.94832 0.94254 0.93515 0.92921 0.92135 0.91522 0.90784
   14     4.725 0.96016 0.95453 0.94764 0.94210 0.93456 0.92855 0.92094 0.91455 0.90729
   14     4.775 0.95940 0.95409 0.94710 0.94137 0.93397 0.92783 0.92049 0.91398 0.90658
   14     4.825 0.95895 0.95338 0.94654 0.94077 0.93352 0.92739 0.92003 0.91351 0.90592
   14     4.875 0.95846 0.95300 0.94584 0.94032 0.93296 0.92707 0.91962 0.91288 0.90554
   14     4.925 0.95790 0.95288 0.94499 0.94006 0.93247 0.92671 0.91925 0.91215 0.90521
   14     4.975 0.95700 0.95277 0.94460 0.93966 0.93203 0.92607 0.91896 0.91146 0.90479
   14     5.025 0.95645 0.95226 0.94428 0.93893 0.93178 0.92544 0.91844 0.91106 0.90425
   14     5.075 0.95602 0.95130 0.94404 0.93830 0.93139 0.92463 0.91789 0.91069 0.90382
   14     5.125 0.95554 0.95058 0.94360 0.93775 0.93091 0.92389 0.91752 0.91032 0.90336
   14     5.175 0.95500 0.94994 0.94309 0.93709 0.93058 0.92328 0.91719 0.90996 0.90284
   14     5.225 0.95443 0.94926 0.94285 0.93638 0.93024 0.92279 0.91684 0.90958 0.90230
   14     5.275 0.95416 0.94850 0.94271 0.93561 0.92987 0.92248 0.91640 0.90917 0.90173
   14     5.325 0.95386 0.94770 0.94250 0.93511 0.92945 0.92223 0.91592 0.90877 0.90135
   14     5.375 0.95351 0.94726 0.94216 0.93458 0.92906 0.92179 0.91562 0.90829 0.90110
   14     5.425 0.95312 0.94671 0.94187 0.93409 0.92890 0.92128 0.91514 0.90793 0.90086
   14     5.475 0.95261 0.94603 0.94147 0.93363 0.92871 0.92097 0.91448 0.90764 0.90055
   14     5.525 0.95240 0.94542 0.94089 0.93325 0.92815 0.92076 0.91366 0.90723 0.90013
   14     5.575 0.95215 0.94494 0.94033 0.93303 0.92745 0.92038 0.91303 0.90676 0.89970
   14     5.625 0.95195 0.94471 0.93967 0.93285 0.92693 0.92006 0.91283 0.90625 0.89938
   14     5.675 0.95162 0.94449 0.93920 0.93263 0.92645 0.91958 0.91260 0.90590 0.89900
   14     5.725 0.95142 0.94405 0.93885 0.93225 0.92582 0.91934 0.91218 0.90556 0.89862
   14     5.775 0.95110 0.94368 0.93850 0.93210 0.92504 0.91911 0.91173 0.90516 0.89823
   14     5.825 0.95069 0.94336 0.93800 0.93182 0.92422 0.91889 0.91142 0.90471 0.89777
   14     5.875 0.95029 0.94321 0.93731 0.93147 0.92373 0.91857 0.91114 0.90432 0.89735
   14     5.925 0.94985 0.94314 0.93682 0.93121 0.92355 0.91837 0.91078 0.90402 0.89681
   14     5.975 0.94937 0.94291 0.93654 0.93083 0.92328 0.91830 0.91032 0.90353 0.89648
   14     6.025 0.94886 0.94260 0.93618 0.93049 0.92300 0.91798 0.91000 0.90306 0.89621
   14     6.075 0.94837 0.94244 0.93564 0.93015 0.92270 0.91727 0.90976 0.90273 0.89594
   14     6.125 0.94781 0.94218 0.93503 0.92992 0.92252 0.91653 0.90955 0.90245 0.89557
   14     6.175 0.94727 0.94202 0.93457 0.92965 0.92224 0.91592 0.90937 0.90224 0.89518
   14     6.225 0.94686 0.94186 0.93440 0.92928 0.92203 0.91537 0.90917 0.90199 0.89492
   14     6.275 0.94655 0.94163 0.93416 0.92867 0.92181 0.91476 0.90897 0.90161 0.89463
   14     6.325 0.94615 0.94139 0.93373 0.92824 0.92156 0.91407 0.90878 0.90124 0.89432
   14     6.375 0.94564 0.94115 0.93335 0.92785 0.92127 0.91373 0.90861 0.90096 0.89400
   14     6.425 0.94509 0.94085 0.93310 0.92739 0.92111 0.91357 0.90831 0.90067 0.89381
   14     6.475 0.94470 0.94031 0.93280 0.92691 0.92095 0.91334 0.90791 0.90044 0.89359
   14     6.525 0.94426 0.93974 0.93275 0.92663 0.92082 0.91299 0.90759 0.90021 0.89339
   14     6.575 0.94358 0.93929 0.93268 0.92632 0.92068 0.91279 0.90723 0.89995 0.89314
   14     6.625 0.94300 0.93895 0.93248 0.92585 0.92055 0.91249 0.90683 0.89970 0.89275
   14     6.675 0.94244 0.93859 0.93237 0.92529 0.92034 0.91221 0.90631 0.89942 0.89240
   14     6.725 0.94200 0.93809 0.93222 0.92469 0.92014 0.91203 0.90586 0.89917 0.89209
   14     6.775 0.94165 0.93770 0.93204 0.92404 0.91993 0.91170 0.90550 0.89878 0.89189
   14     6.825 0.94144 0.93748 0.93194 0.92377 0.91987 0.91128 0.90507 0.89845 0.89166
   14     6.875 0.94108 0.93728 0.93167 0.92356 0.91976 0.91082 0.90491 0.89823 0.89142
   14     6.925 0.94065 0.93703 0.93138 0.92326 0.91941 0.91045 0.90473 0.89780 0.89124
   14     6.975 0.94027 0.93697 0.93115 0.92307 0.91917 0.91010 0.90459 0.89742 0.89112
   14     7.025 0.93994 0.93695 0.93076 0.92305 0.91895 0.90955 0.90454 0.89703 0.89095
   14     7.075 0.93951 0.93683 0.93041 0.92297 0.91854 0.90919 0.90447 0.89653 0.89081
   14     7.125 0.93902 0.93665 0.93011 0.92288 0.91807 0.90909 0.90443 0.89609 0.89062
   14     7.175 0.93850 0.93636 0.92975 0.92274 0.91759 0.90901 0.90433 0.89589 0.89038
   14     7.225 0.93832 0.93586 0.92920 0.92260 0.91704 0.90899 0.90422 0.89574 0.89010
   14     7.275 0.93841 0.93530 0.92868 0.92246 0.91645 0.90905 0.90401 0.89540 0.88988
   14     7.325 0.93854 0.93478 0.92811 0.92233 0.91589 0.90912 0.90373 0.89508 0.88963
   14     7.375 0.93888 0.93437 0.92763 0.92213 0.91532 0.90911 0.90336 0.89480 0.88920
   14     7.425 0.93921 0.93405 0.92761 0.92189 0.91492 0.90919 0.90292 0.89472 0.88886
   14     7.475 0.93949 0.93364 0.92753 0.92162 0.91462 0.90912 0.90249 0.89465 0.88850
   14     7.525 0.93989 0.93332 0.92755 0.92138 0.91451 0.90906 0.90229 0.89460 0.88822
   14     7.575 0.94005 0.93298 0.92750 0.92115 0.91438 0.90872 0.90216 0.89453 0.88801
   14     7.625 0.94012 0.93265 0.92730 0.92080 0.91438 0.90820 0.90208 0.89453 0.88766
   14     7.675 0.94014 0.93245 0.92704 0.92043 0.91441 0.90765 0.90198 0.89455 0.88720
   14     7.725 0.94007 0.93250 0.92677 0.92002 0.91440 0.90706 0.90177 0.89437 0.88678
   14     7.775 0.93987 0.93248 0.92663 0.91983 0.91432 0.90663 0.90155 0.89410 0.88650
   14     7.825 0.93934 0.93248 0.92640 0.91969 0.91408 0.90631 0.90120 0.89393 0.88631
   14     7.875 0.93862 0.93245 0.92594 0.91957 0.91374 0.90605 0.90085 0.89379 0.88609
   14     7.925 0.93783 0.93246 0.92551 0.91957 0.91335 0.90583 0.90055 0.89370 0.88580
   14     7.975 0.93751 0.93232 0.92502 0.91959 0.91292 0.90556 0.90027 0.89360 0.88575
   14     8.025 0.93743 0.93210 0.92463 0.91957 0.91253 0.90551 0.89995 0.89341 0.88572
   14     8.075 0.93737 0.93172 0.92428 0.91953 0.91213 0.90549 0.89965 0.89316 0.88571
   14     8.125 0.93738 0.93130 0.92412 0.91942 0.91188 0.90541 0.89934 0.89312 0.88562
   14     8.175 0.93729 0.93130 0.92390 0.91927 0.91190 0.90525 0.89911 0.89311 0.88537
   14     8.225 0.93710 0.93149 0.92368 0.91902 0.91197 0.90501 0.89886 0.89299 0.88506
   14     8.275 0.93672 0.93173 0.92341 0.91874 0.91197 0.90480 0.89862 0.89286 0.88490
   14     8.325 0.93612 0.93204 0.92325 0.91845 0.91194 0.90479 0.89816 0.89266 0.88483
   14     8.375 0.93546 0.93214 0.92321 0.91817 0.91183 0.90480 0.89766 0.89239 0.88476
   14     8.425 0.93467 0.93225 0.92322 0.91782 0.91178 0.90480 0.89717 0.89207 0.88470
   14     8.475 0.93378 0.93193 0.92322 0.91740 0.91163 0.90465 0.89682 0.89178 0.88460
   14     8.525 0.93310 0.93138 0.92321 0.91715 0.91145 0.90444 0.89661 0.89137 0.88456
   14     8.575 0.93294 0.93070 0.92334 0.91711 0.91114 0.90417 0.89652 0.89094 0.88443
   14     8.625 0.93287 0.92995 0.92340 0.91702 0.91082 0.90391 0.89645 0.89064 0.88428
   14     8.675 0.93269 0.92928 0.92344 0.91687 0.91074 0.90357 0.89652 0.89045 0.88412
   14     8.725 0.93265 0.92888 0.92331 0.91654 0.91078 0.90312 0.89660 0.89032 0.88385
   14     8.775 0.93259 0.92857 0.92309 0.91610 0.91086 0.90275 0.89667 0.89018 0.88374
   14     8.825 0.93249 0.92830 0.92291 0.91568 0.91080 0.90260 0.89653 0.89007 0.88370
   14     8.875 0.93221 0.92789 0.92287 0.91540 0.91071 0.90249 0.89633 0.88994 0.88371
   14     8.925 0.93192 0.92755 0.92276 0.91504 0.91060 0.90263 0.89609 0.88976 0.88364
   14     8.975 0.93169 0.92730 0.92271 0.91463 0.91046 0.90279 0.89596 0.88954 0.88335
   14     9.025 0.93154 0.92711 0.92267 0.91439 0.91029 0.90288 0.89605 0.88928 0.88300
   14     9.075 0.93154 0.92680 0.92255 0.91430 0.91006 0.90283 0.89599 0.88891 0.88264
   14     9.125 0.93167 0.92637 0.92238 0.91421 0.90977 0.90278 0.89588 0.88864 0.88231
   14     9.175 0.93171 0.92599 0.92234 0.91411 0.90949 0.90265 0.89573 0.88842 0.88192
   14     9.225 0.93172 0.92581 0.92221 0.91402 0.90921 0.90245 0.89555 0.88821 0.88161
   14     9.275 0.93174 0.92548 0.92197 0.91411 0.90878 0.90225 0.89531 0.88801 0.88142
   14     9.325 0.93162 0.92521 0.92177 0.91413 0.90835 0.90220 0.89506 0.88785 0.88126
   14     9.375 0.93132 0.92490 0.92162 0.91398 0.90798 0.90216 0.89483 0.88782 0.88115
   14     9.425 0.93105 0.92447 0.92127 0.91382 0.90760 0.90220 0.89466 0.88772 0.88102
   14     9.475 0.93101 0.92408 0.92100 0.91368 0.90714 0.90222 0.89468 0.88761 0.88088
   14     9.525 0.93112 0.92369 0.92076 0.91359 0.90657 0.90231 0.89470 0.88750 0.88081
   14     9.575 0.93123 0.92339 0.92047 0.91348 0.90594 0.90239 0.89460 0.88750 0.88067
   14     9.625 0.93140 0.92306 0.92009 0.91330 0.90561 0.90245 0.89457 0.88754 0.88058
   14     9.675 0.93142 0.92281 0.91980 0.91337 0.90551 0.90231 0.89449 0.88759 0.88044
   14     9.725 0.93140 0.92265 0.91958 0.91350 0.90550 0.90210 0.89433 0.88752 0.88036
   14     9.775 0.93132 0.92272 0.91926 0.91357 0.90542 0.90182 0.89421 0.88751 0.88028
   14     9.825 0.93127 0.92259 0.91897 0.91363 0.90532 0.90143 0.89414 0.88744 0.88017
   14     9.875 0.93144 0.92237 0.91867 0.91353 0.90514 0.90117 0.89404 0.88725 0.87987
   14     9.925 0.93160 0.92228 0.91839 0.91338 0.90484 0.90086 0.89398 0.88700 0.87959
   14     9.975 0.93192 0.92213 0.91826 0.91326 0.90455 0.90047 0.89404 0.88678 0.87931
   14    11.000 0.93204 0.92321 0.91306 0.91236 0.90289 0.89540 0.89184 0.88371 0.87814
   14    12.000 0.92461 0.92202 0.91580 0.90577 0.90232 0.89534 0.88803 0.88046 0.87518
   14    13.000 0.92176 0.91646 0.91429 0.90731 0.89793 0.89414 0.88823 0.87914 0.87189
   14    14.000 0.92058 0.91291 0.90927 0.90618 0.89942 0.89070 0.88707 0.88034 0.87183
   14    15.000 0.92140 0.91221 0.90199 0.90343 0.89978 0.88852 0.88367 0.88177 0.87240
   14    16.000 0.92414 0.90829 0.90274 0.89863 0.89501 0.88703 0.88183 0.87825 0.87185
   14    17.000 0.91717 0.91212 0.90340 0.89598 0.89212 0.88579 0.88153 0.87258 0.86907
   14    18.000 0.91399 0.91417 0.90660 0.89670 0.88769 0.88321 0.87965 0.87211 0.86509
   14    19.000 0.91661 0.90737 0.90951 0.89754 0.88779 0.88075 0.87826 0.87164 0.86240
   14    20.000 0.91615 0.90578 0.91087 0.90406 0.89029 0.87655 0.87863 0.87271 0.86424
  -14     0.025 0.00000 0.00000 0.00000 0.00000 0.00000 0.00000 0.00000 0.00000 0.00000
  -14     0.075 0.00000 0.00000 0.00000 0.00000 0.00000 0.00000 0.00000 0.00000 0.00000
  -14     0.125 0.00000 0.00000 0.00000 0.00000 0.00000 0.00000 0.00000 0.00000 0.00000
  -14     0.175 0.02287 0.02007 0.01736 0.01469 0.01212 0.00972 0.00755 0.00565 0.00410
  -14     0.225 0.04975 0.04620 0.04274 0.03940 0.03619 0.03312 0.03018 0.02737 0.02467
  -14     0.275 0.07423 0.07028 0.06640 0.06259 0.05885 0.05523 0.05168 0.04825 0.04494
  -14     0.325 0.09734 0.09308 0.08886 0.08469 0.08058 0.07655 0.07260 0.06875 0.06499
  -14     0.375 0.11972 0.11523 0.11074 0.10627 0.10185 0.09747 0.09316 0.08895 0.08482
  -14     0.425 0.14162 0.13693 0.13221 0.12748 0.12281 0.11817 0.11354 0.10902 0.10457
  -14     0.475 0.16309 0.15821 0.15329 0.14839 0.14344 0.13858 0.13371 0.12893 0.12418
  -14     0.525 0.18401 0.17901 0.17393 0.16883 0.16373 0.15862 0.15358 0.14852 0.14358
  -14     0.575 0.20440 0.19925 0.19400 0.18880 0.18352 0.17825 0.17303 0.16778 0.16261
  -14     0.625 0.22409 0.21888 0.21354 0.20815 0.20276 0.19738 0.19195 0.18653 0.18120
  -14     0.675 0.24318 0.23781 0.23241 0.22694 0.22140 0.21583 0.21031 0.20479 0.19926
  -14     0.725 0.26150 0.25607 0.25059 0.24503 0.23941 0.23374 0.22803 0.22237 0.21675
  -14     0.775 0.27913 0.27367 0.26808 0.26246 0.25673 0.25097 0.24518 0.23937 0.23359
  -14     0.825 0.29610 0.29055 0.28490 0.27918 0.27337 0.26754 0.26165 0.25576 0.24984
  -14     0.875 0.31237 0.30672 0.30101 0.29521 0.28935 0.28342 0.27747 0.27147 0.26549
  -14     0.925 0.32782 0.32214 0.31640 0.31053 0.30461 0.29861 0.29260 0.28654 0.28050
  -14     0.975 0.34269 0.33703 0.33125 0.32531 0.31936 0.31331 0.30721 0.30111 0.29496
  -14     1.025 0.35696 0.35124 0.34538 0.33945 0.33347 0.32733 0.32122 0.31505 0.30883
  -14     1.075 0.37059 0.36479 0.35888 0.35292 0.34683 0.34068 0.33454 0.32834 0.32208
  -14     1.125 0.38359 0.37781 0.37193 0.36595 0.35983 0.35365 0.34742 0.34110 0.33475
  -14     1.175 0.39610 0.39029 0.38434 0.37823 0.37210 0.36596 0.35971 0.35340 0.34706
  -14     1.225 0.40793 0.40216 0.39624 0.39021 0.38408 0.37782 0.37147 0.36506 0.35869
  -14     1.275 0.41951 0.41369 0.40773 0.40159 0.39530 0.38908 0.38281 0.37646 0.37001
  -14     1.325 0.43051 0.42455 0.41851 0.41248 0.40633 0.40007 0.39367 0.38716 0.38069
  -14     1.375 0.44088 0.43511 0.42917 0.42305 0.41677 0.41035 0.40403 0.39764 0.39115
  -14     1.425 0.45117 0.44528 0.43919 0.43293 0.42676 0.42050 0.41412 0.40760 0.40096
  -14     1.475 0.46081 0.45483 0.44878 0.44274 0.43651 0.43010 0.42355 0.41713 0.41065
  -14     1.525 0.46997 0.46414 0.45818 0.45203 0.44570 0.43929 0.43295 0.42647 0.41983
  -14     1.575 0.47900 0.47324 0.46719 0.46087 0.45461 0.44829 0.44180 0.43515 0.42860
  -14     1.625 0.48774 0.48178 0.47558 0.46945 0.46323 0.45683 0.45022 0.44383 0.43726
  -14     1.675 0.49598 0.48991 0.48393 0.47782 0.47144 0.46490 0.45855 0.45205 0.44534
  -14     1.725 0.50388 0.49804 0.49202 0.48576 0.47922 0.47301 0.46656 0.45990 0.45328
  -14     1.775 0.51159 0.50582 0.49966 0.49306 0.48695 0.48067 0.47413 0.46757 0.46100
  -14     1.825 0.51927 0.51333 0.50678 0.50046 0.49448 0.48808 0.48157 0.47504 0.46828
  -14     1.875 0.52652 0.52028 0.51389 0.50784 0.50161 0.49520 0.48878 0.48205 0.47512
  -14     1.925 0.53316 0.52682 0.52094 0.51479 0.50827 0.50204 0.49550 0.48868 0.48214
  -14     1.975 0.53932 0.53362 0.52782 0.52144 0.51500 0.50859 0.50200 0.49550 0.48891
  -14     2.025 0.54569 0.54015 0.53429 0.52780 0.52151 0.51499 0.50839 0.50193 0.49518
  -14     2.075 0.55226 0.54658 0.54015 0.53403 0.52773 0.52106 0.51467 0.50803 0.50114
  -14     2.125 0.55856 0.55239 0.54604 0.53994 0.53368 0.52724 0.52072 0.51393 0.50731
  -14     2.175 0.56422 0.55809 0.55191 0.54590 0.53933 0.53307 0.52654 0.51971 0.51315
  -14     2.225 0.56973 0.56344 0.55778 0.55155 0.54506 0.53868 0.53189 0.52545 0.51866
  -14     2.275 0.57511 0.56904 0.56327 0.55680 0.55055 0.54400 0.53736 0.53087 0.52406
  -14     2.325 0.58018 0.57460 0.56846 0.56191 0.55582 0.54925 0.54278 0.53612 0.52925
  -14     2.375 0.58520 0.57974 0.57340 0.56723 0.56085 0.55433 0.54794 0.54116 0.53449
  -14     2.425 0.59037 0.58460 0.57810 0.57223 0.56600 0.55935 0.55285 0.54592 0.53945
  -14     2.475 0.59543 0.58933 0.58310 0.57709 0.57046 0.56419 0.55754 0.55093 0.54421
  -14     2.525 0.60005 0.59392 0.58787 0.58184 0.57512 0.56890 0.56211 0.55563 0.54882
  -14     2.575 0.60467 0.59815 0.59250 0.58615 0.57978 0.57338 0.56676 0.56018 0.55318
  -14     2.625 0.60894 0.60268 0.59696 0.59034 0.58425 0.57780 0.57113 0.56448 0.55766
  -14     2.675 0.61293 0.60702 0.60131 0.59465 0.58862 0.58187 0.57545 0.56865 0.56215
  -14     2.725 0.61689 0.61137 0.60526 0.59898 0.59268 0.58603 0.57961 0.57275 0.56629
  -14     2.775 0.62088 0.61558 0.60919 0.60306 0.59666 0.59013 0.58366 0.57693 0.57026
  -14     2.825 0.62489 0.61951 0.61296 0.60707 0.60039 0.59420 0.58759 0.58084 0.57409
  -14     2.875 0.62898 0.62318 0.61683 0.61096 0.60412 0.59805 0.59134 0.58467 0.57788
  -14     2.925 0.63292 0.62675 0.62057 0.61464 0.60802 0.60175 0.59491 0.58841 0.58142
  -14     2.975 0.63671 0.63019 0.62432 0.61820 0.61177 0.60530 0.59860 0.59211 0.58525
  -14     3.025 0.64022 0.63354 0.62803 0.62158 0.61533 0.60885 0.60222 0.59559 0.58895
  -14     3.075 0.64337 0.63700 0.63161 0.62474 0.61874 0.61212 0.60572 0.59891 0.59230
  -14     3.125 0.64650 0.64054 0.63497 0.62811 0.62211 0.61540 0.60907 0.60210 0.59563
  -14     3.175 0.64971 0.64405 0.63809 0.63154 0.62552 0.61875 0.61235 0.60552 0.59885
  -14     3.225 0.65275 0.64739 0.64112 0.63486 0.62868 0.62205 0.61550 0.60881 0.60206
  -14     3.275 0.65583 0.65054 0.64394 0.63800 0.63165 0.62512 0.61851 0.61194 0.60507
  -14     3.325 0.65886 0.65353 0.64667 0.64119 0.63449 0.62816 0.62144 0.61508 0.60799
  -14     3.375 0.66196 0.65647 0.64975 0.64423 0.63733 0.63123 0.62447 0.61799 0.61106
  -14     3.425 0.66490 0.65920 0.65282 0.64720 0.64028 0.63420 0.62747 0.62079 0.61407
  -14     3.475 0.66788 0.66194 0.65589 0.64994 0.64316 0.63702 0.63036 0.62353 0.61696
  -14     3.525 0.67062 0.66465 0.65879 0.65240 0.64597 0.63967 0.63304 0.62627 0.61972
  -14     3.575 0.67346 0.66709 0.66157 0.65481 0.64879 0.64226 0.63574 0.62903 0.62245
  -14     3.625 0.67613 0.66958 0.66419 0.65725 0.65167 0.64473 0.63836 0.63164 0.62509
  -14     3.675 0.67871 0.67213 0.66680 0.65983 0.65441 0.64734 0.64099 0.63431 0.62749
  -14     3.725 0.68125 0.67481 0.66939 0.66249 0.65691 0.64981 0.64352 0.63695 0.62990
  -14     3.775 0.68373 0.67728 0.67187 0.66504 0.65925 0.65225 0.64612 0.63935 0.63231
  -14     3.825 0.68614 0.67970 0.67413 0.66751 0.66157 0.65471 0.64861 0.64172 0.63470
  -14     3.875 0.68851 0.68198 0.67635 0.66992 0.66377 0.65712 0.65082 0.64411 0.63707
  -14     3.925 0.69077 0.68424 0.67863 0.67216 0.66595 0.65948 0.65306 0.64637 0.63954
  -14     3.975 0.69287 0.68650 0.68088 0.67428 0.66829 0.66177 0.65532 0.64866 0.64191
  -14     4.025 0.69501 0.68864 0.68318 0.67625 0.67068 0.66398 0.65757 0.65095 0.64415
  -14     4.075 0.69715 0.69073 0.68555 0.67839 0.67294 0.66613 0.65972 0.65327 0.64624
  -14     4.125 0.69946 0.69280 0.68774 0.68045 0.67515 0.66817 0.66186 0.65536 0.64823
  -14     4.175 0.70164 0.69499 0.68984 0.68265 0.67737 0.67014 0.66399 0.65731 0.65030
  -14     4.225 0.70373 0.69705 0.69192 0.68477 0.67950 0.67211 0.66600 0.65912 0.65244
  -14     4.275 0.70574 0.69906 0.69380 0.68673 0.68131 0.67391 0.66811 0.66108 0.65457
  -14     4.325 0.70766 0.70107 0.69565 0.68877 0.68314 0.67593 0.67019 0.66295 0.65660
  -14     4.375 0.70943 0.70304 0.69747 0.69075 0.68498 0.67800 0.67218 0.66484 0.65862
  -14     4.425 0.71129 0.70493 0.69949 0.69282 0.68691 0.67998 0.67411 0.66677 0.66052
  -14     4.475 0.71321 0.70667 0.70159 0.69471 0.68890 0.68184 0.67596 0.66870 0.66228
  -14     4.525 0.71517 0.70831 0.70341 0.69629 0.69063 0.68382 0.67761 0.67063 0.66393
  -14     4.575 0.71704 0.70993 0.70499 0.69819 0.69228 0.68586 0.67902 0.67258 0.66565
  -14     4.625 0.71864 0.71194 0.70644 0.70026 0.69371 0.68778 0.68039 0.67451 0.66755
  -14     4.675 0.72019 0.71398 0.70780 0.70220 0.69523 0.68952 0.68214 0.67633 0.66942
  -14     4.725 0.72145 0.71591 0.70939 0.70398 0.69684 0.69112 0.68391 0.67792 0.67106
  -14     4.775 0.72292 0.71767 0.71102 0.70550 0.69842 0.69264 0.68563 0.67955 0.67253
  -14     4.825 0.72457 0.71920 0.71258 0.70711 0.70011 0.69435 0.68731 0.68118 0.67403
  -14     4.875 0.72616 0.72098 0.71399 0.70878 0.70169 0.69610 0.68902 0.68265 0.67575
  -14     4.925 0.72768 0.72293 0.71528 0.71055 0.70329 0.69779 0.69072 0.68402 0.67744
  -14     4.975 0.72893 0.72478 0.71695 0.71220 0.70490 0.69921 0.69243 0.68537 0.67905
  -14     5.025 0.73042 0.72629 0.71864 0.71351 0.70663 0.70059 0.69392 0.68696 0.68052
  -14     5.075 0.73195 0.72737 0.72034 0.71485 0.70820 0.70176 0.69535 0.68854 0.68203
  -14     5.125 0.73339 0.72861 0.72184 0.71623 0.70969 0.70297 0.69690 0.69008 0.68349
  -14     5.175 0.73477 0.72988 0.72328 0.71749 0.71125 0.70426 0.69845 0.69161 0.68488
  -14     5.225 0.73614 0.73108 0.72489 0.71866 0.71275 0.70566 0.69996 0.69306 0.68621
  -14     5.275 0.73768 0.73220 0.72655 0.71977 0.71424 0.70716 0.70137 0.69446 0.68748
  -14     5.325 0.73920 0.73327 0.72816 0.72104 0.71565 0.70867 0.70272 0.69586 0.68887
  -14     5.375 0.74066 0.73456 0.72965 0.72227 0.71705 0.71004 0.70415 0.69720 0.69035
  -14     5.425 0.74204 0.73576 0.73113 0.72358 0.71859 0.71133 0.70541 0.69857 0.69185
  -14     5.475 0.74329 0.73687 0.73242 0.72489 0.72011 0.71273 0.70650 0.69995 0.69328
  -14     5.525 0.74475 0.73800 0.73356 0.72621 0.72127 0.71417 0.70744 0.70123 0.69453
  -14     5.575 0.74617 0.73920 0.73472 0.72763 0.72231 0.71546 0.70848 0.70245 0.69574
  -14     5.625 0.74762 0.74057 0.73575 0.72907 0.72341 0.71678 0.70987 0.70362 0.69702
  -14     5.675 0.74894 0.74194 0.73688 0.73046 0.72451 0.71796 0.71122 0.70485 0.69825
  -14     5.725 0.75032 0.74312 0.73809 0.73172 0.72545 0.71928 0.71239 0.70607 0.69947
  -14     5.775 0.75154 0.74436 0.73928 0.73311 0.72627 0.72058 0.71354 0.70724 0.70063
  -14     5.825 0.75269 0.74559 0.74035 0.73436 0.72706 0.72188 0.71475 0.70834 0.70169
  -14     5.875 0.75384 0.74695 0.74127 0.73554 0.72811 0.72310 0.71596 0.70949 0.70278
  -14     5.925 0.75495 0.74833 0.74227 0.73677 0.72938 0.72441 0.71708 0.71066 0.70375
  -14     5.975 0.75592 0.74961 0.74341 0.73792 0.73056 0.72578 0.71811 0.71161 0.70488
  -14     6.025 0.75685 0.75080 0.74448 0.73903 0.73174 0.72690 0.71924 0.71259 0.70606
  -14     6.075 0.75779 0.75204 0.74541 0.74012 0.73290 0.72764 0.72042 0.71371 0.70719
  -14     6.125 0.75870 0.75319 0.74628 0.74128 0.73412 0.72834 0.72161 0.71481 0.70823
  -14     6.175 0.75960 0.75439 0.74720 0.74239 0.73522 0.72913 0.72280 0.71596 0.70923
  -14     6.225 0.76054 0.75561 0.74835 0.74341 0.73636 0.72994 0.72396 0.71706 0.71032
  -14     6.275 0.76155 0.75677 0.74945 0.74418 0.73750 0.73069 0.72510 0.71803 0.71137
  -14     6.325 0.76249 0.75787 0.75037 0.74507 0.73858 0.73136 0.72623 0.71899 0.71238
  -14     6.375 0.76334 0.75893 0.75133 0.74598 0.73962 0.73232 0.72737 0.72000 0.71338
  -14     6.425 0.76410 0.75991 0.75235 0.74682 0.74073 0.73342 0.72836 0.72099 0.71447
  -14     6.475 0.76498 0.76067 0.75332 0.74764 0.74183 0.73446 0.72926 0.72203 0.71549
  -14     6.525 0.76578 0.76142 0.75451 0.74861 0.74297 0.73540 0.73020 0.72304 0.71653
  -14     6.575 0.76635 0.76223 0.75569 0.74953 0.74407 0.73640 0.73107 0.72401 0.71751
  -14     6.625 0.76700 0.76309 0.75672 0.75028 0.74514 0.73734 0.73190 0.72497 0.71835
  -14     6.675 0.76768 0.76394 0.75781 0.75095 0.74613 0.73827 0.73261 0.72588 0.71920
  -14     6.725 0.76846 0.76467 0.75884 0.75156 0.74712 0.73926 0.73335 0.72681 0.72008
  -14     6.775 0.76928 0.76549 0.75982 0.75212 0.74809 0.74011 0.73413 0.72761 0.72102
  -14     6.825 0.77020 0.76641 0.76087 0.75302 0.74916 0.74085 0.73486 0.72844 0.72194
  -14     6.875 0.77099 0.76735 0.76177 0.75396 0.75017 0.74156 0.73582 0.72934 0.72284
  -14     6.925 0.77173 0.76824 0.76261 0.75481 0.75095 0.74232 0.73676 0.73007 0.72376
  -14     6.975 0.77249 0.76927 0.76348 0.75574 0.75181 0.74308 0.73772 0.73081 0.72471
  -14     7.025 0.77326 0.77033 0.76421 0.75678 0.75268 0.74368 0.73873 0.73156 0.72563
  -14     7.075 0.77394 0.77129 0.76498 0.75776 0.75335 0.74443 0.73972 0.73217 0.72654
  -14     7.125 0.77458 0.77214 0.76576 0.75872 0.75395 0.74538 0.74073 0.73283 0.72742
  -14     7.175 0.77520 0.77288 0.76649 0.75962 0.75453 0.74633 0.74168 0.73367 0.72822
  -14     7.225 0.77608 0.77341 0.76702 0.76049 0.75506 0.74732 0.74261 0.73455 0.72899
  -14     7.275 0.77719 0.77390 0.76758 0.76137 0.75555 0.74837 0.74342 0.73522 0.72978
  -14     7.325 0.77832 0.77438 0.76809 0.76223 0.75603 0.74942 0.74417 0.73589 0.73054
  -14     7.375 0.77961 0.77497 0.76866 0.76303 0.75650 0.75040 0.74483 0.73658 0.73115
  -14     7.425 0.78088 0.77566 0.76959 0.76378 0.75714 0.75143 0.74542 0.73747 0.73181
  -14     7.475 0.78211 0.77628 0.77045 0.76450 0.75784 0.75232 0.74601 0.73835 0.73244
  -14     7.525 0.78340 0.77696 0.77140 0.76523 0.75869 0.75321 0.74676 0.73925 0.73313
  -14     7.575 0.78447 0.77762 0.77227 0.76596 0.75951 0.75384 0.74756 0.74013 0.73386
  -14     7.625 0.78546 0.77830 0.77300 0.76659 0.76041 0.75430 0.74838 0.74106 0.73445
  -14     7.675 0.78640 0.77906 0.77365 0.76720 0.76132 0.75472 0.74919 0.74200 0.73492
  -14     7.725 0.78725 0.78000 0.77431 0.76777 0.76220 0.75511 0.74989 0.74274 0.73542
  -14     7.775 0.78797 0.78087 0.77507 0.76848 0.76302 0.75561 0.75056 0.74341 0.73603
  -14     7.825 0.78841 0.78172 0.77575 0.76924 0.76368 0.75619 0.75112 0.74413 0.73673
  -14     7.875 0.78866 0.78255 0.77621 0.77000 0.76423 0.75680 0.75166 0.74487 0.73740
  -14     7.925 0.78885 0.78341 0.77667 0.77086 0.76473 0.75744 0.75226 0.74564 0.73798
  -14     7.975 0.78942 0.78414 0.77708 0.77175 0.76521 0.75803 0.75287 0.74639 0.73879
  -14     8.025 0.79017 0.78478 0.77754 0.77256 0.76571 0.75881 0.75343 0.74705 0.73961
  -14     8.075 0.79090 0.78531 0.77802 0.77334 0.76619 0.75962 0.75398 0.74766 0.74043
  -14     8.125 0.79171 0.78579 0.77868 0.77406 0.76680 0.76038 0.75451 0.74845 0.74116
  -14     8.175 0.79241 0.78663 0.77928 0.77473 0.76761 0.76108 0.75509 0.74924 0.74174
  -14     8.225 0.79303 0.78763 0.77990 0.77532 0.76845 0.76171 0.75565 0.74994 0.74227
  -14     8.275 0.79348 0.78865 0.78045 0.77588 0.76924 0.76234 0.75622 0.75062 0.74291
  -14     8.325 0.79370 0.78971 0.78110 0.77640 0.76999 0.76311 0.75657 0.75122 0.74362
  -14     8.375 0.79388 0.79058 0.78185 0.77692 0.77068 0.76388 0.75689 0.75173 0.74433
  -14     8.425 0.79394 0.79143 0.78265 0.77737 0.77140 0.76463 0.75721 0.75220 0.74504
  -14     8.475 0.79391 0.79187 0.78342 0.77776 0.77205 0.76522 0.75767 0.75268 0.74572
  -14     8.525 0.79403 0.79212 0.78417 0.77827 0.77265 0.76577 0.75822 0.75305 0.74644
  -14     8.575 0.79459 0.79226 0.78502 0.77895 0.77313 0.76626 0.75886 0.75341 0.74706
  -14     8.625 0.79522 0.79234 0.78581 0.77959 0.77360 0.76674 0.75950 0.75387 0.74766
  -14     8.675 0.79577 0.79247 0.78656 0.78017 0.77426 0.76716 0.76029 0.75442 0.74824
  -14     8.725 0.79643 0.79281 0.78720 0.78057 0.77500 0.76750 0.76108 0.75501 0.74873
  -14     8.775 0.79708 0.79321 0.78774 0.78086 0.77578 0.76790 0.76187 0.75558 0.74933
  -14     8.825 0.79770 0.79363 0.78831 0.78116 0.77640 0.76846 0.76246 0.75618 0.74999
  -14     8.875 0.79818 0.79394 0.78897 0.78159 0.77701 0.76906 0.76300 0.75675 0.75069
  -14     8.925 0.79864 0.79430 0.78958 0.78196 0.77760 0.76986 0.76350 0.75728 0.75130
  -14     8.975 0.79913 0.79474 0.79022 0.78227 0.77816 0.77067 0.76409 0.75777 0.75172
  -14     9.025 0.79968 0.79524 0.79086 0.78272 0.77868 0.77142 0.76485 0.75822 0.75206
  -14     9.075 0.80035 0.79563 0.79143 0.78330 0.77914 0.77204 0.76543 0.75855 0.75240
  -14     9.125 0.80111 0.79593 0.79194 0.78388 0.77955 0.77266 0.76597 0.75895 0.75275
  -14     9.175 0.80179 0.79626 0.79255 0.78446 0.77993 0.77321 0.76647 0.75940 0.75304
  -14     9.225 0.80245 0.79671 0.79309 0.78504 0.78030 0.77370 0.76694 0.75983 0.75341
  -14     9.275 0.80311 0.79702 0.79354 0.78576 0.78053 0.77419 0.76735 0.76027 0.75386
  -14     9.325 0.80366 0.79736 0.79401 0.78641 0.78075 0.77477 0.76777 0.76074 0.75433
  -14     9.375 0.80407 0.79767 0.79450 0.78692 0.78102 0.77536 0.76821 0.76133 0.75486
  -14     9.425 0.80449 0.79788 0.79479 0.78741 0.78128 0.77602 0.76869 0.76187 0.75536
  -14     9.475 0.80508 0.79813 0.79514 0.78791 0.78147 0.77665 0.76931 0.76240 0.75585
  -14     9.525 0.80579 0.79838 0.79551 0.78845 0.78155 0.77734 0.76992 0.76292 0.75638
  -14     9.575 0.80650 0.79872 0.79584 0.78897 0.78157 0.77803 0.77041 0.76354 0.75687
  -14     9.625 0.80724 0.79904 0.79609 0.78942 0.78186 0.77870 0.77097 0.76417 0.75738
  -14     9.675 0.80786 0.79941 0.79642 0.79008 0.78234 0.77918 0.77149 0.76481 0.75786
  -14     9.725 0.80845 0.79985 0.79680 0.79077 0.78290 0.77958 0.77195 0.76533 0.75838
  -14     9.775 0.80899 0.80047 0.79709 0.79144 0.78340 0.77990 0.77244 0.76588 0.75888
  -14     9.825 0.80955 0.80091 0.79741 0.79208 0.78387 0.78011 0.77296 0.76638 0.75935
  -14     9.875 0.81029 0.80128 0.79770 0.79258 0.78428 0.78040 0.77345 0.76676 0.75963
  -14     9.925 0.81104 0.80174 0.79799 0.79303 0.78456 0.78066 0.77397 0.76709 0.75992
  -14     9.975 0.81191 0.80215 0.79842 0.79350 0.78486 0.78085 0.77458 0.76745 0.76021
  -14    11.000 0.82250 0.81386 0.80389 0.80310 0.79392 0.78648 0.78291 0.77508 0.76946
  -14    12.000 0.82395 0.82129 0.81522 0.80533 0.80196 0.79505 0.78787 0.78051 0.77523
  -14    13.000 0.82852 0.82322 0.82111 0.81424 0.80493 0.80122 0.79542 0.78653 0.77942
  -14    14.000 0.83387 0.82614 0.82258 0.81955 0.81277 0.80410 0.80062 0.79404 0.78563
  -14    15.000 0.84031 0.83106 0.82100 0.82245 0.81867 0.80754 0.80284 0.80084 0.79165
  -14    16.000 0.84783 0.83240 0.82664 0.82242 0.81906 0.81109 0.80575 0.80232 0.79600
  -14    17.000 0.84529 0.84035 0.83172 0.82431 0.82049 0.81421 0.80992 0.80106 0.79757
  -14    18.000 0.84611 0.84623 0.83871 0.82889 0.81996 0.81565 0.81196 0.80452 0.79754
  -14    19.000 0.85197 0.84282 0.84511 0.83330 0.82353 0.81655 0.81414 0.80760 0.79839
  -14    20.000 0.85461 0.84448 0.84960 0.84273 0.82906 0.81557 0.81776 0.81172 0.80329
   16     2.700 0.00000 0.00000 0.00000 0.00000 0.00000 0.00000 0.00000 0.00000 0.00000
   16     2.800 0.00000 0.00000 0.00000 0.00000 0.00000 0.00001 0.00009 0.00024 0.00048
   16     2.900 0.00000 0.00005 0.00021 0.00050 0.00090 0.00140 0.00199 0.00265 0.00337
   16     3.000 0.00139 0.00213 0.00297 0.00390 0.00489 0.00593 0.00700 0.00809 0.00920
   16     3.100 0.00674 0.00813 0.00953 0.01094 0.01236 0.01376 0.01515 0.01652 0.01786
   16     3.200 0.01634 0.01809 0.01979 0.02144 0.02305 0.02462 0.02613 0.02760 0.02902
   16     3.300 0.02976 0.03156 0.03328 0.03494 0.03653 0.03806 0.03952 0.04093 0.04228
   16     3.400 0.04634 0.04793 0.04944 0.05089 0.05228 0.05361 0.05488 0.05609 0.05726
   16     3.500 0.06537 0.06654 0.06767 0.06876 0.06980 0.07080 0.07176 0.07269 0.07358
   16     3.600 0.08616 0.08679 0.08741 0.08802 0.08863 0.08922 0.08980 0.09036 0.09088
   16     3.700 0.10809 0.10810 0.10815 0.10824 0.10834 0.10848 0.10862 0.10876 0.10886
   16     3.800 0.13060 0.12998 0.12945 0.12899 0.12859 0.12824 0.12792 0.12759 0.12723
   16     3.900 0.15320 0.15200 0.15092 0.14994 0.14905 0.14822 0.14742 0.14661 0.14577
   16     4.000 0.17548 0.17379 0.17223 0.17079 0.16944 0.16814 0.16687 0.16560 0.16429
   16     4.100 0.19707 0.19504 0.19311 0.19127 0.18952 0.18780 0.18610 0.18438 0.18263
   16     4.200 0.21770 0.21548 0.21330 0.21118 0.20910 0.20701 0.20492 0.20280 0.20065
   16     4.300 0.23713 0.23490 0.23263 0.23033 0.22800 0.22563 0.22321 0.22075 0.21823
   16     4.400 0.25514 0.25312 0.25092 0.24857 0.24611 0.24354 0.24088 0.23813 0.23529
   16     4.500 0.27174 0.27001 0.26804 0.26579 0.26330 0.26063 0.25781 0.25484 0.25177
   16     4.600 0.28735 0.28573 0.28393 0.28188 0.27951 0.27684 0.27394 0.27085 0.26759
   16     4.700 0.30218 0.30061 0.29885 0.29689 0.29465 0.29210 0.28923 0.28608 0.28270
   16     4.800 0.31636 0.31480 0.31305 0.31108 0.30887 0.30640 0.30362 0.30051 0.29710
   16     4.900 0.32995 0.32838 0.32661 0.32462 0.32239 0.31989 0.31715 0.31411 0.31074
   16     5.000 0.34300 0.34141 0.33961 0.33757 0.33530 0.33277 0.32998 0.32692 0.32360
   16     5.100 0.35558 0.35394 0.35209 0.35001 0.34767 0.34508 0.34224 0.33914 0.33579
   16     5.200 0.36770 0.36602 0.36411 0.36196 0.35956 0.35691 0.35400 0.35082 0.34742
   16     5.300 0.37939 0.37766 0.37569 0.37348 0.37100 0.36826 0.36529 0.36205 0.35857
   16     5.400 0.39068 0.38890 0.38686 0.38457 0.38203 0.37922 0.37615 0.37283 0.36928
   16     5.500 0.40159 0.39975 0.39764 0.39527 0.39265 0.38976 0.38663 0.38323 0.37959
   16     5.600 0.41214 0.41022 0.40806 0.40562 0.40291 0.39994 0.39671 0.39324 0.38952
   16     5.700 0.42234 0.42036 0.41811 0.41560 0.41282 0.40978 0.40647 0.40291 0.39909
   16     5.800 0.43222 0.43017 0.42785 0.42525 0.42238 0.41926 0.41588 0.41224 0.40837
   16     5.900 0.44177 0.43965 0.43727 0.43461 0.43165 0.42845 0.42496 0.42124 0.41729
   16     6.000 0.45102 0.44882 0.44637 0.44364 0.44061 0.43733 0.43379 0.42998 0.42595
   16     6.100 0.45999 0.45773 0.45519 0.45236 0.44926 0.44591 0.44229 0.43841 0.43431
   16     6.200 0.46868 0.46635 0.46374 0.46085 0.45767 0.45423 0.45052 0.44656 0.44238
   16     6.300 0.47709 0.47469 0.47202 0.46906 0.46581 0.46230 0.45852 0.45449 0.45022
   16     6.400 0.48524 0.48276 0.48003 0.47699 0.47368 0.47009 0.46624 0.46215 0.45782
   16     6.500 0.49316 0.49062 0.48781 0.48469 0.48130 0.47763 0.47371 0.46955 0.46515
   16     6.600 0.50083 0.49824 0.49536 0.49218 0.48873 0.48499 0.48100 0.47676 0.47229
   16     6.700 0.50827 0.50562 0.50267 0.49943 0.49591 0.49210 0.48805 0.48375 0.47922
   16     6.800 0.51548 0.51276 0.50976 0.50644 0.50285 0.49898 0.49487 0.49050 0.48591
   16     6.900 0.52250 0.51971 0.51664 0.51325 0.50960 0.50567 0.50149 0.49705 0.49240
   16     7.000 0.52931 0.52648 0.52332 0.51989 0.51618 0.51218 0.50795 0.50345 0.49875
   16     7.100 0.53593 0.53303 0.52982 0.52633 0.52255 0.51850 0.51419 0.50965 0.50487
   16     7.200 0.54234 0.53939 0.53612 0.53257 0.52872 0.52462 0.52025 0.51565 0.51081
   16     7.300 0.54857 0.54556 0.54223 0.53861 0.53470 0.53054 0.52611 0.52147 0.51659
   16     7.400 0.55464 0.55157 0.54818 0.54452 0.54057 0.53636 0.53188 0.52719 0.52224
   16     7.500 0.56055 0.55742 0.55397 0.55027 0.54625 0.54199 0.53746 0.53269 0.52771
   16     7.600 0.56629 0.56311 0.55961 0.55584 0.55177 0.54745 0.54287 0.53804 0.53301
   16     7.700 0.57187 0.56864 0.56510 0.56125 0.55714 0.55275 0.54812 0.54324 0.53815
   16     7.800 0.57728 0.57400 0.57040 0.56650 0.56234 0.55788 0.55323 0.54832 0.54322
   16     7.900 0.58257 0.57921 0.57554 0.57160 0.56741 0.56294 0.55825 0.55328 0.54814
   16     8.000 0.58767 0.58427 0.58060 0.57662 0.57238 0.56786 0.56311 0.55810 0.55287
   16     8.100 0.59269 0.58925 0.58553 0.58148 0.57721 0.57262 0.56780 0.56277 0.55748
   16     8.200 0.59758 0.59407 0.59033 0.58622 0.58189 0.57725 0.57239 0.56729 0.56199
   16     8.300 0.60233 0.59879 0.59496 0.59081 0.58642 0.58175 0.57684 0.57175 0.56643
   16     8.400 0.60696 0.60334 0.59948 0.59530 0.59083 0.58616 0.58122 0.57610 0.57072
   16     8.500 0.61144 0.60781 0.60386 0.59964 0.59517 0.59048 0.58550 0.58033 0.57491
   16     8.600 0.61583 0.61212 0.60815 0.60393 0.59941 0.59466 0.58966 0.58441 0.57896
   16     8.700 0.62009 0.61633 0.61236 0.60809 0.60355 0.59876 0.59369 0.58838 0.58290
   16     8.800 0.62422 0.62051 0.61644 0.61215 0.60755 0.60270 0.59759 0.59227 0.58680
   16     8.900 0.62834 0.62452 0.62046 0.61613 0.61143 0.60656 0.60143 0.59610 0.59060
   16     9.000 0.63226 0.62849 0.62433 0.61996 0.61524 0.61029 0.60521 0.59985 0.59430
   16     9.100 0.63612 0.63232 0.62811 0.62368 0.61893 0.61402 0.60888 0.60348 0.59789
   16     9.200 0.63995 0.63606 0.63182 0.62731 0.62265 0.61765 0.61247 0.60703 0.60135
   16     9.300 0.64366 0.63971 0.63542 0.63091 0.62619 0.62117 0.61594 0.61044 0.60472
   16     9.400 0.64717 0.64320 0.63888 0.63438 0.62961 0.62460 0.61930 0.61380 0.60814
   16     9.500 0.65065 0.64664 0.64240 0.63784 0.63306 0.62795 0.62262 0.61714 0.61143
   16     9.600 0.65414 0.65012 0.64583 0.64121 0.63639 0.63119 0.62583 0.62034 0.61461
   16     9.700 0.65744 0.65348 0.64908 0.64443 0.63952 0.63432 0.62899 0.62353 0.61776
   16     9.800 0.66070 0.65664 0.65229 0.64756 0.64267 0.63752 0.63216 0.62660 0.62081
   16     9.900 0.66397 0.65979 0.65546 0.65069 0.64571 0.64064 0.63519 0.62957 0.62374
   16    10.000 0.66710 0.66291 0.65850 0.65370 0.64872 0.64359 0.63816 0.63249 0.62664
   16    10.000 0.66710 0.66291 0.65850 0.65370 0.64872 0.64359 0.63816 0.63249 0.62664
   16    11.000 0.69484 0.69043 0.68570 0.68064 0.67551 0.67011 0.66440 0.65853 0.65255
   16    12.000 0.71720 0.71265 0.70778 0.70255 0.69710 0.69163 0.68582 0.67971 0.67363
   16    13.000 0.73588 0.73093 0.72588 0.72066 0.71503 0.70923 0.70338 0.69725 0.69097
   16    14.000 0.75129 0.74641 0.74102 0.73557 0.73013 0.72412 0.71809 0.71189 0.70548
   16    15.000 0.76404 0.75910 0.75403 0.74827 0.74248 0.73676 0.73054 0.72433 0.71795
   16    16.000 0.77509 0.77019 0.76487 0.75929 0.75340 0.74723 0.74125 0.73489 0.72851
   16    17.000 0.78508 0.77965 0.77425 0.76868 0.76276 0.75672 0.75021 0.74408 0.73760
   16    18.000 0.79336 0.78809 0.78241 0.77672 0.77103 0.76465 0.75864 0.75206 0.74561
   16    19.000 0.80062 0.79573 0.78966 0.78380 0.77745 0.77202 0.76582 0.75941 0.75270
   16    20.000 0.80728 0.80191 0.79643 0.79034 0.78416 0.77795 0.77185 0.76562 0.75902
   16    21.000 0.81248 0.80760 0.80198 0.79610 0.79001 0.78378 0.77725 0.77076 0.76476
   16    22.000 0.81739 0.81227 0.80666 0.80166 0.79481 0.78891 0.78214 0.77621 0.76894
   16    23.000 0.82210 0.81644 0.81118 0.80569 0.79999 0.79379 0.78692 0.78018 0.77387
   16    24.000 0.82649 0.82105 0.81510 0.80885 0.80422 0.79740 0.79120 0.78475 0.77790
   16    25.000 0.83037 0.82483 0.81878 0.81284 0.80712 0.80150 0.79510 0.78848 0.78153
   16    26.000 0.83426 0.82875 0.82236 0.81621 0.80990 0.80445 0.79789 0.79228 0.78525
   16    27.000 0.83703 0.83224 0.82571 0.81938 0.81352 0.80689 0.80095 0.79499 0.78823
   16    28.000 0.84070 0.83554 0.82887 0.82249 0.81652 0.80908 0.80392 0.79703 0.79133
   16    29.000 0.84322 0.83802 0.83167 0.82586 0.81880 0.81283 0.80599 0.79942 0.79350
   16    30.000 0.84626 0.83996 0.83488 0.82878 0.82132 0.81563 0.80786 0.80200 0.79526
   16    31.000 0.84676 0.84244 0.83713 0.83076 0.82443 0.81768 0.81110 0.80411 0.79720
   16    32.000 0.84787 0.84437 0.83870 0.83302 0.82728 0.81951 0.81386 0.80583 0.79988
   16    33.000 0.84952 0.84564 0.84037 0.83529 0.82927 0.82192 0.81626 0.80799 0.80194
   16    34.000 0.85153 0.84618 0.84182 0.83666 0.83123 0.82431 0.81777 0.81064 0.80366
   16    35.000 0.85308 0.84752 0.84300 0.83717 0.83273 0.82625 0.81986 0.81318 0.80551
   16    36.000 0.85393 0.84823 0.84375 0.83819 0.83384 0.82787 0.82102 0.81470 0.80776
   16    37.000 0.85532 0.85006 0.84373 0.83958 0.83390 0.82929 0.82315 0.81644 0.81003
   16    38.000 0.85690 0.85150 0.84553 0.84004 0.83451 0.83027 0.82397 0.81793 0.81087
   16    39.000 0.85902 0.85291 0.84605 0.84187 0.83508 0.83098 0.82534 0.81905 0.81261
   16    40.000 0.86012 0.85466 0.84724 0.84242 0.83625 0.83106 0.82573 0.82042 0.81356
   16    41.000 0.86080 0.85640 0.84895 0.84325 0.83726 0.83101 0.82621 0.82108 0.81446
   16    42.000 0.86266 0.85781 0.85000 0.84419 0.83820 0.83186 0.82659 0.82126 0.81506
   16    43.000 0.86438 0.85966 0.85152 0.84530 0.83892 0.83299 0.82673 0.82146 0.81605
   16    44.000 0.86638 0.86108 0.85303 0.84687 0.83999 0.83377 0.82694 0.82172 0.81604
   16    45.000 0.86845 0.86254 0.85495 0.84779 0.84094 0.83511 0.82777 0.82228 0.81686
   16    46.000 0.87064 0.86285 0.85708 0.84897 0.84213 0.83530 0.82946 0.82171 0.81733
   16    47.000 0.87166 0.86450 0.85828 0.84981 0.84410 0.83529 0.83062 0.82188 0.81730
   16    48.000 0.87233 0.86696 0.86032 0.85145 0.84533 0.83681 0.83172 0.82260 0.81849
   16    49.000 0.87482 0.86891 0.86116 0.85405 0.84595 0.83805 0.83260 0.82383 0.81864
   16    50.000 0.87707 0.87050 0.86192 0.85584 0.84764 0.83931 0.83331 0.82542 0.81866
   16    51.000 0.87920 0.87129 0.86307 0.85722 0.84875 0.84110 0.83415 0.82689 0.81918
   16    52.000 0.87965 0.87360 0.86479 0.85900 0.85052 0.84199 0.83501 0.82804 0.82025
   16    53.000 0.88032 0.87529 0.86638 0.86051 0.85213 0.84348 0.83637 0.82875 0.82145
   16    54.000 0.88106 0.87785 0.86705 0.86150 0.85401 0.84449 0.83864 0.82977 0.82304
   16    55.000 0.88116 0.87988 0.86819 0.86193 0.85614 0.84585 0.83959 0.83081 0.82462
   16    56.000 0.88039 0.88039 0.87041 0.86323 0.85792 0.84762 0.84049 0.83186 0.82570
   16    57.000 0.87955 0.88013 0.87218 0.86457 0.85868 0.84986 0.84213 0.83290 0.82666
   16    58.000 0.88089 0.88048 0.87362 0.86582 0.85981 0.85056 0.84359 0.83524 0.82747
   16    59.000 0.88223 0.88049 0.87517 0.86637 0.86082 0.85290 0.84480 0.83597 0.82914
   16    60.000 0.88299 0.87926 0.87599 0.86803 0.86097 0.85513 0.84661 0.83640 0.83064
  -16     2.700 0.00000 0.00000 0.00000 0.00000 0.00000 0.00000 0.00000 0.00000 0.00000
  -16     2.800 0.00000 0.00000 0.00000 0.00000 0.00000 0.00000 0.00001 0.00002 0.00005
  -16     2.900 0.00000 0.00000 0.00002 0.00005 0.00010 0.00016 0.00024 0.00034 0.00046
  -16     3.000 0.00014 0.00023 0.00035 0.00048 0.00064 0.00082 0.00102 0.00124 0.00148
  -16     3.100 0.00085 0.00109 0.00135 0.00163 0.00193 0.00225 0.00259 0.00294 0.00331
  -16     3.200 0.00246 0.00286 0.00328 0.00371 0.00416 0.00462 0.00510 0.00558 0.00608
  -16     3.300 0.00520 0.00575 0.00631 0.00688 0.00746 0.00805 0.00865 0.00925 0.00985
  -16     3.400 0.00920 0.00987 0.01054 0.01122 0.01191 0.01259 0.01328 0.01396 0.01465
  -16     3.500 0.01451 0.01525 0.01600 0.01675 0.01749 0.01824 0.01898 0.01972 0.02046
  -16     3.600 0.02112 0.02189 0.02266 0.02343 0.02420 0.02496 0.02573 0.02648 0.02723
  -16     3.700 0.02897 0.02971 0.03045 0.03120 0.03195 0.03270 0.03344 0.03418 0.03488
  -16     3.800 0.03795 0.03862 0.03929 0.03998 0.04067 0.04137 0.04205 0.04271 0.04332
  -16     3.900 0.04795 0.04850 0.04907 0.04966 0.05026 0.05086 0.05144 0.05198 0.05248
  -16     4.000 0.05881 0.05922 0.05966 0.06012 0.06060 0.06107 0.06151 0.06191 0.06224
  -16     4.100 0.07037 0.07064 0.07093 0.07125 0.07158 0.07189 0.07216 0.07237 0.07253
  -16     4.200 0.08250 0.08261 0.08275 0.08292 0.08307 0.08320 0.08328 0.08329 0.08324
  -16     4.300 0.09502 0.09500 0.09499 0.09499 0.09496 0.09489 0.09476 0.09457 0.09430
  -16     4.400 0.10780 0.10766 0.10751 0.10735 0.10714 0.10687 0.10653 0.10612 0.10562
  -16     4.500 0.12069 0.12046 0.12020 0.11988 0.11949 0.11903 0.11848 0.11784 0.11712
  -16     4.600 0.13362 0.13330 0.13293 0.13248 0.13193 0.13128 0.13053 0.12969 0.12874
  -16     4.700 0.14653 0.14612 0.14564 0.14506 0.14437 0.14355 0.14262 0.14156 0.14040
  -16     4.800 0.15938 0.15888 0.15828 0.15756 0.15673 0.15576 0.15466 0.15342 0.15205
  -16     4.900 0.17212 0.17152 0.17080 0.16996 0.16898 0.16786 0.16660 0.16519 0.16364
  -16     5.000 0.18471 0.18401 0.18319 0.18222 0.18110 0.17983 0.17840 0.17682 0.17511
  -16     5.100 0.19713 0.19633 0.19539 0.19431 0.19305 0.19162 0.19005 0.18832 0.18643
  -16     5.200 0.20936 0.20846 0.20741 0.20619 0.20481 0.20325 0.20152 0.19962 0.19758
  -16     5.300 0.22136 0.22038 0.21922 0.21788 0.21636 0.21466 0.21280 0.21076 0.20856
  -16     5.400 0.23316 0.23207 0.23080 0.22935 0.22771 0.22588 0.22386 0.22167 0.21933
  -16     5.500 0.24472 0.24353 0.24216 0.24059 0.23882 0.23686 0.23472 0.23240 0.22990
  -16     5.600 0.25603 0.25475 0.25328 0.25160 0.24971 0.24762 0.24534 0.24289 0.24026
  -16     5.700 0.26711 0.26573 0.26415 0.26236 0.26036 0.25817 0.25576 0.25317 0.25040
  -16     5.800 0.27795 0.27648 0.27479 0.27289 0.27076 0.26845 0.26594 0.26323 0.26034
  -16     5.900 0.28853 0.28697 0.28519 0.28319 0.28095 0.27852 0.27588 0.27304 0.27004
  -16     6.000 0.29887 0.29720 0.29533 0.29323 0.29090 0.28836 0.28561 0.28266 0.27954
  -16     6.100 0.30897 0.30721 0.30524 0.30303 0.30059 0.29795 0.29510 0.29204 0.28881
  -16     6.200 0.31882 0.31699 0.31492 0.31262 0.31008 0.30733 0.30436 0.30119 0.29785
  -16     6.300 0.32843 0.32651 0.32436 0.32197 0.31934 0.31649 0.31342 0.31016 0.30669
  -16     6.400 0.33781 0.33579 0.33356 0.33107 0.32835 0.32541 0.32224 0.31888 0.31533
  -16     6.500 0.34696 0.34487 0.34254 0.33996 0.33714 0.33409 0.33083 0.32739 0.32374
  -16     6.600 0.35588 0.35372 0.35131 0.34864 0.34575 0.34261 0.33926 0.33571 0.33196
  -16     6.700 0.36458 0.36234 0.35985 0.35710 0.35412 0.35089 0.34747 0.34382 0.34000
  -16     6.800 0.37305 0.37074 0.36817 0.36534 0.36227 0.35896 0.35545 0.35173 0.34781
  -16     6.900 0.38133 0.37894 0.37629 0.37337 0.37023 0.36684 0.36325 0.35943 0.35544
  -16     7.000 0.38941 0.38695 0.38421 0.38123 0.37801 0.37454 0.37087 0.36698 0.36292
  -16     7.100 0.39728 0.39475 0.39194 0.38889 0.38558 0.38205 0.37829 0.37434 0.37018
  -16     7.200 0.40495 0.40235 0.39947 0.39634 0.39296 0.38936 0.38552 0.38149 0.37726
  -16     7.300 0.41242 0.40976 0.40680 0.40360 0.40014 0.39647 0.39256 0.38847 0.38418
  -16     7.400 0.41972 0.41699 0.41397 0.41071 0.40720 0.40345 0.39948 0.39533 0.39095
  -16     7.500 0.42685 0.42406 0.42097 0.41765 0.41406 0.41026 0.40622 0.40198 0.39755
  -16     7.600 0.43381 0.43095 0.42780 0.42441 0.42075 0.41688 0.41278 0.40846 0.40398
  -16     7.700 0.44059 0.43767 0.43447 0.43099 0.42728 0.42333 0.41917 0.41479 0.41023
  -16     7.800 0.44719 0.44421 0.44095 0.43741 0.43364 0.42961 0.42541 0.42099 0.41640
  -16     7.900 0.45365 0.45059 0.44725 0.44366 0.43986 0.43579 0.43155 0.42705 0.42241
  -16     8.000 0.45992 0.45681 0.45345 0.44982 0.44595 0.44184 0.43752 0.43297 0.42823
  -16     8.100 0.46609 0.46293 0.45951 0.45581 0.45189 0.44770 0.44331 0.43872 0.43392
  -16     8.200 0.47211 0.46888 0.46543 0.46165 0.45768 0.45342 0.44898 0.44432 0.43949
  -16     8.300 0.47798 0.47471 0.47118 0.46734 0.46330 0.45901 0.45451 0.44984 0.44498
  -16     8.400 0.48371 0.48036 0.47678 0.47292 0.46879 0.46449 0.45994 0.45524 0.45031
  -16     8.500 0.48929 0.48591 0.48225 0.47833 0.47419 0.46986 0.46527 0.46051 0.45552
  -16     8.600 0.49475 0.49130 0.48761 0.48368 0.47948 0.47509 0.47046 0.46561 0.46060
  -16     8.700 0.50008 0.49656 0.49286 0.48888 0.48466 0.48021 0.47551 0.47060 0.46554
  -16     8.800 0.50526 0.50178 0.49798 0.49397 0.48968 0.48517 0.48042 0.47548 0.47042
  -16     8.900 0.51040 0.50682 0.50301 0.49897 0.49458 0.49003 0.48525 0.48030 0.47520
  -16     9.000 0.51535 0.51180 0.50789 0.50380 0.49938 0.49475 0.49001 0.48502 0.47987
  -16     9.100 0.52021 0.51663 0.51267 0.50851 0.50406 0.49945 0.49466 0.48961 0.48441
  -16     9.200 0.52502 0.52135 0.51736 0.51312 0.50873 0.50404 0.49920 0.49411 0.48881
  -16     9.300 0.52971 0.52597 0.52192 0.51767 0.51323 0.50851 0.50360 0.49846 0.49312
  -16     9.400 0.53419 0.53043 0.52634 0.52210 0.51760 0.51288 0.50791 0.50274 0.49744
  -16     9.500 0.53862 0.53481 0.53079 0.52648 0.52197 0.51715 0.51214 0.50699 0.50164
  -16     9.600 0.54302 0.53921 0.53514 0.53077 0.52621 0.52130 0.51625 0.51109 0.50571
  -16     9.700 0.54725 0.54349 0.53931 0.53490 0.53025 0.52534 0.52031 0.51516 0.50974
  -16     9.800 0.55142 0.54756 0.54342 0.53893 0.53429 0.52942 0.52435 0.51910 0.51365
  -16     9.900 0.55558 0.55160 0.54747 0.54294 0.53821 0.53340 0.52825 0.52294 0.51744
  -16    10.000 0.55959 0.55559 0.55138 0.54681 0.54208 0.53721 0.53207 0.52671 0.52118
  -16    10.000 0.55959 0.55559 0.55138 0.54681 0.54208 0.53721 0.53207 0.52671 0.52118
  -16    11.000 0.59547 0.59122 0.58666 0.58179 0.57687 0.57169 0.56623 0.56061 0.55491
  -16    12.000 0.62490 0.62048 0.61576 0.61069 0.60542 0.60014 0.59454 0.58866 0.58281
  -16    13.000 0.64974 0.64491 0.63998 0.63491 0.62943 0.62381 0.61814 0.61220 0.60613
  -16    14.000 0.67057 0.66579 0.66052 0.65519 0.64988 0.64403 0.63816 0.63214 0.62591
  -16    15.000 0.68813 0.68327 0.67829 0.67266 0.66699 0.66139 0.65532 0.64926 0.64305
  -16    16.000 0.70344 0.69861 0.69338 0.68789 0.68212 0.67608 0.67022 0.66400 0.65777
  -16    17.000 0.71724 0.71188 0.70656 0.70108 0.69526 0.68933 0.68295 0.67694 0.67060
  -16    18.000 0.72896 0.72374 0.71815 0.71253 0.70693 0.70066 0.69475 0.68829 0.68198
  -16    19.000 0.73933 0.73449 0.72850 0.72271 0.71646 0.71110 0.70499 0.69869 0.69211
  -16    20.000 0.74881 0.74348 0.73807 0.73206 0.72596 0.71983 0.71382 0.70769 0.70119
  -16    21.000 0.75660 0.75175 0.74620 0.74038 0.73437 0.72822 0.72178 0.71537 0.70946
  -16    22.000 0.76388 0.75879 0.75324 0.74828 0.74151 0.73567 0.72900 0.72314 0.71599
  -16    23.000 0.77075 0.76516 0.75992 0.75447 0.74882 0.74271 0.73592 0.72927 0.72304
  -16    24.000 0.77715 0.77174 0.76584 0.75966 0.75504 0.74830 0.74217 0.73581 0.72904
  -16    25.000 0.78289 0.77738 0.77137 0.76549 0.75981 0.75423 0.74791 0.74136 0.73450
  -16    26.000 0.78849 0.78301 0.77667 0.77058 0.76431 0.75890 0.75240 0.74685 0.73990
  -16    27.000 0.79284 0.78809 0.78161 0.77533 0.76952 0.76295 0.75705 0.75115 0.74446
  -16    28.000 0.79800 0.79288 0.78625 0.77992 0.77400 0.76663 0.76151 0.75467 0.74902
  -16    29.000 0.80193 0.79673 0.79045 0.78467 0.77767 0.77174 0.76498 0.75846 0.75258
  -16    30.000 0.80625 0.80000 0.79495 0.78887 0.78150 0.77584 0.76814 0.76234 0.75565
  -16    31.000 0.80801 0.80368 0.79842 0.79209 0.78580 0.77911 0.77258 0.76566 0.75881
  -16    32.000 0.81029 0.80679 0.80113 0.79550 0.78978 0.78209 0.77648 0.76852 0.76262
  -16    33.000 0.81303 0.80916 0.80389 0.79884 0.79285 0.78557 0.77994 0.77175 0.76575
  -16    34.000 0.81607 0.81074 0.80637 0.80123 0.79583 0.78897 0.78247 0.77541 0.76848
  -16    35.000 0.81859 0.81305 0.80854 0.80273 0.79830 0.79186 0.78552 0.77889 0.77129
  -16    36.000 0.82038 0.81470 0.81022 0.80468 0.80033 0.79439 0.78759 0.78132 0.77443
  -16    37.000 0.82265 0.81740 0.81110 0.80694 0.80127 0.79669 0.79056 0.78392 0.77755
  -16    38.000 0.82505 0.81968 0.81370 0.80828 0.80271 0.79849 0.79222 0.78621 0.77921
  -16    39.000 0.82795 0.82186 0.81504 0.81085 0.80410 0.79999 0.79437 0.78812 0.78172
  -16    40.000 0.82982 0.82437 0.81698 0.81216 0.80603 0.80083 0.79554 0.79022 0.78342
  -16    41.000 0.83123 0.82681 0.81941 0.81372 0.80775 0.80152 0.79672 0.79161 0.78502
  -16    42.000 0.83375 0.82891 0.82114 0.81533 0.80938 0.80305 0.79780 0.79248 0.78630
  -16    43.000 0.83611 0.83140 0.82330 0.81710 0.81075 0.80483 0.79860 0.79334 0.78795
  -16    44.000 0.83872 0.83344 0.82543 0.81929 0.81244 0.80624 0.79944 0.79423 0.78858
  -16    45.000 0.84138 0.83549 0.82794 0.82081 0.81400 0.80817 0.80087 0.79539 0.78998
  -16    46.000 0.84411 0.83639 0.83062 0.82256 0.81574 0.80895 0.80312 0.79542 0.79103
  -16    47.000 0.84567 0.83858 0.83236 0.82395 0.81824 0.80951 0.80482 0.79614 0.79156
  -16    48.000 0.84689 0.84152 0.83492 0.82610 0.82000 0.81153 0.80646 0.79738 0.79327
  -16    49.000 0.84986 0.84396 0.83627 0.82917 0.82114 0.81327 0.80783 0.79912 0.79394
  -16    50.000 0.85260 0.84601 0.83751 0.83144 0.82329 0.81500 0.80903 0.80117 0.79444
  -16    51.000 0.85515 0.84728 0.83911 0.83328 0.82486 0.81725 0.81033 0.80311 0.79542
  -16    52.000 0.85605 0.85001 0.84125 0.83550 0.82706 0.81858 0.81164 0.80469 0.79696
  -16    53.000 0.85713 0.85213 0.84326 0.83743 0.82910 0.82048 0.81342 0.80583 0.79858
  -16    54.000 0.85827 0.85509 0.84434 0.83882 0.83137 0.82190 0.81608 0.80726 0.80057
  -16    55.000 0.85875 0.85750 0.84586 0.83966 0.83387 0.82366 0.81742 0.80870 0.80253
  -16    56.000 0.85838 0.85838 0.84844 0.84133 0.83603 0.82580 0.81870 0.81013 0.80399
  -16    57.000 0.85793 0.85848 0.85058 0.84300 0.83717 0.82838 0.82070 0.81154 0.80532
  -16    58.000 0.85958 0.85918 0.85239 0.84458 0.83864 0.82944 0.82250 0.81422 0.80649
  -16    59.000 0.86126 0.85951 0.85427 0.84548 0.83998 0.83210 0.82406 0.81528 0.80848
  -16    60.000 0.86235 0.85862 0.85539 0.84747 0.84045 0.83465 0.82618 0.81605 0.81030
