  121     1.21    0.195   0.205   0.215   0.225   0.235   0.245   0.255   0.265   0.275
   12     0.025 0.00000 0.00000 0.00000 0.00000 0.00000 0.00000 0.00000 0.00000 0.00000
   12     0.075 0.00624 0.00519 0.00427 0.00348 0.00280 0.00222 0.00172 0.00131 0.00096
   12     0.125 0.04417 0.03897 0.03426 0.03002 0.02620 0.02277 0.01969 0.01694 0.01448
   12     0.175 0.13413 0.12245 0.11135 0.10087 0.09106 0.08195 0.07351 0.06574 0.05860
   12     0.225 0.26084 0.24692 0.23225 0.21698 0.20159 0.18641 0.17168 0.15755 0.14409
   12     0.275 0.39084 0.37728 0.36300 0.34801 0.33238 0.31610 0.29917 0.28162 0.26378
   12     0.325 0.51426 0.50107 0.48716 0.47265 0.45751 0.44167 0.42531 0.40834 0.39076
   12     0.375 0.62662 0.61372 0.60029 0.58617 0.57150 0.55619 0.54033 0.52393 0.50695
   12     0.425 0.72583 0.71335 0.70031 0.68659 0.67244 0.65759 0.64230 0.62641 0.61004
   12     0.475 0.81172 0.79967 0.78695 0.77376 0.76000 0.74562 0.73086 0.71553 0.69965
   12     0.525 0.88501 0.87324 0.86109 0.84821 0.83486 0.82104 0.80675 0.79186 0.77660
   12     0.575 0.94692 0.93546 0.92366 0.91129 0.89835 0.88491 0.87105 0.85678 0.84200
   12     0.625 0.99878 0.98768 0.97623 0.96424 0.95174 0.93876 0.92529 0.91135 0.89715
   12     0.675 1.04199 1.03132 1.02016 1.00849 0.99639 0.98382 0.97077 0.95730 0.94344
   12     0.725 1.07790 1.06752 1.05670 1.04537 1.03361 1.02134 1.00873 0.99570 0.98222
   12     0.775 1.10777 1.09760 1.08699 1.07596 1.06452 1.05262 1.04035 1.02762 1.01460
   12     0.825 1.13220 1.12228 1.11200 1.10118 1.09000 1.07845 1.06652 1.05419 1.04151
   12     0.875 1.15231 1.14264 1.13261 1.12211 1.11124 1.09997 1.08827 1.07625 1.06389
   12     0.925 1.16878 1.15934 1.14954 1.13933 1.12876 1.11771 1.10633 1.09462 1.08254
   12     0.975 1.18216 1.17293 1.16326 1.15323 1.14287 1.13215 1.12106 1.10967 1.09791
   12     1.025 1.19311 1.18406 1.17465 1.16489 1.15471 1.14412 1.13322 1.12196 1.11040
   12     1.075 1.20192 1.19303 1.18372 1.17402 1.16411 1.15387 1.14323 1.13226 1.12098
   12     1.125 1.20879 1.20017 1.19111 1.18166 1.17192 1.16175 1.15121 1.14034 1.12940
   12     1.175 1.21448 1.20588 1.19694 1.18758 1.17782 1.16796 1.15776 1.14723 1.13636
   12     1.225 1.21872 1.21019 1.20134 1.19231 1.18288 1.17307 1.16295 1.15244 1.14182
   12     1.275 1.22182 1.21358 1.20498 1.19595 1.18655 1.17685 1.16700 1.15685 1.14639
   12     1.325 1.22438 1.21616 1.20752 1.19851 1.18947 1.18003 1.17029 1.16013 1.14965
   12     1.375 1.22592 1.21777 1.20940 1.20073 1.19171 1.18226 1.17239 1.16260 1.15249
   12     1.425 1.22690 1.21904 1.21077 1.20205 1.19297 1.18372 1.17435 1.16460 1.15445
   12     1.475 1.22766 1.21982 1.21144 1.20275 1.19398 1.18499 1.17554 1.16568 1.15589
   12     1.525 1.22779 1.21981 1.21150 1.20325 1.19460 1.18554 1.17602 1.16666 1.15690
   12     1.575 1.22746 1.21956 1.21168 1.20339 1.19468 1.18552 1.17650 1.16709 1.15727
   12     1.625 1.22686 1.21934 1.21147 1.20307 1.19431 1.18565 1.17660 1.16711 1.15760
   12     1.675 1.22616 1.21872 1.21064 1.20224 1.19398 1.18529 1.17612 1.16691 1.15752
   12     1.725 1.22537 1.21772 1.20969 1.20173 1.19340 1.18461 1.17565 1.16663 1.15714
   12     1.775 1.22421 1.21665 1.20881 1.20093 1.19249 1.18378 1.17508 1.16595 1.15644
   12     1.825 1.22291 1.21529 1.20774 1.19969 1.19120 1.18299 1.17419 1.16494 1.15587
   12     1.875 1.22152 1.21424 1.20650 1.19824 1.19035 1.18204 1.17312 1.16418 1.15503
   12     1.925 1.22016 1.21315 1.20494 1.19691 1.18931 1.18095 1.17201 1.16302 1.15392
   12     1.975 1.21902 1.21163 1.20328 1.19563 1.18805 1.17940 1.17081 1.16186 1.15277
   12     2.025 1.21719 1.20984 1.20194 1.19442 1.18642 1.17813 1.16964 1.16070 1.15187
   12     2.075 1.21521 1.20790 1.20082 1.19317 1.18457 1.17682 1.16837 1.15955 1.15077
   12     2.125 1.21353 1.20610 1.19947 1.19163 1.18342 1.17515 1.16682 1.15842 1.14944
   12     2.175 1.21201 1.20487 1.19773 1.18978 1.18194 1.17391 1.16527 1.15702 1.14811
   12     2.225 1.21013 1.20370 1.19585 1.18804 1.18065 1.17233 1.16410 1.15554 1.14677
   12     2.275 1.20846 1.20187 1.19428 1.18659 1.17906 1.17093 1.16279 1.15398 1.14535
   12     2.325 1.20702 1.20002 1.19240 1.18544 1.17745 1.16927 1.16126 1.15257 1.14419
   12     2.375 1.20580 1.19827 1.19087 1.18393 1.17571 1.16794 1.15954 1.15138 1.14280
   12     2.425 1.20378 1.19676 1.18955 1.18209 1.17413 1.16648 1.15811 1.14997 1.14143
   12     2.475 1.20221 1.19457 1.18832 1.18035 1.17273 1.16498 1.15681 1.14856 1.13967
   12     2.525 1.20048 1.19329 1.18636 1.17867 1.17126 1.16353 1.15530 1.14719 1.13850
   12     2.575 1.19860 1.19201 1.18488 1.17709 1.17000 1.16166 1.15391 1.14550 1.13742
   12     2.625 1.19671 1.19054 1.18327 1.17591 1.16843 1.16040 1.15255 1.14407 1.13590
   12     2.675 1.19531 1.18900 1.18153 1.17448 1.16691 1.15890 1.15124 1.14289 1.13463
   12     2.725 1.19397 1.18755 1.17985 1.17301 1.16518 1.15770 1.14967 1.14155 1.13319
   12     2.775 1.19268 1.18592 1.17859 1.17170 1.16359 1.15641 1.14819 1.14017 1.13175
   12     2.825 1.19130 1.18411 1.17708 1.17022 1.16240 1.15491 1.14680 1.13894 1.13030
   12     2.875 1.18973 1.18251 1.17593 1.16861 1.16115 1.15355 1.14546 1.13760 1.12929
   12     2.925 1.18822 1.18074 1.17487 1.16709 1.15976 1.15203 1.14437 1.13623 1.12798
   12     2.975 1.18670 1.17952 1.17340 1.16564 1.15846 1.15048 1.14316 1.13495 1.12671
   12     3.025 1.18508 1.17846 1.17195 1.16416 1.15726 1.14920 1.14182 1.13342 1.12557
   12     3.075 1.18376 1.17729 1.17036 1.16291 1.15589 1.14820 1.14038 1.13231 1.12437
   12     3.125 1.18243 1.17622 1.16871 1.16192 1.15471 1.14689 1.13928 1.13117 1.12317
   12     3.175 1.18084 1.17504 1.16741 1.16068 1.15321 1.14576 1.13790 1.13011 1.12191
   12     3.225 1.17956 1.17364 1.16593 1.15952 1.15162 1.14456 1.13657 1.12890 1.12058
   12     3.275 1.17852 1.17217 1.16470 1.15838 1.15045 1.14334 1.13538 1.12789 1.11941
   12     3.325 1.17709 1.17081 1.16376 1.15710 1.14930 1.14231 1.13436 1.12665 1.11853
   12     3.375 1.17620 1.16946 1.16299 1.15585 1.14826 1.14123 1.13335 1.12542 1.11748
   12     3.425 1.17515 1.16815 1.16167 1.15458 1.14727 1.13981 1.13212 1.12423 1.11644
   12     3.475 1.17416 1.16688 1.16070 1.15298 1.14627 1.13859 1.13105 1.12295 1.11545
   12     3.525 1.17282 1.16564 1.15954 1.15169 1.14524 1.13728 1.13012 1.12208 1.11445
   12     3.575 1.17157 1.16443 1.15839 1.15068 1.14432 1.13617 1.12914 1.12119 1.11317
   12     3.625 1.17043 1.16374 1.15723 1.14976 1.14329 1.13530 1.12802 1.12022 1.11208
   12     3.675 1.16932 1.16257 1.15620 1.14894 1.14210 1.13428 1.12704 1.11917 1.11110
   12     3.725 1.16828 1.16170 1.15496 1.14803 1.14077 1.13336 1.12588 1.11816 1.11019
   12     3.775 1.16705 1.16065 1.15374 1.14726 1.13956 1.13248 1.12475 1.11713 1.10923
   12     3.825 1.16600 1.15963 1.15252 1.14623 1.13828 1.13182 1.12379 1.11620 1.10841
   12     3.875 1.16470 1.15892 1.15131 1.14535 1.13725 1.13092 1.12283 1.11525 1.10768
   12     3.925 1.16337 1.15817 1.15043 1.14445 1.13652 1.12998 1.12188 1.11435 1.10680
   12     3.975 1.16209 1.15719 1.14945 1.14362 1.13565 1.12906 1.12102 1.11356 1.10594
   12     4.025 1.16109 1.15644 1.14853 1.14266 1.13482 1.12787 1.12035 1.11268 1.10517
   12     4.075 1.16025 1.15558 1.14763 1.14158 1.13419 1.12685 1.11957 1.11150 1.10429
   12     4.125 1.15944 1.15463 1.14678 1.14055 1.13351 1.12578 1.11894 1.11044 1.10345
   12     4.175 1.15876 1.15366 1.14602 1.13957 1.13277 1.12478 1.11820 1.10951 1.10268
   12     4.225 1.15799 1.15263 1.14527 1.13856 1.13196 1.12388 1.11753 1.10856 1.10202
   12     4.275 1.15756 1.15139 1.14474 1.13733 1.13123 1.12283 1.11674 1.10784 1.10126
   12     4.325 1.15711 1.14998 1.14434 1.13640 1.13036 1.12208 1.11577 1.10732 1.10032
   12     4.375 1.15638 1.14854 1.14366 1.13564 1.12940 1.12166 1.11479 1.10687 1.09920
   12     4.425 1.15575 1.14786 1.14279 1.13504 1.12832 1.12128 1.11370 1.10636 1.09809
   12     4.475 1.15474 1.14741 1.14153 1.13456 1.12723 1.12081 1.11245 1.10567 1.09743
   12     4.525 1.15348 1.14708 1.14043 1.13401 1.12620 1.12000 1.11131 1.10499 1.09676
   12     4.575 1.15250 1.14645 1.13940 1.13322 1.12541 1.11928 1.11073 1.10446 1.09603
   12     4.625 1.15162 1.14554 1.13867 1.13270 1.12473 1.11854 1.11017 1.10368 1.09540
   12     4.675 1.15106 1.14516 1.13787 1.13215 1.12398 1.11774 1.10966 1.10286 1.09483
   12     4.725 1.15033 1.14472 1.13699 1.13139 1.12340 1.11690 1.10925 1.10205 1.09418
   12     4.775 1.14934 1.14405 1.13610 1.13064 1.12303 1.11618 1.10883 1.10122 1.09347
   12     4.825 1.14857 1.14354 1.13560 1.12984 1.12245 1.11543 1.10816 1.10045 1.09282
   12     4.875 1.14798 1.14278 1.13512 1.12905 1.12170 1.11501 1.10739 1.09961 1.09234
   12     4.925 1.14716 1.14199 1.13434 1.12841 1.12093 1.11439 1.10672 1.09898 1.09201
   12     4.975 1.14633 1.14144 1.13367 1.12778 1.12037 1.11334 1.10630 1.09811 1.09138
   12     5.025 1.14547 1.14071 1.13314 1.12692 1.12001 1.11205 1.10580 1.09746 1.09070
   12     5.075 1.14494 1.13960 1.13281 1.12567 1.11958 1.11118 1.10522 1.09710 1.08976
   12     5.125 1.14477 1.13844 1.13250 1.12472 1.11907 1.11092 1.10444 1.09687 1.08895
   12     5.175 1.14440 1.13758 1.13204 1.12427 1.11816 1.11063 1.10384 1.09639 1.08842
   12     5.225 1.14360 1.13712 1.13125 1.12381 1.11749 1.11006 1.10347 1.09563 1.08779
   12     5.275 1.14303 1.13667 1.13095 1.12309 1.11728 1.10933 1.10295 1.09496 1.08723
   12     5.325 1.14250 1.13586 1.13095 1.12232 1.11702 1.10870 1.10218 1.09449 1.08668
   12     5.375 1.14233 1.13490 1.13056 1.12175 1.11636 1.10837 1.10112 1.09404 1.08623
   12     5.425 1.14193 1.13438 1.12977 1.12151 1.11543 1.10801 1.10029 1.09351 1.08590
   12     5.475 1.14167 1.13404 1.12881 1.12125 1.11476 1.10751 1.09961 1.09289 1.08540
   12     5.525 1.14093 1.13348 1.12797 1.12080 1.11423 1.10687 1.09929 1.09244 1.08475
   12     5.575 1.14036 1.13305 1.12740 1.12029 1.11368 1.10646 1.09889 1.09195 1.08426
   12     5.625 1.13994 1.13232 1.12690 1.11990 1.11304 1.10611 1.09826 1.09149 1.08388
   12     5.675 1.13952 1.13172 1.12619 1.11963 1.11200 1.10577 1.09777 1.09093 1.08342
   12     5.725 1.13883 1.13150 1.12531 1.11939 1.11118 1.10529 1.09731 1.09034 1.08287
   12     5.775 1.13788 1.13111 1.12456 1.11891 1.11056 1.10481 1.09692 1.08987 1.08226
   12     5.825 1.13744 1.13084 1.12401 1.11816 1.10999 1.10447 1.09644 1.08925 1.08180
   12     5.875 1.13709 1.13048 1.12355 1.11779 1.10956 1.10424 1.09611 1.08857 1.08136
   12     5.925 1.13686 1.13010 1.12298 1.11727 1.10927 1.10382 1.09578 1.08805 1.08094
   12     5.975 1.13620 1.12978 1.12227 1.11692 1.10906 1.10305 1.09540 1.08776 1.08045
   12     6.025 1.13532 1.12943 1.12169 1.11642 1.10874 1.10217 1.09499 1.08743 1.07988
   12     6.075 1.13453 1.12901 1.12106 1.11584 1.10839 1.10140 1.09449 1.08695 1.07945
   12     6.125 1.13418 1.12862 1.12044 1.11532 1.10800 1.10074 1.09420 1.08652 1.07917
   12     6.175 1.13391 1.12830 1.12013 1.11494 1.10763 1.10008 1.09397 1.08619 1.07876
   12     6.225 1.13324 1.12798 1.11986 1.11439 1.10735 1.09937 1.09378 1.08584 1.07820
   12     6.275 1.13218 1.12792 1.11967 1.11362 1.10691 1.09894 1.09343 1.08535 1.07775
   12     6.325 1.13140 1.12736 1.11926 1.11288 1.10652 1.09862 1.09307 1.08496 1.07737
   12     6.375 1.13109 1.12665 1.11895 1.11257 1.10623 1.09824 1.09273 1.08454 1.07700
   12     6.425 1.13071 1.12591 1.11884 1.11222 1.10596 1.09803 1.09220 1.08414 1.07670
   12     6.475 1.12999 1.12524 1.11859 1.11165 1.10569 1.09774 1.09160 1.08385 1.07631
   12     6.525 1.12929 1.12481 1.11831 1.11098 1.10545 1.09741 1.09075 1.08364 1.07602
   12     6.575 1.12875 1.12433 1.11801 1.11062 1.10509 1.09708 1.09000 1.08332 1.07551
   12     6.625 1.12840 1.12364 1.11791 1.11021 1.10455 1.09690 1.08945 1.08300 1.07504
   12     6.675 1.12789 1.12317 1.11760 1.10947 1.10426 1.09656 1.08884 1.08271 1.07458
   12     6.725 1.12760 1.12277 1.11727 1.10903 1.10408 1.09606 1.08820 1.08251 1.07409
   12     6.775 1.12734 1.12222 1.11710 1.10860 1.10363 1.09572 1.08777 1.08230 1.07358
   12     6.825 1.12717 1.12155 1.11692 1.10807 1.10323 1.09546 1.08753 1.08194 1.07324
   12     6.875 1.12690 1.12118 1.11665 1.10756 1.10284 1.09521 1.08712 1.08150 1.07279
   12     6.925 1.12680 1.12088 1.11625 1.10723 1.10256 1.09499 1.08698 1.08122 1.07241
   12     6.975 1.12670 1.12024 1.11596 1.10674 1.10233 1.09462 1.08683 1.08076 1.07208
   12     7.025 1.12646 1.11992 1.11588 1.10622 1.10195 1.09437 1.08671 1.08031 1.07190
   12     7.075 1.12626 1.11942 1.11541 1.10562 1.10154 1.09395 1.08658 1.07996 1.07167
   12     7.125 1.12612 1.11873 1.11498 1.10501 1.10099 1.09346 1.08662 1.07940 1.07139
   12     7.175 1.12589 1.11821 1.11458 1.10465 1.10052 1.09299 1.08661 1.07879 1.07116
   12     7.225 1.12547 1.11802 1.11417 1.10435 1.10018 1.09247 1.08643 1.07821 1.07091
   12     7.275 1.12480 1.11781 1.11372 1.10408 1.09980 1.09188 1.08621 1.07749 1.07060
   12     7.325 1.12430 1.11778 1.11335 1.10394 1.09966 1.09160 1.08598 1.07709 1.07031
   12     7.375 1.12364 1.11773 1.11297 1.10372 1.09941 1.09161 1.08559 1.07664 1.07004
   12     7.425 1.12284 1.11765 1.11237 1.10368 1.09909 1.09141 1.08526 1.07647 1.06974
   12     7.475 1.12256 1.11759 1.11176 1.10368 1.09860 1.09119 1.08495 1.07636 1.06944
   12     7.525 1.12274 1.11738 1.11120 1.10371 1.09804 1.09089 1.08465 1.07632 1.06907
   12     7.575 1.12275 1.11718 1.11058 1.10355 1.09752 1.09054 1.08423 1.07632 1.06870
   12     7.625 1.12307 1.11702 1.11016 1.10363 1.09697 1.09014 1.08384 1.07628 1.06821
   12     7.675 1.12336 1.11680 1.10987 1.10357 1.09667 1.08965 1.08336 1.07612 1.06768
   12     7.725 1.12343 1.11654 1.10953 1.10349 1.09647 1.08917 1.08309 1.07595 1.06723
   12     7.775 1.12334 1.11622 1.10891 1.10327 1.09630 1.08861 1.08279 1.07581 1.06672
   12     7.825 1.12310 1.11568 1.10847 1.10289 1.09600 1.08816 1.08248 1.07563 1.06639
   12     7.875 1.12266 1.11541 1.10819 1.10236 1.09585 1.08777 1.08216 1.07538 1.06634
   12     7.925 1.12199 1.11528 1.10789 1.10178 1.09561 1.08752 1.08177 1.07505 1.06631
   12     7.975 1.12116 1.11528 1.10743 1.10150 1.09533 1.08736 1.08138 1.07475 1.06634
   12     8.025 1.12065 1.11520 1.10729 1.10144 1.09492 1.08737 1.08099 1.07449 1.06636
   12     8.075 1.12007 1.11493 1.10713 1.10127 1.09445 1.08741 1.08075 1.07425 1.06629
   12     8.125 1.11965 1.11481 1.10687 1.10122 1.09389 1.08743 1.08054 1.07402 1.06595
   12     8.175 1.11936 1.11446 1.10657 1.10119 1.09345 1.08726 1.08015 1.07384 1.06556
   12     8.225 1.11899 1.11445 1.10629 1.10102 1.09336 1.08712 1.07967 1.07360 1.06523
   12     8.275 1.11854 1.11463 1.10587 1.10080 1.09347 1.08682 1.07925 1.07332 1.06490
   12     8.325 1.11813 1.11458 1.10549 1.10052 1.09354 1.08631 1.07882 1.07295 1.06476
   12     8.375 1.11755 1.11414 1.10522 1.10025 1.09361 1.08596 1.07835 1.07268 1.06478
   12     8.425 1.11701 1.11372 1.10522 1.09967 1.09369 1.08567 1.07778 1.07237 1.06479
   12     8.475 1.11625 1.11342 1.10548 1.09908 1.09367 1.08535 1.07721 1.07188 1.06477
   12     8.525 1.11542 1.11309 1.10566 1.09842 1.09347 1.08518 1.07692 1.07142 1.06467
   12     8.575 1.11473 1.11263 1.10578 1.09800 1.09307 1.08504 1.07698 1.07098 1.06445
   12     8.625 1.11439 1.11215 1.10575 1.09766 1.09272 1.08501 1.07707 1.07048 1.06416
   12     8.675 1.11438 1.11147 1.10565 1.09734 1.09208 1.08489 1.07718 1.07006 1.06383
   12     8.725 1.11443 1.11059 1.10555 1.09708 1.09162 1.08469 1.07729 1.06984 1.06348
   12     8.775 1.11452 1.11005 1.10547 1.09686 1.09140 1.08438 1.07736 1.06977 1.06308
   12     8.825 1.11447 1.10980 1.10537 1.09664 1.09125 1.08403 1.07736 1.06963 1.06269
   12     8.875 1.11428 1.10959 1.10500 1.09636 1.09100 1.08380 1.07730 1.06956 1.06252
   12     8.925 1.11403 1.10941 1.10482 1.09603 1.09085 1.08374 1.07703 1.06937 1.06235
   12     8.975 1.11379 1.10924 1.10480 1.09576 1.09061 1.08375 1.07665 1.06909 1.06208
   12     9.025 1.11348 1.10902 1.10484 1.09555 1.09046 1.08370 1.07624 1.06874 1.06181
   12     9.075 1.11300 1.10851 1.10490 1.09544 1.09014 1.08352 1.07599 1.06830 1.06153
   12     9.125 1.11281 1.10780 1.10466 1.09547 1.08974 1.08336 1.07570 1.06786 1.06120
   12     9.175 1.11299 1.10692 1.10435 1.09556 1.08935 1.08328 1.07546 1.06749 1.06083
   12     9.225 1.11330 1.10605 1.10407 1.09561 1.08901 1.08323 1.07527 1.06728 1.06048
   12     9.275 1.11339 1.10555 1.10355 1.09568 1.08868 1.08315 1.07519 1.06718 1.06008
   12     9.325 1.11359 1.10531 1.10293 1.09561 1.08846 1.08295 1.07503 1.06708 1.05984
   12     9.375 1.11373 1.10519 1.10224 1.09529 1.08813 1.08285 1.07490 1.06704 1.05966
   12     9.425 1.11369 1.10526 1.10185 1.09492 1.08761 1.08286 1.07470 1.06698 1.05956
   12     9.475 1.11341 1.10518 1.10168 1.09481 1.08709 1.08289 1.07449 1.06686 1.05950
   12     9.525 1.11298 1.10520 1.10146 1.09463 1.08678 1.08285 1.07429 1.06669 1.05939
   12     9.575 1.11259 1.10510 1.10133 1.09458 1.08647 1.08269 1.07408 1.06659 1.05933
   12     9.625 1.11268 1.10479 1.10111 1.09463 1.08607 1.08253 1.07390 1.06651 1.05923
   12     9.675 1.11299 1.10438 1.10077 1.09461 1.08568 1.08237 1.07387 1.06649 1.05911
   12     9.725 1.11323 1.10390 1.10044 1.09457 1.08549 1.08208 1.07380 1.06644 1.05875
   12     9.775 1.11337 1.10357 1.10016 1.09440 1.08532 1.08150 1.07376 1.06633 1.05824
   12     9.825 1.11357 1.10338 1.09975 1.09411 1.08525 1.08087 1.07371 1.06625 1.05795
   12     9.875 1.11354 1.10325 1.09926 1.09383 1.08514 1.08034 1.07365 1.06615 1.05773
   12     9.925 1.11327 1.10316 1.09903 1.09366 1.08520 1.08000 1.07349 1.06597 1.05758
   12     9.975 1.11286 1.10314 1.09876 1.09344 1.08512 1.07964 1.07338 1.06585 1.05754
   12    11.000 1.11209 1.10510 1.09103 1.09146 1.08369 1.07282 1.06993 1.06321 1.05465
   12    12.000 1.10420 1.10153 1.09493 1.08465 1.08124 1.07305 1.06562 1.05765 1.05208
   12    13.000 1.10184 1.09507 1.09243 1.08618 1.07571 1.07211 1.06549 1.05513 1.04881
   12    14.000 1.09914 1.09083 1.08552 1.08370 1.07758 1.06729 1.06370 1.05695 1.04765
   12    15.000 1.09898 1.09062 1.07940 1.07977 1.07682 1.06683 1.05811 1.05739 1.04885
   12    16.000 1.10117 1.08712 1.07819 1.07518 1.07242 1.06285 1.05776 1.05400 1.04710
   12    17.000 1.09387 1.08891 1.07946 1.07257 1.06759 1.06142 1.05713 1.04752 1.04357
   12    18.000 1.08967 1.08972 1.08245 1.07301 1.06276 1.05894 1.05446 1.04719 1.03929
   12    19.000 1.09401 1.08410 1.08528 1.07253 1.06322 1.05534 1.05285 1.04547 1.03680
   12    20.000 1.09315 1.08102 1.08419 1.07979 1.06603 1.05050 1.05147 1.04660 1.03841
  -12     0.025 0.00000 0.00000 0.00000 0.00000 0.00000 0.00000 0.00000 0.00000 0.00000
  -12     0.075 0.00366 0.00309 0.00258 0.00214 0.00175 0.00141 0.00111 0.00086 0.00064
  -12     0.125 0.01772 0.01586 0.01416 0.01261 0.01119 0.00990 0.00871 0.00763 0.00665
  -12     0.175 0.03988 0.03672 0.03375 0.03095 0.02832 0.02587 0.02357 0.02144 0.01944
  -12     0.225 0.06472 0.06086 0.05708 0.05340 0.04984 0.04642 0.04316 0.04005 0.03710
  -12     0.275 0.08939 0.08513 0.08091 0.07675 0.07268 0.06870 0.06482 0.06103 0.05735
  -12     0.325 0.11376 0.10920 0.10462 0.10011 0.09566 0.09124 0.08693 0.08270 0.07855
  -12     0.375 0.13786 0.13300 0.12820 0.12337 0.11860 0.11386 0.10918 0.10458 0.10004
  -12     0.425 0.16157 0.15654 0.15151 0.14641 0.14141 0.13637 0.13142 0.12649 0.12163
  -12     0.475 0.18487 0.17970 0.17443 0.16920 0.16394 0.15865 0.15346 0.14827 0.14311
  -12     0.525 0.20767 0.20228 0.19699 0.19150 0.18605 0.18061 0.17520 0.16974 0.16438
  -12     0.575 0.22988 0.22435 0.21889 0.21334 0.20772 0.20206 0.19645 0.19088 0.18529
  -12     0.625 0.25142 0.24581 0.24023 0.23455 0.22883 0.22305 0.21724 0.21141 0.20571
  -12     0.675 0.27226 0.26664 0.26094 0.25514 0.24930 0.24341 0.23747 0.23152 0.22559
  -12     0.725 0.29247 0.28676 0.28098 0.27508 0.26914 0.26310 0.25707 0.25101 0.24492
  -12     0.775 0.31203 0.30622 0.30032 0.29435 0.28830 0.28218 0.27604 0.26983 0.26366
  -12     0.825 0.33075 0.32487 0.31896 0.31287 0.30673 0.30054 0.29430 0.28802 0.28173
  -12     0.875 0.34882 0.34292 0.33693 0.33079 0.32460 0.31833 0.31198 0.30561 0.29922
  -12     0.925 0.36621 0.36028 0.35423 0.34808 0.34185 0.33548 0.32907 0.32265 0.31615
  -12     0.975 0.38290 0.37694 0.37079 0.36455 0.35826 0.35188 0.34545 0.33896 0.33242
  -12     1.025 0.39903 0.39302 0.38688 0.38066 0.37429 0.36780 0.36127 0.35464 0.34798
  -12     1.075 0.41449 0.40844 0.40223 0.39587 0.38951 0.38307 0.37652 0.36988 0.36319
  -12     1.125 0.42926 0.42326 0.41708 0.41076 0.40435 0.39778 0.39109 0.38433 0.37768
  -12     1.175 0.44369 0.43760 0.43135 0.42493 0.41837 0.41185 0.40524 0.39855 0.39175
  -12     1.225 0.45740 0.45122 0.44496 0.43864 0.43216 0.42556 0.41882 0.41194 0.40515
  -12     1.275 0.47053 0.46449 0.45826 0.45183 0.44521 0.43849 0.43185 0.42509 0.41824
  -12     1.325 0.48342 0.47726 0.47088 0.46430 0.45786 0.45126 0.44452 0.43762 0.43061
  -12     1.375 0.49556 0.48935 0.48306 0.47671 0.47017 0.46341 0.45646 0.44969 0.44280
  -12     1.425 0.50727 0.50121 0.49495 0.48843 0.48173 0.47502 0.46831 0.46143 0.45439
  -12     1.475 0.51880 0.51270 0.50627 0.49964 0.49308 0.48645 0.47958 0.47252 0.46561
  -12     1.525 0.52975 0.52348 0.51697 0.51063 0.50408 0.49729 0.49028 0.48349 0.47651
  -12     1.575 0.54026 0.53391 0.52770 0.52126 0.51456 0.50763 0.50088 0.49393 0.48678
  -12     1.625 0.55035 0.54426 0.53802 0.53139 0.52456 0.51793 0.51107 0.50398 0.49697
  -12     1.675 0.56020 0.55416 0.54767 0.54092 0.53445 0.52771 0.52069 0.51373 0.50672
  -12     1.725 0.56986 0.56356 0.55701 0.55058 0.54400 0.53710 0.53016 0.52325 0.51607
  -12     1.775 0.57899 0.57268 0.56626 0.55986 0.55310 0.54617 0.53937 0.53230 0.52505
  -12     1.825 0.58777 0.58141 0.57518 0.56856 0.56166 0.55512 0.54819 0.54092 0.53393
  -12     1.875 0.59631 0.59022 0.58373 0.57685 0.57045 0.56377 0.55663 0.54955 0.54242
  -12     1.925 0.60469 0.59874 0.59180 0.58511 0.57889 0.57208 0.56486 0.55769 0.55053
  -12     1.975 0.61301 0.60668 0.59959 0.59320 0.58692 0.57980 0.57283 0.56564 0.55842
  -12     2.025 0.62058 0.61418 0.60743 0.60114 0.59447 0.58756 0.58061 0.57340 0.56636
  -12     2.075 0.62779 0.62133 0.61529 0.60884 0.60161 0.59510 0.58815 0.58097 0.57389
  -12     2.125 0.63498 0.62850 0.62280 0.61604 0.60910 0.60221 0.59526 0.58834 0.58106
  -12     2.175 0.64208 0.63591 0.62972 0.62279 0.61615 0.60939 0.60221 0.59535 0.58803
  -12     2.225 0.64875 0.64309 0.63630 0.62952 0.62315 0.61612 0.60921 0.60210 0.59482
  -12     2.275 0.65543 0.64961 0.64286 0.63625 0.62980 0.62279 0.61592 0.60855 0.60142
  -12     2.325 0.66210 0.65586 0.64909 0.64301 0.63614 0.62914 0.62227 0.61496 0.60797
  -12     2.375 0.66864 0.66200 0.65544 0.64935 0.64216 0.63548 0.62832 0.62137 0.61419
  -12     2.425 0.67450 0.66806 0.66177 0.65521 0.64820 0.64154 0.63441 0.62748 0.62023
  -12     2.475 0.68038 0.67357 0.66791 0.66090 0.65422 0.64747 0.64038 0.63335 0.62582
  -12     2.525 0.68600 0.67952 0.67340 0.66646 0.65998 0.65324 0.64610 0.63907 0.63169
  -12     2.575 0.69135 0.68535 0.67898 0.67206 0.66573 0.65843 0.65168 0.64444 0.63747
  -12     2.625 0.69651 0.69091 0.68430 0.67772 0.67115 0.66397 0.65716 0.64979 0.64279
  -12     2.675 0.70185 0.69621 0.68941 0.68305 0.67631 0.66927 0.66248 0.65524 0.64808
  -12     2.725 0.70726 0.70133 0.69437 0.68825 0.68118 0.67454 0.66753 0.66036 0.65312
  -12     2.775 0.71245 0.70626 0.69951 0.69334 0.68608 0.67964 0.67238 0.66536 0.65801
  -12     2.825 0.71740 0.71081 0.70440 0.69816 0.69110 0.68445 0.67721 0.67027 0.66276
  -12     2.875 0.72211 0.71535 0.70939 0.70274 0.69596 0.68917 0.68197 0.67501 0.66771
  -12     2.925 0.72662 0.71973 0.71429 0.70722 0.70060 0.69363 0.68677 0.67959 0.67230
  -12     2.975 0.73100 0.72436 0.71877 0.71160 0.70513 0.69793 0.69135 0.68406 0.67680
  -12     3.025 0.73524 0.72901 0.72305 0.71592 0.70963 0.70233 0.69571 0.68823 0.68123
  -12     3.075 0.73950 0.73355 0.72708 0.72025 0.71390 0.70684 0.69985 0.69262 0.68555
  -12     3.125 0.74369 0.73793 0.73101 0.72467 0.71811 0.71103 0.70410 0.69686 0.68972
  -12     3.175 0.74757 0.74212 0.73501 0.72885 0.72196 0.71517 0.70810 0.70102 0.69373
  -12     3.225 0.75153 0.74600 0.73879 0.73290 0.72564 0.71917 0.71191 0.70504 0.69754
  -12     3.275 0.75558 0.74968 0.74273 0.73685 0.72953 0.72306 0.71580 0.70900 0.70144
  -12     3.325 0.75931 0.75334 0.74676 0.74061 0.73337 0.72698 0.71973 0.71273 0.70541
  -12     3.375 0.76323 0.75694 0.75083 0.74423 0.73722 0.73072 0.72354 0.71635 0.70916
  -12     3.425 0.76705 0.76042 0.75440 0.74772 0.74096 0.73414 0.72705 0.71989 0.71284
  -12     3.475 0.77075 0.76387 0.75806 0.75089 0.74463 0.73755 0.73063 0.72325 0.71644
  -12     3.525 0.77406 0.76722 0.76153 0.75414 0.74820 0.74079 0.73422 0.72688 0.71991
  -12     3.575 0.77730 0.77057 0.76487 0.75762 0.75170 0.74418 0.73766 0.73040 0.72311
  -12     3.625 0.78060 0.77418 0.76812 0.76109 0.75506 0.74762 0.74095 0.73376 0.72633
  -12     3.675 0.78379 0.77743 0.77134 0.76454 0.75817 0.75089 0.74420 0.73697 0.72958
  -12     3.725 0.78696 0.78071 0.77437 0.76784 0.76107 0.75414 0.74724 0.74009 0.73283
  -12     3.775 0.78994 0.78381 0.77727 0.77117 0.76394 0.75737 0.75022 0.74315 0.73592
  -12     3.825 0.79290 0.78689 0.78009 0.77419 0.76674 0.76065 0.75324 0.74621 0.73907
  -12     3.875 0.79562 0.79011 0.78291 0.77722 0.76965 0.76372 0.75621 0.74917 0.74222
  -12     3.925 0.79821 0.79323 0.78586 0.78023 0.77275 0.76664 0.75910 0.75210 0.74517
  -12     3.975 0.80075 0.79609 0.78874 0.78316 0.77569 0.76946 0.76202 0.75505 0.74803
  -12     4.025 0.80353 0.79900 0.79155 0.78592 0.77859 0.77202 0.76500 0.75786 0.75091
  -12     4.075 0.80636 0.80181 0.79431 0.78850 0.78156 0.77463 0.76786 0.76031 0.75363
  -12     4.125 0.80916 0.80446 0.79703 0.79105 0.78445 0.77713 0.77073 0.76282 0.75631
  -12     4.175 0.81198 0.80700 0.79977 0.79358 0.78718 0.77962 0.77347 0.76539 0.75900
  -12     4.225 0.81471 0.80941 0.80246 0.79601 0.78978 0.78218 0.77619 0.76788 0.76171
  -12     4.275 0.81760 0.81161 0.80526 0.79826 0.79237 0.78455 0.77873 0.77049 0.76428
  -12     4.325 0.82039 0.81361 0.80809 0.80067 0.79482 0.78711 0.78107 0.77321 0.76664
  -12     4.375 0.82292 0.81554 0.81067 0.80317 0.79708 0.78988 0.78332 0.77595 0.76879
  -12     4.425 0.82543 0.81807 0.81294 0.80576 0.79922 0.79263 0.78544 0.77852 0.77090
  -12     4.475 0.82757 0.82069 0.81490 0.80832 0.80133 0.79520 0.78738 0.78094 0.77329
  -12     4.525 0.82952 0.82333 0.81698 0.81078 0.80341 0.79747 0.78931 0.78332 0.77564
  -12     4.575 0.83163 0.82569 0.81902 0.81304 0.80563 0.79975 0.79169 0.78576 0.77786
  -12     4.625 0.83377 0.82781 0.82124 0.81543 0.80787 0.80196 0.79405 0.78796 0.78012
  -12     4.675 0.83606 0.83030 0.82334 0.81780 0.81001 0.80410 0.79640 0.79005 0.78242
  -12     4.725 0.83817 0.83275 0.82530 0.81994 0.81227 0.80616 0.79881 0.79206 0.78460
  -12     4.775 0.84000 0.83495 0.82724 0.82204 0.81465 0.80822 0.80116 0.79404 0.78670
  -12     4.825 0.84201 0.83719 0.82943 0.82401 0.81683 0.81022 0.80328 0.79596 0.78881
  -12     4.875 0.84412 0.83916 0.83169 0.82591 0.81885 0.81241 0.80525 0.79781 0.79099
  -12     4.925 0.84603 0.84101 0.83367 0.82788 0.82079 0.81442 0.80721 0.79984 0.79324
  -12     4.975 0.84786 0.84303 0.83562 0.82984 0.82282 0.81602 0.80935 0.80163 0.79520
  -12     5.025 0.84960 0.84486 0.83765 0.83159 0.82497 0.81740 0.81138 0.80354 0.79706
  -12     5.075 0.85161 0.84637 0.83979 0.83298 0.82702 0.81908 0.81330 0.80563 0.79871
  -12     5.125 0.85385 0.84781 0.84190 0.83456 0.82899 0.82123 0.81507 0.80780 0.80041
  -12     5.175 0.85590 0.84940 0.84391 0.83646 0.83064 0.82331 0.81694 0.80974 0.80227
  -12     5.225 0.85762 0.85127 0.84569 0.83833 0.83241 0.82514 0.81890 0.81144 0.80399
  -12     5.275 0.85950 0.85312 0.84773 0.84000 0.83448 0.82686 0.82070 0.81316 0.80577
  -12     5.325 0.86130 0.85472 0.84996 0.84167 0.83649 0.82859 0.82227 0.81496 0.80757
  -12     5.375 0.86331 0.85618 0.85181 0.84343 0.83813 0.83048 0.82357 0.81675 0.80938
  -12     5.425 0.86516 0.85792 0.85332 0.84537 0.83954 0.83233 0.82500 0.81846 0.81125
  -12     5.475 0.86710 0.85972 0.85468 0.84727 0.84111 0.83406 0.82653 0.82009 0.81293
  -12     5.525 0.86868 0.86131 0.85607 0.84900 0.84271 0.83564 0.82833 0.82180 0.81446
  -12     5.575 0.87030 0.86301 0.85760 0.85069 0.84426 0.83737 0.83007 0.82344 0.81610
  -12     5.625 0.87192 0.86451 0.85916 0.85244 0.84572 0.83911 0.83157 0.82507 0.81779
  -12     5.675 0.87353 0.86604 0.86054 0.85419 0.84684 0.84080 0.83315 0.82660 0.81939
  -12     5.725 0.87492 0.86781 0.86181 0.85597 0.84808 0.84238 0.83472 0.82808 0.82088
  -12     5.775 0.87614 0.86943 0.86313 0.85754 0.84948 0.84395 0.83633 0.82960 0.82232
  -12     5.825 0.87770 0.87115 0.86455 0.85887 0.85092 0.84559 0.83787 0.83098 0.82383
  -12     5.875 0.87925 0.87280 0.86601 0.86045 0.85244 0.84730 0.83947 0.83226 0.82532
  -12     5.925 0.88086 0.87436 0.86736 0.86186 0.85407 0.84879 0.84104 0.83366 0.82682
  -12     5.975 0.88213 0.87592 0.86860 0.86338 0.85574 0.84993 0.84256 0.83524 0.82824
  -12     6.025 0.88324 0.87741 0.86991 0.86477 0.85730 0.85096 0.84402 0.83675 0.82956
  -12     6.075 0.88438 0.87887 0.87115 0.86608 0.85880 0.85205 0.84540 0.83813 0.83096
  -12     6.125 0.88579 0.88034 0.87235 0.86737 0.86025 0.85321 0.84690 0.83952 0.83245
  -12     6.175 0.88724 0.88182 0.87381 0.86876 0.86167 0.85435 0.84842 0.84097 0.83383
  -12     6.225 0.88836 0.88326 0.87533 0.86997 0.86313 0.85543 0.84998 0.84235 0.83506
  -12     6.275 0.88917 0.88490 0.87685 0.87099 0.86444 0.85674 0.85139 0.84360 0.83637
  -12     6.325 0.89016 0.88609 0.87818 0.87202 0.86579 0.85812 0.85277 0.84491 0.83765
  -12     6.375 0.89147 0.88712 0.87957 0.87335 0.86722 0.85943 0.85410 0.84620 0.83895
  -12     6.425 0.89272 0.88807 0.88112 0.87464 0.86862 0.86088 0.85523 0.84748 0.84030
  -12     6.475 0.89370 0.88907 0.88253 0.87575 0.86997 0.86226 0.85629 0.84881 0.84158
  -12     6.525 0.89468 0.89026 0.88387 0.87677 0.87133 0.86355 0.85712 0.85018 0.84289
  -12     6.575 0.89574 0.89139 0.88519 0.87798 0.87260 0.86481 0.85801 0.85145 0.84396
  -12     6.625 0.89695 0.89234 0.88665 0.87910 0.87369 0.86617 0.85903 0.85272 0.84507
  -12     6.675 0.89804 0.89342 0.88792 0.87996 0.87495 0.86740 0.85997 0.85401 0.84617
  -12     6.725 0.89929 0.89456 0.88916 0.88109 0.87628 0.86848 0.86089 0.85532 0.84723
  -12     6.775 0.90056 0.89555 0.89049 0.88218 0.87735 0.86963 0.86199 0.85660 0.84826
  -12     6.825 0.90187 0.89644 0.89178 0.88317 0.87846 0.87083 0.86325 0.85773 0.84941
  -12     6.875 0.90311 0.89756 0.89300 0.88414 0.87957 0.87205 0.86435 0.85880 0.85045
  -12     6.925 0.90445 0.89871 0.89411 0.88525 0.88074 0.87328 0.86563 0.85996 0.85153
  -12     6.975 0.90576 0.89956 0.89526 0.88622 0.88191 0.87439 0.86690 0.86095 0.85265
  -12     7.025 0.90698 0.90065 0.89655 0.88717 0.88294 0.87556 0.86819 0.86192 0.85388
  -12     7.075 0.90819 0.90157 0.89749 0.88804 0.88393 0.87655 0.86947 0.86297 0.85504
  -12     7.125 0.90941 0.90231 0.89846 0.88884 0.88479 0.87746 0.87084 0.86381 0.85611
  -12     7.175 0.91057 0.90315 0.89944 0.88985 0.88570 0.87838 0.87215 0.86460 0.85722
  -12     7.225 0.91153 0.90425 0.90040 0.89092 0.88668 0.87927 0.87329 0.86539 0.85832
  -12     7.275 0.91229 0.90537 0.90130 0.89202 0.88761 0.88010 0.87439 0.86604 0.85931
  -12     7.325 0.91315 0.90664 0.90224 0.89316 0.88877 0.88113 0.87546 0.86698 0.86032
  -12     7.375 0.91387 0.90786 0.90317 0.89422 0.88985 0.88240 0.87638 0.86789 0.86133
  -12     7.425 0.91446 0.90904 0.90394 0.89542 0.89084 0.88347 0.87733 0.86898 0.86231
  -12     7.475 0.91547 0.91020 0.90469 0.89665 0.89165 0.88451 0.87829 0.87011 0.86328
  -12     7.525 0.91685 0.91125 0.90542 0.89791 0.89239 0.88542 0.87925 0.87129 0.86415
  -12     7.575 0.91808 0.91230 0.90608 0.89902 0.89315 0.88629 0.88012 0.87249 0.86503
  -12     7.625 0.91952 0.91339 0.90689 0.90028 0.89390 0.88710 0.88098 0.87363 0.86580
  -12     7.675 0.92094 0.91442 0.90780 0.90140 0.89485 0.88783 0.88174 0.87468 0.86653
  -12     7.725 0.92215 0.91538 0.90863 0.90251 0.89580 0.88855 0.88266 0.87568 0.86730
  -12     7.775 0.92322 0.91627 0.90919 0.90351 0.89677 0.88921 0.88353 0.87671 0.86799
  -12     7.825 0.92414 0.91700 0.90988 0.90436 0.89761 0.88996 0.88437 0.87769 0.86879
  -12     7.875 0.92486 0.91791 0.91071 0.90505 0.89858 0.89073 0.88520 0.87861 0.86986
  -12     7.925 0.92538 0.91891 0.91152 0.90567 0.89947 0.89166 0.88595 0.87944 0.87095
  -12     7.975 0.92577 0.91999 0.91221 0.90653 0.90032 0.89265 0.88670 0.88028 0.87207
  -12     8.025 0.92643 0.92098 0.91318 0.90755 0.90105 0.89375 0.88743 0.88114 0.87318
  -12     8.075 0.92705 0.92182 0.91413 0.90846 0.90171 0.89486 0.88831 0.88199 0.87418
  -12     8.125 0.92776 0.92278 0.91500 0.90946 0.90230 0.89594 0.88919 0.88285 0.87495
  -12     8.175 0.92848 0.92356 0.91582 0.91046 0.90301 0.89684 0.88989 0.88374 0.87568
  -12     8.225 0.92912 0.92463 0.91661 0.91135 0.90399 0.89775 0.89051 0.88454 0.87644
  -12     8.275 0.92970 0.92583 0.91726 0.91218 0.90510 0.89852 0.89114 0.88529 0.87719
  -12     8.325 0.93029 0.92682 0.91796 0.91296 0.90618 0.89911 0.89176 0.88598 0.87808
  -12     8.375 0.93074 0.92747 0.91873 0.91375 0.90723 0.89979 0.89233 0.88673 0.87908
  -12     8.425 0.93125 0.92806 0.91972 0.91425 0.90829 0.90053 0.89281 0.88745 0.88008
  -12     8.475 0.93157 0.92876 0.92094 0.91472 0.90927 0.90124 0.89328 0.88801 0.88104
  -12     8.525 0.93183 0.92941 0.92209 0.91509 0.91007 0.90204 0.89399 0.88857 0.88193
  -12     8.575 0.93222 0.92993 0.92317 0.91563 0.91070 0.90286 0.89500 0.88913 0.88269
  -12     8.625 0.93291 0.93042 0.92413 0.91625 0.91136 0.90377 0.89606 0.88963 0.88340
  -12     8.675 0.93382 0.93075 0.92502 0.91687 0.91176 0.90460 0.89713 0.89021 0.88405
  -12     8.725 0.93476 0.93093 0.92588 0.91753 0.91229 0.90536 0.89818 0.89093 0.88468
  -12     8.775 0.93573 0.93139 0.92674 0.91824 0.91299 0.90603 0.89916 0.89179 0.88526
  -12     8.825 0.93658 0.93207 0.92759 0.91896 0.91374 0.90666 0.90008 0.89258 0.88584
  -12     8.875 0.93731 0.93279 0.92820 0.91962 0.91440 0.90738 0.90094 0.89341 0.88657
  -12     8.925 0.93798 0.93349 0.92894 0.92025 0.91513 0.90823 0.90161 0.89413 0.88728
  -12     8.975 0.93872 0.93419 0.92981 0.92093 0.91579 0.90912 0.90216 0.89475 0.88791
  -12     9.025 0.93937 0.93485 0.93073 0.92163 0.91653 0.90995 0.90268 0.89530 0.88851
  -12     9.075 0.93988 0.93526 0.93165 0.92240 0.91714 0.91065 0.90331 0.89578 0.88912
  -12     9.125 0.94059 0.93546 0.93231 0.92329 0.91764 0.91136 0.90390 0.89623 0.88967
  -12     9.175 0.94160 0.93551 0.93289 0.92421 0.91816 0.91215 0.90453 0.89675 0.89020
  -12     9.225 0.94269 0.93558 0.93348 0.92510 0.91868 0.91296 0.90519 0.89740 0.89074
  -12     9.275 0.94361 0.93597 0.93384 0.92600 0.91920 0.91373 0.90593 0.89813 0.89123
  -12     9.325 0.94461 0.93656 0.93411 0.92679 0.91979 0.91441 0.90660 0.89887 0.89184
  -12     9.375 0.94554 0.93724 0.93433 0.92734 0.92029 0.91517 0.90729 0.89965 0.89248
  -12     9.425 0.94633 0.93808 0.93478 0.92786 0.92061 0.91599 0.90793 0.90040 0.89319
  -12     9.475 0.94693 0.93879 0.93540 0.92857 0.92092 0.91682 0.90857 0.90110 0.89392
  -12     9.525 0.94742 0.93958 0.93598 0.92923 0.92142 0.91757 0.90920 0.90174 0.89462
  -12     9.575 0.94794 0.94028 0.93664 0.92998 0.92194 0.91819 0.90981 0.90247 0.89536
  -12     9.625 0.94881 0.94082 0.93720 0.93080 0.92237 0.91881 0.91043 0.90321 0.89605
  -12     9.675 0.94984 0.94126 0.93765 0.93155 0.92281 0.91944 0.91116 0.90396 0.89672
  -12     9.725 0.95081 0.94162 0.93813 0.93228 0.92338 0.91994 0.91185 0.90466 0.89717
  -12     9.775 0.95168 0.94208 0.93863 0.93291 0.92398 0.92019 0.91256 0.90531 0.89747
  -12     9.825 0.95261 0.94264 0.93902 0.93341 0.92465 0.92037 0.91328 0.90597 0.89793
  -12     9.875 0.95336 0.94324 0.93933 0.93392 0.92529 0.92062 0.91398 0.90662 0.89844
  -12     9.925 0.95389 0.94389 0.93985 0.93450 0.92607 0.92101 0.91462 0.90719 0.89903
  -12     9.975 0.95430 0.94461 0.94032 0.93505 0.92674 0.92138 0.91527 0.90781 0.89972
  -12    11.000 0.96733 0.96035 0.94671 0.94692 0.93923 0.92865 0.92563 0.91908 0.91063
  -12    12.000 0.97106 0.96822 0.96174 0.95166 0.94819 0.94017 0.93280 0.92507 0.91945
  -12    13.000 0.97835 0.97160 0.96902 0.96282 0.95246 0.94886 0.94239 0.93224 0.92595
  -12    14.000 0.98417 0.97589 0.97063 0.96883 0.96262 0.95243 0.94897 0.94235 0.93313
  -12    15.000 0.99150 0.98300 0.97193 0.97237 0.96925 0.95924 0.95082 0.94997 0.94152
  -12    16.000 0.99994 0.98624 0.97729 0.97407 0.97146 0.96205 0.95671 0.95307 0.94630
  -12    17.000 0.99861 0.99367 0.98429 0.97737 0.97240 0.96633 0.96196 0.95240 0.94850
  -12    18.000 0.99964 0.99950 0.99232 0.98293 0.97279 0.96908 0.96446 0.95727 0.94937
  -12    19.000 1.00821 0.99841 0.99978 0.98720 0.97782 0.96994 0.96753 0.96025 0.95158
  -12    20.000 1.01153 0.99964 1.00282 0.99833 0.98463 0.96937 0.97051 0.96544 0.95722
   14     0.025 0.00000 0.00000 0.00000 0.00000 0.00000 0.00000 0.00000 0.00000 0.00000
   14     0.075 0.00000 0.00000 0.00000 0.00000 0.00000 0.00000 0.00000 0.00000 0.00000
   14     0.125 0.00000 0.00000 0.00000 0.00000 0.00000 0.00000 0.00000 0.00000 0.00000
   14     0.175 0.06289 0.05412 0.04590 0.03813 0.03094 0.02446 0.01874 0.01385 0.00994
   14     0.225 0.18842 0.17474 0.16063 0.14654 0.13279 0.11957 0.10700 0.09513 0.08398
   14     0.275 0.32503 0.31156 0.29741 0.28257 0.26701 0.25085 0.23405 0.21702 0.20009
   14     0.325 0.45574 0.44255 0.42870 0.41421 0.39908 0.38333 0.36698 0.35003 0.33252
   14     0.375 0.57516 0.56232 0.54885 0.53475 0.52002 0.50470 0.48879 0.47237 0.45541
   14     0.425 0.68089 0.66842 0.65533 0.64160 0.62735 0.61252 0.59708 0.58118 0.56477
   14     0.475 0.77255 0.76044 0.74770 0.73445 0.72055 0.70623 0.69128 0.67592 0.66001
   14     0.525 0.85075 0.83903 0.82670 0.81383 0.80043 0.78648 0.77211 0.75715 0.74185
   14     0.575 0.91690 0.90550 0.89349 0.88110 0.86809 0.85460 0.84070 0.82624 0.81141
   14     0.625 0.97230 0.96132 0.94970 0.93759 0.92502 0.91203 0.89849 0.88449 0.87017
   14     0.675 1.01866 1.00789 0.99667 0.98496 0.97271 0.96002 0.94697 0.93350 0.91955
   14     0.725 1.05710 1.04662 1.03576 1.02437 1.01253 1.00025 0.98746 0.97439 0.96092
   14     0.775 1.08898 1.07887 1.06821 1.05718 1.04566 1.03370 1.02134 1.00856 0.99543
   14     0.825 1.11537 1.10546 1.09512 1.08434 1.07310 1.06150 1.04947 1.03706 1.02425
   14     0.875 1.13719 1.12745 1.11733 1.10679 1.09588 1.08453 1.07281 1.06070 1.04828
   14     0.925 1.15490 1.14543 1.13559 1.12527 1.11458 1.10349 1.09208 1.08030 1.06821
   14     0.975 1.16951 1.16031 1.15067 1.14057 1.13016 1.11933 1.10816 1.09666 1.08483
   14     1.025 1.18149 1.17243 1.16294 1.15309 1.14291 1.13228 1.12141 1.11018 1.09859
   14     1.075 1.19115 1.18220 1.17288 1.16325 1.15319 1.14279 1.13215 1.12118 1.10986
   14     1.125 1.19889 1.19013 1.18104 1.17162 1.16177 1.15159 1.14108 1.13024 1.11909
   14     1.175 1.20511 1.19653 1.18752 1.17809 1.16844 1.15855 1.14827 1.13768 1.12681
   14     1.225 1.20988 1.20146 1.19269 1.18358 1.17410 1.16425 1.15408 1.14358 1.13288
   14     1.275 1.21381 1.20550 1.19680 1.18769 1.17823 1.16862 1.15871 1.14852 1.13798
   14     1.325 1.21669 1.20830 1.19969 1.19091 1.18173 1.17227 1.16241 1.15218 1.14181
   14     1.375 1.21859 1.21061 1.20223 1.19343 1.18428 1.17475 1.16514 1.15527 1.14507
   14     1.425 1.22028 1.21224 1.20377 1.19496 1.18608 1.17688 1.16737 1.15749 1.14726
   14     1.475 1.22111 1.21301 1.20475 1.19634 1.18750 1.17829 1.16870 1.15909 1.14924
   14     1.525 1.22133 1.21359 1.20554 1.19706 1.18823 1.17912 1.16991 1.16039 1.15047
   14     1.575 1.22150 1.21393 1.20583 1.19726 1.18864 1.17973 1.17051 1.16090 1.15121
   14     1.625 1.22141 1.21366 1.20547 1.19726 1.18878 1.17989 1.17061 1.16142 1.15186
   14     1.675 1.22084 1.21305 1.20522 1.19710 1.18848 1.17955 1.17069 1.16150 1.15189
   14     1.725 1.22006 1.21257 1.20475 1.19653 1.18783 1.17943 1.17053 1.16123 1.15182
   14     1.775 1.21917 1.21180 1.20392 1.19540 1.18731 1.17885 1.16992 1.16085 1.15163
   14     1.825 1.21841 1.21095 1.20266 1.19452 1.18663 1.17814 1.16935 1.16040 1.15103
   14     1.875 1.21737 1.20961 1.20156 1.19380 1.18567 1.17726 1.16867 1.15957 1.15007
   14     1.925 1.21578 1.20803 1.20062 1.19274 1.18432 1.17621 1.16758 1.15846 1.14950
   14     1.975 1.21379 1.20688 1.19960 1.19153 1.18330 1.17502 1.16638 1.15771 1.14879
   14     2.025 1.21235 1.20550 1.19830 1.19025 1.18220 1.17382 1.16520 1.15669 1.14767
   14     2.075 1.21129 1.20435 1.19646 1.18890 1.18100 1.17245 1.16412 1.15543 1.14632
   14     2.125 1.21018 1.20267 1.19495 1.18739 1.17956 1.17140 1.16299 1.15416 1.14541
   14     2.175 1.20835 1.20115 1.19359 1.18613 1.17797 1.17008 1.16180 1.15293 1.14433
   14     2.225 1.20673 1.19917 1.19245 1.18474 1.17672 1.16869 1.16013 1.15187 1.14302
   14     2.275 1.20513 1.19790 1.19084 1.18311 1.17538 1.16722 1.15882 1.15051 1.14178
   14     2.325 1.20332 1.19673 1.18931 1.18135 1.17397 1.16580 1.15768 1.14921 1.14036
   14     2.375 1.20158 1.19515 1.18766 1.18022 1.17234 1.16438 1.15638 1.14785 1.13929
   14     2.425 1.20029 1.19347 1.18582 1.17880 1.17121 1.16299 1.15498 1.14628 1.13807
   14     2.475 1.19906 1.19189 1.18454 1.17730 1.16938 1.16172 1.15345 1.14518 1.13671
   14     2.525 1.19730 1.19035 1.18316 1.17599 1.16786 1.16037 1.15202 1.14392 1.13535
   14     2.575 1.19604 1.18837 1.18183 1.17426 1.16668 1.15886 1.15078 1.14267 1.13388
   14     2.625 1.19432 1.18716 1.18033 1.17261 1.16531 1.15754 1.14936 1.14119 1.13271
   14     2.675 1.19248 1.18571 1.17908 1.17119 1.16403 1.15591 1.14815 1.13973 1.13166
   14     2.725 1.19086 1.18443 1.17734 1.17006 1.16249 1.15457 1.14679 1.13845 1.13040
   14     2.775 1.18935 1.18321 1.17582 1.16864 1.16113 1.15328 1.14548 1.13726 1.12912
   14     2.825 1.18792 1.18180 1.17427 1.16739 1.15946 1.15219 1.14419 1.13599 1.12772
   14     2.875 1.18687 1.18019 1.17295 1.16609 1.15809 1.15083 1.14285 1.13477 1.12647
   14     2.925 1.18566 1.17874 1.17159 1.16467 1.15699 1.14957 1.14134 1.13356 1.12505
   14     2.975 1.18447 1.17714 1.17043 1.16329 1.15582 1.14820 1.14022 1.13240 1.12405
   14     3.025 1.18317 1.17560 1.16928 1.16189 1.15459 1.14693 1.13913 1.13115 1.12307
   14     3.075 1.18151 1.17434 1.16813 1.16028 1.15330 1.14553 1.13794 1.12982 1.12185
   14     3.125 1.17991 1.17325 1.16689 1.15903 1.15206 1.14425 1.13675 1.12843 1.12067
   14     3.175 1.17868 1.17224 1.16546 1.15803 1.15102 1.14311 1.13561 1.12748 1.11946
   14     3.225 1.17717 1.17121 1.16409 1.15695 1.14980 1.14211 1.13439 1.12646 1.11841
   14     3.275 1.17594 1.16997 1.16260 1.15575 1.14847 1.14092 1.13312 1.12536 1.11717
   14     3.325 1.17478 1.16874 1.16104 1.15481 1.14709 1.13976 1.13191 1.12441 1.11595
   14     3.375 1.17370 1.16757 1.16004 1.15369 1.14585 1.13878 1.13086 1.12327 1.11502
   14     3.425 1.17256 1.16623 1.15907 1.15269 1.14480 1.13777 1.12993 1.12210 1.11411
   14     3.475 1.17168 1.16500 1.15825 1.15150 1.14377 1.13666 1.12897 1.12093 1.11316
   14     3.525 1.17043 1.16392 1.15725 1.15009 1.14277 1.13549 1.12782 1.11990 1.11217
   14     3.575 1.16955 1.16245 1.15631 1.14866 1.14185 1.13432 1.12683 1.11894 1.11123
   14     3.625 1.16850 1.16129 1.15522 1.14747 1.14107 1.13316 1.12578 1.11794 1.11025
   14     3.675 1.16742 1.16021 1.15420 1.14642 1.14028 1.13218 1.12489 1.11707 1.10912
   14     3.725 1.16643 1.15936 1.15331 1.14556 1.13920 1.13117 1.12387 1.11625 1.10805
   14     3.775 1.16546 1.15838 1.15230 1.14471 1.13811 1.13015 1.12310 1.11522 1.10707
   14     3.825 1.16442 1.15740 1.15117 1.14378 1.13706 1.12926 1.12226 1.11427 1.10611
   14     3.875 1.16347 1.15635 1.15004 1.14288 1.13594 1.12838 1.12119 1.11341 1.10526
   14     3.925 1.16248 1.15533 1.14911 1.14188 1.13489 1.12752 1.12022 1.11245 1.10453
   14     3.975 1.16135 1.15443 1.14815 1.14081 1.13410 1.12662 1.11934 1.11162 1.10378
   14     4.025 1.16037 1.15340 1.14738 1.13955 1.13343 1.12572 1.11852 1.11086 1.10298
   14     4.075 1.15951 1.15233 1.14675 1.13865 1.13265 1.12487 1.11762 1.11021 1.10203
   14     4.125 1.15880 1.15138 1.14592 1.13774 1.13188 1.12396 1.11680 1.10934 1.10104
   14     4.175 1.15809 1.15063 1.14511 1.13701 1.13120 1.12304 1.11597 1.10843 1.10023
   14     4.225 1.15729 1.14984 1.14432 1.13635 1.13040 1.12222 1.11506 1.10737 1.09959
   14     4.275 1.15646 1.14909 1.14328 1.13551 1.12933 1.12119 1.11444 1.10653 1.09901
   14     4.325 1.15552 1.14835 1.14231 1.13482 1.12835 1.12047 1.11380 1.10567 1.09832
   14     4.375 1.15441 1.14766 1.14133 1.13413 1.12749 1.11985 1.11313 1.10481 1.09770
   14     4.425 1.15352 1.14691 1.14070 1.13356 1.12680 1.11914 1.11249 1.10411 1.09696
   14     4.475 1.15285 1.14601 1.14028 1.13279 1.12627 1.11830 1.11177 1.10348 1.09614
   14     4.525 1.15235 1.14495 1.13964 1.13162 1.12551 1.11773 1.11087 1.10291 1.09518
   14     4.575 1.15188 1.14382 1.13873 1.13102 1.12464 1.11738 1.10968 1.10245 1.09436
   14     4.625 1.15101 1.14345 1.13765 1.13078 1.12348 1.11692 1.10848 1.10197 1.09391
   14     4.675 1.15004 1.14323 1.13641 1.13037 1.12252 1.11626 1.10791 1.10136 1.09348
   14     4.725 1.14868 1.14286 1.13556 1.12979 1.12181 1.11543 1.10738 1.10052 1.09280
   14     4.775 1.14776 1.14230 1.13492 1.12888 1.12111 1.11455 1.10681 1.09982 1.09195
   14     4.825 1.14722 1.14137 1.13426 1.12812 1.12054 1.11397 1.10620 1.09923 1.09113
   14     4.875 1.14665 1.14082 1.13343 1.12753 1.11981 1.11355 1.10565 1.09847 1.09063
   14     4.925 1.14595 1.14061 1.13238 1.12717 1.11919 1.11308 1.10515 1.09757 1.09019
   14     4.975 1.14484 1.14043 1.13187 1.12665 1.11861 1.11229 1.10476 1.09675 1.08965
   14     5.025 1.14414 1.13979 1.13142 1.12576 1.11827 1.11153 1.10411 1.09623 1.08896
   14     5.075 1.14360 1.13864 1.13108 1.12500 1.11774 1.11058 1.10341 1.09575 1.08840
   14     5.125 1.14303 1.13779 1.13052 1.12434 1.11711 1.10971 1.10293 1.09527 1.08784
   14     5.175 1.14236 1.13704 1.12985 1.12355 1.11668 1.10897 1.10250 1.09478 1.08719
   14     5.225 1.14161 1.13624 1.12951 1.12271 1.11623 1.10834 1.10204 1.09431 1.08650
   14     5.275 1.14126 1.13533 1.12928 1.12178 1.11574 1.10793 1.10145 1.09380 1.08579
   14     5.325 1.14084 1.13436 1.12895 1.12121 1.11517 1.10761 1.10084 1.09328 1.08533
   14     5.375 1.14037 1.13385 1.12847 1.12059 1.11465 1.10704 1.10045 1.09265 1.08499
   14     5.425 1.13984 1.13320 1.12805 1.11994 1.11443 1.10636 1.09988 1.09218 1.08463
   14     5.475 1.13919 1.13237 1.12757 1.11934 1.11415 1.10594 1.09907 1.09182 1.08419
   14     5.525 1.13891 1.13161 1.12687 1.11882 1.11345 1.10567 1.09808 1.09129 1.08368
   14     5.575 1.13856 1.13100 1.12617 1.11853 1.11258 1.10517 1.09734 1.09069 1.08315
   14     5.625 1.13825 1.13071 1.12535 1.11827 1.11196 1.10475 1.09707 1.09004 1.08275
   14     5.675 1.13778 1.13042 1.12477 1.11795 1.11141 1.10411 1.09676 1.08959 1.08225
   14     5.725 1.13749 1.12985 1.12437 1.11740 1.11070 1.10379 1.09622 1.08917 1.08175
   14     5.775 1.13709 1.12934 1.12394 1.11718 1.10977 1.10349 1.09565 1.08867 1.08127
   14     5.825 1.13659 1.12891 1.12331 1.11683 1.10879 1.10318 1.09525 1.08808 1.08071
   14     5.875 1.13607 1.12869 1.12244 1.11636 1.10820 1.10273 1.09489 1.08758 1.08019
   14     5.925 1.13548 1.12855 1.12186 1.11600 1.10796 1.10242 1.09444 1.08720 1.07952
   14     5.975 1.13492 1.12820 1.12154 1.11548 1.10760 1.10228 1.09385 1.08662 1.07909
   14     6.025 1.13434 1.12775 1.12110 1.11505 1.10722 1.10189 1.09344 1.08605 1.07873
   14     6.075 1.13375 1.12752 1.12044 1.11462 1.10680 1.10105 1.09310 1.08560 1.07837
   14     6.125 1.13306 1.12718 1.11967 1.11431 1.10654 1.10018 1.09281 1.08524 1.07791
   14     6.175 1.13238 1.12695 1.11912 1.11394 1.10617 1.09947 1.09255 1.08497 1.07740
   14     6.225 1.13189 1.12669 1.11891 1.11346 1.10588 1.09883 1.09225 1.08464 1.07706
   14     6.275 1.13151 1.12634 1.11860 1.11274 1.10555 1.09813 1.09196 1.08416 1.07669
   14     6.325 1.13102 1.12600 1.11804 1.11223 1.10520 1.09732 1.09169 1.08368 1.07628
   14     6.375 1.13040 1.12568 1.11756 1.11177 1.10482 1.09688 1.09145 1.08333 1.07586
   14     6.425 1.12972 1.12531 1.11723 1.11121 1.10460 1.09665 1.09105 1.08297 1.07559
   14     6.475 1.12927 1.12466 1.11686 1.11061 1.10435 1.09635 1.09053 1.08266 1.07530
   14     6.525 1.12876 1.12395 1.11674 1.11027 1.10412 1.09590 1.09012 1.08234 1.07503
   14     6.575 1.12800 1.12340 1.11659 1.10989 1.10390 1.09563 1.08967 1.08199 1.07470
   14     6.625 1.12732 1.12301 1.11629 1.10933 1.10372 1.09524 1.08918 1.08167 1.07421
   14     6.675 1.12666 1.12258 1.11610 1.10865 1.10342 1.09487 1.08856 1.08132 1.07377
   14     6.725 1.12611 1.12194 1.11590 1.10796 1.10314 1.09462 1.08801 1.08100 1.07338
   14     6.775 1.12569 1.12144 1.11564 1.10720 1.10284 1.09422 1.08759 1.08050 1.07313
   14     6.825 1.12544 1.12117 1.11547 1.10685 1.10273 1.09370 1.08707 1.08009 1.07281
   14     6.875 1.12498 1.12089 1.11510 1.10655 1.10257 1.09313 1.08686 1.07979 1.07248
   14     6.925 1.12443 1.12055 1.11474 1.10615 1.10213 1.09268 1.08660 1.07927 1.07224
   14     6.975 1.12395 1.12044 1.11444 1.10588 1.10184 1.09225 1.08639 1.07878 1.07207
   14     7.025 1.12356 1.12036 1.11395 1.10582 1.10155 1.09159 1.08630 1.07829 1.07185
   14     7.075 1.12304 1.12016 1.11351 1.10567 1.10105 1.09112 1.08618 1.07766 1.07163
   14     7.125 1.12242 1.11995 1.11312 1.10553 1.10052 1.09096 1.08609 1.07712 1.07138
   14     7.175 1.12175 1.11963 1.11265 1.10532 1.09995 1.09084 1.08592 1.07687 1.07106
   14     7.225 1.12148 1.11906 1.11198 1.10515 1.09930 1.09077 1.08574 1.07666 1.07071
   14     7.275 1.12149 1.11843 1.11135 1.10497 1.09859 1.09079 1.08546 1.07625 1.07043
   14     7.325 1.12158 1.11786 1.11065 1.10478 1.09793 1.09084 1.08510 1.07587 1.07010
   14     7.375 1.12191 1.11739 1.11004 1.10451 1.09726 1.09076 1.08464 1.07554 1.06956
   14     7.425 1.12222 1.11697 1.11001 1.10421 1.09672 1.09081 1.08409 1.07542 1.06914
   14     7.475 1.12247 1.11646 1.10990 1.10386 1.09634 1.09070 1.08353 1.07530 1.06869
   14     7.525 1.12288 1.11603 1.10991 1.10356 1.09617 1.09058 1.08328 1.07520 1.06834
   14     7.575 1.12303 1.11557 1.10982 1.10326 1.09599 1.09015 1.08312 1.07506 1.06808
   14     7.625 1.12307 1.11511 1.10957 1.10280 1.09596 1.08953 1.08300 1.07500 1.06767
   14     7.675 1.12305 1.11482 1.10926 1.10232 1.09597 1.08887 1.08287 1.07499 1.06714
   14     7.725 1.12291 1.11484 1.10891 1.10180 1.09594 1.08815 1.08261 1.07472 1.06664
   14     7.775 1.12264 1.11479 1.10872 1.10155 1.09581 1.08764 1.08234 1.07436 1.06632
   14     7.825 1.12198 1.11478 1.10842 1.10134 1.09551 1.08726 1.08192 1.07414 1.06607
   14     7.875 1.12109 1.11474 1.10787 1.10117 1.09512 1.08694 1.08149 1.07396 1.06577
   14     7.925 1.12013 1.11473 1.10737 1.10111 1.09464 1.08668 1.08112 1.07382 1.06543
   14     7.975 1.11973 1.11453 1.10680 1.10109 1.09411 1.08636 1.08074 1.07367 1.06533
   14     8.025 1.11964 1.11422 1.10637 1.10103 1.09361 1.08628 1.08033 1.07341 1.06525
   14     8.075 1.11957 1.11373 1.10598 1.10098 1.09311 1.08622 1.07998 1.07308 1.06520
   14     8.125 1.11960 1.11316 1.10578 1.10083 1.09278 1.08607 1.07962 1.07300 1.06506
   14     8.175 1.11949 1.11310 1.10550 1.10062 1.09279 1.08583 1.07935 1.07295 1.06473
   14     8.225 1.11927 1.11326 1.10519 1.10030 1.09286 1.08548 1.07903 1.07279 1.06434
   14     8.275 1.11882 1.11348 1.10485 1.09993 1.09283 1.08516 1.07873 1.07260 1.06413
   14     8.325 1.11814 1.11380 1.10462 1.09957 1.09277 1.08512 1.07820 1.07235 1.06402
   14     8.375 1.11737 1.11389 1.10455 1.09923 1.09260 1.08511 1.07761 1.07203 1.06391
   14     8.425 1.11643 1.11400 1.10451 1.09879 1.09250 1.08510 1.07701 1.07164 1.06380
   14     8.475 1.11538 1.11363 1.10446 1.09826 1.09228 1.08493 1.07658 1.07129 1.06365
   14     8.525 1.11459 1.11300 1.10441 1.09798 1.09202 1.08469 1.07632 1.07080 1.06357
   14     8.575 1.11445 1.11219 1.10455 1.09793 1.09162 1.08437 1.07621 1.07027 1.06337
   14     8.625 1.11439 1.11127 1.10458 1.09782 1.09118 1.08405 1.07613 1.06989 1.06316
   14     8.675 1.11418 1.11047 1.10459 1.09765 1.09107 1.08363 1.07619 1.06966 1.06294
   14     8.725 1.11415 1.11002 1.10437 1.09727 1.09109 1.08307 1.07623 1.06949 1.06258
   14     8.775 1.11407 1.10970 1.10404 1.09678 1.09117 1.08258 1.07626 1.06932 1.06242
   14     8.825 1.11391 1.10942 1.10377 1.09630 1.09109 1.08238 1.07605 1.06918 1.06237
   14     8.875 1.11353 1.10897 1.10369 1.09596 1.09098 1.08224 1.07576 1.06900 1.06235
   14     8.925 1.11312 1.10859 1.10354 1.09552 1.09083 1.08239 1.07541 1.06876 1.06225
   14     8.975 1.11280 1.10829 1.10346 1.09501 1.09064 1.08255 1.07520 1.06847 1.06191
   14     9.025 1.11257 1.10806 1.10339 1.09473 1.09042 1.08263 1.07528 1.06812 1.06149
   14     9.075 1.11256 1.10766 1.10321 1.09463 1.09012 1.08254 1.07522 1.06766 1.06106
   14     9.125 1.11270 1.10710 1.10299 1.09449 1.08973 1.08245 1.07509 1.06734 1.06067
   14     9.175 1.11274 1.10662 1.10292 1.09435 1.08943 1.08225 1.07492 1.06710 1.06019
   14     9.225 1.11274 1.10643 1.10272 1.09421 1.08912 1.08196 1.07471 1.06685 1.05981
   14     9.275 1.11273 1.10610 1.10239 1.09429 1.08864 1.08168 1.07442 1.06664 1.05959
   14     9.325 1.11254 1.10583 1.10211 1.09428 1.08816 1.08159 1.07409 1.06645 1.05939
   14     9.375 1.11211 1.10550 1.10192 1.09405 1.08775 1.08152 1.07378 1.06639 1.05926
   14     9.425 1.11172 1.10503 1.10152 1.09381 1.08732 1.08156 1.07354 1.06624 1.05908
   14     9.475 1.11161 1.10458 1.10123 1.09361 1.08680 1.08156 1.07356 1.06606 1.05891
   14     9.525 1.11170 1.10412 1.10095 1.09347 1.08613 1.08163 1.07358 1.06588 1.05879
   14     9.575 1.11180 1.10376 1.10063 1.09332 1.08541 1.08168 1.07346 1.06585 1.05860
   14     9.625 1.11199 1.10331 1.10017 1.09307 1.08503 1.08169 1.07342 1.06586 1.05846
   14     9.675 1.11198 1.10300 1.09984 1.09313 1.08489 1.08149 1.07330 1.06589 1.05826
   14     9.725 1.11192 1.10281 1.09957 1.09324 1.08489 1.08120 1.07307 1.06580 1.05814
   14     9.775 1.11176 1.10290 1.09915 1.09329 1.08480 1.08088 1.07289 1.06578 1.05802
   14     9.825 1.11164 1.10274 1.09880 1.09329 1.08468 1.08044 1.07276 1.06569 1.05788
   14     9.875 1.11178 1.10248 1.09846 1.09313 1.08446 1.08016 1.07259 1.06547 1.05753
   14     9.925 1.11188 1.10239 1.09814 1.09289 1.08410 1.07983 1.07250 1.06517 1.05722
   14     9.975 1.11217 1.10220 1.09800 1.09272 1.08374 1.07938 1.07253 1.06489 1.05690
   14    11.000 1.11182 1.10257 1.09196 1.09124 1.08116 1.07342 1.06967 1.06090 1.05519
   14    12.000 1.10353 1.10091 1.09427 1.08383 1.08010 1.07279 1.06508 1.05696 1.05147
   14    13.000 1.10017 1.09476 1.09229 1.08490 1.07527 1.07115 1.06482 1.05514 1.04745
   14    14.000 1.09831 1.09063 1.08666 1.08327 1.07639 1.06739 1.06326 1.05602 1.04710
   14    15.000 1.09860 1.08942 1.07872 1.07995 1.07640 1.06471 1.05938 1.05744 1.04748
   14    16.000 1.10131 1.08437 1.07913 1.07507 1.07075 1.06256 1.05745 1.05334 1.04655
   14    17.000 1.09382 1.08835 1.07926 1.07166 1.06754 1.06093 1.05653 1.04717 1.04342
   14    18.000 1.09002 1.09024 1.08242 1.07211 1.06273 1.05763 1.05420 1.04627 1.03893
   14    19.000 1.09307 1.08345 1.08500 1.07236 1.06256 1.05520 1.05229 1.04524 1.03567
   14    20.000 1.09249 1.08127 1.08610 1.07933 1.06509 1.05047 1.05204 1.04623 1.03746
  -14     0.025 0.00000 0.00000 0.00000 0.00000 0.00000 0.00000 0.00000 0.00000 0.00000
  -14     0.075 0.00000 0.00000 0.00000 0.00000 0.00000 0.00000 0.00000 0.00000 0.00000
  -14     0.125 0.00000 0.00000 0.00000 0.00000 0.00000 0.00000 0.00000 0.00000 0.00000
  -14     0.175 0.02362 0.02070 0.01789 0.01512 0.01247 0.01000 0.00776 0.00581 0.00421
  -14     0.225 0.05262 0.04886 0.04518 0.04161 0.03819 0.03490 0.03176 0.02877 0.02590
  -14     0.275 0.07972 0.07556 0.07144 0.06738 0.06338 0.05947 0.05564 0.05192 0.04831
  -14     0.325 0.10553 0.10105 0.09658 0.09215 0.08777 0.08345 0.07921 0.07505 0.07097
  -14     0.375 0.13053 0.12580 0.12106 0.11633 0.11163 0.10696 0.10234 0.09781 0.09336
  -14     0.425 0.15490 0.14997 0.14500 0.14000 0.13504 0.13010 0.12517 0.12033 0.11554
  -14     0.475 0.17869 0.17358 0.16840 0.16323 0.15800 0.15284 0.14765 0.14254 0.13745
  -14     0.525 0.20183 0.19659 0.19126 0.18589 0.18050 0.17508 0.16973 0.16433 0.15905
  -14     0.575 0.22435 0.21896 0.21346 0.20799 0.20241 0.19683 0.19130 0.18571 0.18019
  -14     0.625 0.24612 0.24067 0.23508 0.22942 0.22373 0.21804 0.21228 0.20652 0.20083
  -14     0.675 0.26726 0.26165 0.25600 0.25024 0.24441 0.23852 0.23267 0.22681 0.22091
  -14     0.725 0.28761 0.28193 0.27620 0.27035 0.26443 0.25845 0.25240 0.24639 0.24040
  -14     0.775 0.30725 0.30155 0.29569 0.28979 0.28376 0.27768 0.27155 0.26538 0.25922
  -14     0.825 0.32623 0.32043 0.31451 0.30850 0.30239 0.29624 0.29000 0.28375 0.27745
  -14     0.875 0.34450 0.33860 0.33262 0.32652 0.32036 0.31410 0.30780 0.30143 0.29507
  -14     0.925 0.36194 0.35600 0.34999 0.34383 0.33760 0.33126 0.32490 0.31847 0.31203
  -14     0.975 0.37879 0.37288 0.36682 0.36058 0.35431 0.34793 0.34147 0.33499 0.32844
  -14     1.025 0.39503 0.38906 0.38291 0.37668 0.37038 0.36390 0.35743 0.35087 0.34425
  -14     1.075 0.41061 0.40455 0.39836 0.39209 0.38567 0.37918 0.37268 0.36609 0.35942
  -14     1.125 0.42554 0.41951 0.41334 0.40706 0.40061 0.39407 0.38746 0.38075 0.37399
  -14     1.175 0.43997 0.43390 0.42765 0.42123 0.41476 0.40828 0.40165 0.39494 0.38818
  -14     1.225 0.45368 0.44764 0.44144 0.43510 0.42863 0.42201 0.41528 0.40846 0.40167
  -14     1.275 0.46713 0.46104 0.45478 0.44832 0.44170 0.43511 0.42845 0.42170 0.41482
  -14     1.325 0.47996 0.47372 0.46739 0.46105 0.45454 0.44792 0.44114 0.43421 0.42731
  -14     1.375 0.49213 0.48609 0.47985 0.47341 0.46678 0.45998 0.45328 0.44647 0.43955
  -14     1.425 0.50420 0.49803 0.49164 0.48505 0.47853 0.47190 0.46512 0.45818 0.45110
  -14     1.475 0.51558 0.50931 0.50296 0.49659 0.49001 0.48323 0.47628 0.46944 0.46251
  -14     1.525 0.52644 0.52033 0.51407 0.50758 0.50090 0.49410 0.48737 0.48047 0.47338
  -14     1.575 0.53714 0.53111 0.52475 0.51809 0.51148 0.50477 0.49788 0.49080 0.48379
  -14     1.625 0.54753 0.54128 0.53476 0.52830 0.52173 0.51494 0.50792 0.50111 0.49409
  -14     1.675 0.55737 0.55101 0.54473 0.53828 0.53153 0.52461 0.51785 0.51092 0.50375
  -14     1.725 0.56685 0.56072 0.55438 0.54778 0.54088 0.53429 0.52743 0.52033 0.51325
  -14     1.775 0.57609 0.57003 0.56356 0.55661 0.55015 0.54348 0.53653 0.52952 0.52250
  -14     1.825 0.58528 0.57906 0.57217 0.56551 0.55918 0.55239 0.54547 0.53849 0.53127
  -14     1.875 0.59401 0.58747 0.58075 0.57437 0.56777 0.56097 0.55415 0.54697 0.53956
  -14     1.925 0.60208 0.59545 0.58925 0.58276 0.57586 0.56925 0.56229 0.55502 0.54802
  -14     1.975 0.60963 0.60366 0.59754 0.59081 0.58400 0.57720 0.57019 0.56325 0.55619
  -14     2.025 0.61739 0.61155 0.60538 0.59856 0.59189 0.58497 0.57794 0.57105 0.56383
  -14     2.075 0.62531 0.61934 0.61257 0.60612 0.59946 0.59238 0.58556 0.57848 0.57111
  -14     2.125 0.63294 0.62646 0.61979 0.61334 0.60671 0.59988 0.59293 0.58569 0.57859
  -14     2.175 0.63987 0.63346 0.62694 0.62059 0.61364 0.60699 0.60004 0.59275 0.58572
  -14     2.225 0.64664 0.64004 0.63409 0.62749 0.62063 0.61385 0.60663 0.59975 0.59248
  -14     2.275 0.65326 0.64688 0.64078 0.63398 0.62735 0.62040 0.61333 0.60639 0.59910
  -14     2.325 0.65952 0.65366 0.64718 0.64027 0.63383 0.62685 0.61995 0.61284 0.60548
  -14     2.375 0.66570 0.65996 0.65330 0.64679 0.64001 0.63310 0.62629 0.61905 0.61190
  -14     2.425 0.67203 0.66597 0.65914 0.65293 0.64633 0.63927 0.63234 0.62495 0.61801
  -14     2.475 0.67823 0.67182 0.66526 0.65891 0.65190 0.64524 0.63815 0.63108 0.62389
  -14     2.525 0.68392 0.67752 0.67114 0.66476 0.65765 0.65105 0.64382 0.63689 0.62959
  -14     2.575 0.68965 0.68279 0.67685 0.67014 0.66340 0.65659 0.64955 0.64252 0.63502
  -14     2.625 0.69496 0.68840 0.68235 0.67538 0.66892 0.66207 0.65495 0.64786 0.64055
  -14     2.675 0.69997 0.69376 0.68775 0.68072 0.67432 0.66715 0.66032 0.65304 0.64607
  -14     2.725 0.70493 0.69912 0.69268 0.68607 0.67937 0.67232 0.66548 0.65816 0.65122
  -14     2.775 0.70990 0.70432 0.69760 0.69112 0.68435 0.67740 0.67051 0.66331 0.65618
  -14     2.825 0.71487 0.70922 0.70233 0.69610 0.68902 0.68246 0.67540 0.66819 0.66096
  -14     2.875 0.71991 0.71382 0.70714 0.70093 0.69370 0.68724 0.68009 0.67297 0.66569
  -14     2.925 0.72478 0.71832 0.71181 0.70553 0.69853 0.69187 0.68457 0.67764 0.67015
  -14     2.975 0.72947 0.72266 0.71647 0.70999 0.70319 0.69632 0.68918 0.68224 0.67488
  -14     3.025 0.73388 0.72688 0.72106 0.71427 0.70764 0.70075 0.69370 0.68660 0.67947
  -14     3.075 0.73789 0.73121 0.72551 0.71828 0.71191 0.70488 0.69806 0.69078 0.68370
  -14     3.125 0.74185 0.73560 0.72972 0.72249 0.71613 0.70901 0.70225 0.69481 0.68787
  -14     3.175 0.74591 0.73995 0.73367 0.72677 0.72038 0.71319 0.70637 0.69907 0.69192
  -14     3.225 0.74974 0.74411 0.73751 0.73091 0.72435 0.71732 0.71034 0.70318 0.69596
  -14     3.275 0.75362 0.74805 0.74113 0.73484 0.72812 0.72119 0.71413 0.70711 0.69975
  -14     3.325 0.75745 0.75183 0.74463 0.73882 0.73173 0.72501 0.71784 0.71105 0.70345
  -14     3.375 0.76131 0.75554 0.74848 0.74262 0.73533 0.72885 0.72165 0.71472 0.70729
  -14     3.425 0.76499 0.75901 0.75230 0.74636 0.73904 0.73257 0.72541 0.71827 0.71106
  -14     3.475 0.76873 0.76249 0.75612 0.74983 0.74266 0.73612 0.72904 0.72174 0.71469
  -14     3.525 0.77218 0.76593 0.75974 0.75301 0.74620 0.73949 0.73244 0.72520 0.71818
  -14     3.575 0.77574 0.76906 0.76324 0.75610 0.74973 0.74278 0.73585 0.72867 0.72162
  -14     3.625 0.77909 0.77224 0.76655 0.75925 0.75332 0.74596 0.73917 0.73198 0.72496
  -14     3.675 0.78236 0.77547 0.76984 0.76251 0.75675 0.74925 0.74248 0.73534 0.72804
  -14     3.725 0.78556 0.77883 0.77310 0.76584 0.75990 0.75239 0.74568 0.73865 0.73111
  -14     3.775 0.78871 0.78196 0.77624 0.76906 0.76291 0.75548 0.74894 0.74171 0.73419
  -14     3.825 0.79176 0.78502 0.77914 0.77217 0.76587 0.75859 0.75208 0.74473 0.73721
  -14     3.875 0.79476 0.78794 0.78199 0.77521 0.76869 0.76164 0.75493 0.74775 0.74022
  -14     3.925 0.79764 0.79082 0.78489 0.77807 0.77149 0.76462 0.75778 0.75063 0.74331
  -14     3.975 0.80035 0.79369 0.78776 0.78080 0.77446 0.76751 0.76066 0.75353 0.74629
  -14     4.025 0.80309 0.79642 0.79066 0.78334 0.77746 0.77032 0.76351 0.75644 0.74915
  -14     4.075 0.80583 0.79907 0.79364 0.78607 0.78031 0.77306 0.76625 0.75936 0.75181
  -14     4.125 0.80873 0.80171 0.79641 0.78871 0.78310 0.77569 0.76896 0.76202 0.75437
  -14     4.175 0.81149 0.80448 0.79908 0.79148 0.78589 0.77824 0.77165 0.76455 0.75702
  -14     4.225 0.81413 0.80711 0.80172 0.79418 0.78857 0.78078 0.77421 0.76691 0.75973
  -14     4.275 0.81670 0.80968 0.80413 0.79670 0.79091 0.78312 0.77689 0.76941 0.76243
  -14     4.325 0.81914 0.81223 0.80650 0.79929 0.79327 0.78569 0.77951 0.77182 0.76500
  -14     4.375 0.82139 0.81475 0.80883 0.80181 0.79563 0.78829 0.78204 0.77423 0.76755
  -14     4.425 0.82374 0.81718 0.81137 0.80441 0.79809 0.79078 0.78451 0.77669 0.76997
  -14     4.475 0.82618 0.81942 0.81401 0.80680 0.80062 0.79313 0.78688 0.77913 0.77224
  -14     4.525 0.82869 0.82153 0.81637 0.80883 0.80287 0.79561 0.78903 0.78157 0.77437
  -14     4.575 0.83111 0.82358 0.81845 0.81123 0.80502 0.79818 0.79090 0.78404 0.77657
  -14     4.625 0.83320 0.82611 0.82037 0.81383 0.80690 0.80061 0.79273 0.78647 0.77899
  -14     4.675 0.83521 0.82867 0.82216 0.81628 0.80888 0.80283 0.79498 0.78877 0.78137
  -14     4.725 0.83686 0.83111 0.82421 0.81854 0.81098 0.80489 0.79724 0.79080 0.78349
  -14     4.775 0.83879 0.83334 0.82633 0.82048 0.81304 0.80685 0.79944 0.79290 0.78541
  -14     4.825 0.84094 0.83527 0.82836 0.82253 0.81519 0.80902 0.80157 0.79500 0.78736
  -14     4.875 0.84300 0.83749 0.83022 0.82466 0.81720 0.81125 0.80373 0.79692 0.78954
  -14     4.925 0.84496 0.83991 0.83192 0.82690 0.81925 0.81339 0.80588 0.79871 0.79169
  -14     4.975 0.84660 0.84224 0.83403 0.82898 0.82129 0.81523 0.80804 0.80048 0.79373
  -14     5.025 0.84851 0.84418 0.83616 0.83070 0.82347 0.81703 0.80996 0.80251 0.79562
  -14     5.075 0.85048 0.84564 0.83830 0.83246 0.82546 0.81862 0.81179 0.80453 0.79756
  -14     5.125 0.85236 0.84730 0.84022 0.83427 0.82735 0.82025 0.81376 0.80649 0.79943
  -14     5.175 0.85413 0.84898 0.84204 0.83594 0.82933 0.82194 0.81574 0.80843 0.80123
  -14     5.225 0.85587 0.85059 0.84407 0.83751 0.83125 0.82373 0.81767 0.81031 0.80295
  -14     5.275 0.85784 0.85209 0.84616 0.83899 0.83314 0.82564 0.81946 0.81212 0.80461
  -14     5.325 0.85975 0.85351 0.84817 0.84068 0.83492 0.82758 0.82119 0.81391 0.80640
  -14     5.375 0.86160 0.85522 0.85003 0.84231 0.83671 0.82932 0.82302 0.81562 0.80829
  -14     5.425 0.86335 0.85681 0.85187 0.84398 0.83866 0.83096 0.82467 0.81737 0.81018
  -14     5.475 0.86495 0.85827 0.85355 0.84564 0.84056 0.83274 0.82612 0.81915 0.81197
  -14     5.525 0.86680 0.85974 0.85506 0.84732 0.84209 0.83458 0.82739 0.82080 0.81360
  -14     5.575 0.86860 0.86130 0.85656 0.84913 0.84345 0.83623 0.82878 0.82237 0.81518
  -14     5.625 0.87042 0.86305 0.85792 0.85095 0.84491 0.83792 0.83056 0.82387 0.81684
  -14     5.675 0.87207 0.86481 0.85941 0.85270 0.84639 0.83942 0.83229 0.82547 0.81842
  -14     5.725 0.87381 0.86633 0.86099 0.85428 0.84770 0.84111 0.83381 0.82705 0.81998
  -14     5.775 0.87540 0.86789 0.86255 0.85604 0.84884 0.84277 0.83528 0.82856 0.82149
  -14     5.825 0.87689 0.86946 0.86394 0.85763 0.84992 0.84443 0.83685 0.82998 0.82289
  -14     5.875 0.87837 0.87116 0.86515 0.85914 0.85130 0.84596 0.83841 0.83145 0.82432
  -14     5.925 0.87978 0.87290 0.86649 0.86071 0.85293 0.84760 0.83986 0.83297 0.82560
  -14     5.975 0.88109 0.87449 0.86799 0.86216 0.85444 0.84932 0.84120 0.83425 0.82706
  -14     6.025 0.88235 0.87599 0.86939 0.86359 0.85594 0.85077 0.84266 0.83556 0.82855
  -14     6.075 0.88360 0.87756 0.87062 0.86499 0.85740 0.85181 0.84416 0.83698 0.83002
  -14     6.125 0.88480 0.87903 0.87176 0.86648 0.85895 0.85280 0.84566 0.83840 0.83136
  -14     6.175 0.88599 0.88056 0.87300 0.86791 0.86036 0.85388 0.84717 0.83988 0.83266
  -14     6.225 0.88724 0.88208 0.87449 0.86922 0.86182 0.85501 0.84864 0.84130 0.83406
  -14     6.275 0.88857 0.88352 0.87590 0.87027 0.86325 0.85605 0.85008 0.84257 0.83541
  -14     6.325 0.88980 0.88492 0.87710 0.87147 0.86463 0.85699 0.85152 0.84381 0.83672
  -14     6.375 0.89092 0.88628 0.87835 0.87268 0.86595 0.85824 0.85296 0.84512 0.83800
  -14     6.425 0.89196 0.88756 0.87967 0.87380 0.86737 0.85966 0.85423 0.84641 0.83938
  -14     6.475 0.89314 0.88858 0.88093 0.87489 0.86876 0.86099 0.85539 0.84774 0.84070
  -14     6.525 0.89423 0.88958 0.88242 0.87616 0.87017 0.86219 0.85661 0.84904 0.84204
  -14     6.575 0.89507 0.89066 0.88387 0.87737 0.87156 0.86349 0.85775 0.85029 0.84330
  -14     6.625 0.89599 0.89181 0.88518 0.87839 0.87292 0.86469 0.85885 0.85153 0.84441
  -14     6.675 0.89693 0.89293 0.88654 0.87931 0.87418 0.86589 0.85981 0.85272 0.84552
  -14     6.725 0.89796 0.89389 0.88786 0.88017 0.87544 0.86716 0.86082 0.85393 0.84666
  -14     6.775 0.89905 0.89496 0.88911 0.88097 0.87668 0.86827 0.86188 0.85497 0.84789
  -14     6.825 0.90025 0.89616 0.89043 0.88213 0.87803 0.86928 0.86286 0.85606 0.84907
  -14     6.875 0.90130 0.89736 0.89157 0.88332 0.87932 0.87022 0.86410 0.85722 0.85023
  -14     6.925 0.90227 0.89849 0.89267 0.88441 0.88035 0.87123 0.86530 0.85818 0.85141
  -14     6.975 0.90326 0.89980 0.89380 0.88558 0.88147 0.87224 0.86652 0.85916 0.85264
  -14     7.025 0.90428 0.90113 0.89476 0.88690 0.88261 0.87305 0.86780 0.86013 0.85381
  -14     7.075 0.90519 0.90234 0.89575 0.88815 0.88351 0.87403 0.86906 0.86095 0.85499
  -14     7.125 0.90603 0.90347 0.89677 0.88938 0.88436 0.87524 0.87033 0.86183 0.85611
  -14     7.175 0.90682 0.90447 0.89771 0.89053 0.88517 0.87645 0.87153 0.86292 0.85716
  -14     7.225 0.90793 0.90525 0.89844 0.89166 0.88591 0.87769 0.87270 0.86405 0.85815
  -14     7.275 0.90928 0.90597 0.89920 0.89279 0.88660 0.87901 0.87375 0.86496 0.85919
  -14     7.325 0.91066 0.90670 0.89989 0.89390 0.88729 0.88033 0.87472 0.86587 0.86018
  -14     7.375 0.91223 0.90752 0.90066 0.89493 0.88796 0.88155 0.87559 0.86681 0.86099
  -14     7.425 0.91377 0.90842 0.90185 0.89591 0.88878 0.88284 0.87637 0.86794 0.86187
  -14     7.475 0.91526 0.90923 0.90297 0.89685 0.88969 0.88397 0.87715 0.86907 0.86271
  -14     7.525 0.91684 0.91011 0.90418 0.89780 0.89077 0.88509 0.87813 0.87020 0.86362
  -14     7.575 0.91818 0.91094 0.90530 0.89874 0.89181 0.88592 0.87918 0.87131 0.86458
  -14     7.625 0.91941 0.91179 0.90626 0.89957 0.89296 0.88658 0.88025 0.87246 0.86538
  -14     7.675 0.92058 0.91275 0.90713 0.90036 0.89412 0.88717 0.88129 0.87363 0.86605
  -14     7.725 0.92165 0.91393 0.90799 0.90110 0.89524 0.88772 0.88221 0.87458 0.86676
  -14     7.775 0.92257 0.91504 0.90897 0.90202 0.89629 0.88841 0.88310 0.87544 0.86759
  -14     7.825 0.92317 0.91614 0.90986 0.90298 0.89716 0.88919 0.88386 0.87638 0.86850
  -14     7.875 0.92354 0.91721 0.91051 0.90395 0.89792 0.89002 0.88459 0.87733 0.86936
  -14     7.925 0.92384 0.91829 0.91117 0.90502 0.89861 0.89088 0.88538 0.87831 0.87016
  -14     7.975 0.92460 0.91923 0.91176 0.90612 0.89926 0.89168 0.88617 0.87927 0.87118
  -14     8.025 0.92558 0.92006 0.91243 0.90716 0.89992 0.89268 0.88692 0.88013 0.87221
  -14     8.075 0.92655 0.92073 0.91312 0.90816 0.90056 0.89370 0.88766 0.88091 0.87324
  -14     8.125 0.92761 0.92134 0.91399 0.90909 0.90135 0.89465 0.88838 0.88191 0.87418
  -14     8.175 0.92854 0.92237 0.91479 0.90996 0.90238 0.89552 0.88917 0.88292 0.87494
  -14     8.225 0.92936 0.92359 0.91558 0.91074 0.90346 0.89629 0.88991 0.88382 0.87563
  -14     8.275 0.92999 0.92483 0.91629 0.91147 0.90446 0.89708 0.89067 0.88469 0.87646
  -14     8.325 0.93038 0.92614 0.91712 0.91216 0.90542 0.89806 0.89119 0.88548 0.87737
  -14     8.375 0.93070 0.92722 0.91807 0.91285 0.90630 0.89904 0.89166 0.88618 0.87828
  -14     8.425 0.93087 0.92830 0.91906 0.91345 0.90721 0.90001 0.89213 0.88682 0.87918
  -14     8.475 0.93094 0.92892 0.92003 0.91398 0.90803 0.90081 0.89274 0.88747 0.88005
  -14     8.525 0.93120 0.92932 0.92097 0.91468 0.90879 0.90156 0.89348 0.88800 0.88095
  -14     8.575 0.93198 0.92957 0.92204 0.91558 0.90941 0.90222 0.89432 0.88849 0.88174
  -14     8.625 0.93283 0.92974 0.92302 0.91642 0.91001 0.90288 0.89518 0.88911 0.88251
  -14     8.675 0.93357 0.92999 0.92397 0.91720 0.91085 0.90345 0.89616 0.88984 0.88326
  -14     8.725 0.93444 0.93050 0.92475 0.91778 0.91179 0.90391 0.89715 0.89062 0.88389
  -14     8.775 0.93529 0.93109 0.92542 0.91824 0.91277 0.90443 0.89811 0.89137 0.88466
  -14     8.825 0.93608 0.93171 0.92612 0.91871 0.91360 0.90516 0.89886 0.89215 0.88552
  -14     8.875 0.93669 0.93219 0.92696 0.91930 0.91440 0.90594 0.89953 0.89289 0.88640
  -14     8.925 0.93726 0.93272 0.92774 0.91980 0.91517 0.90694 0.90015 0.89358 0.88720
  -14     8.975 0.93788 0.93333 0.92856 0.92024 0.91589 0.90797 0.90088 0.89421 0.88777
  -14     9.025 0.93858 0.93399 0.92937 0.92085 0.91657 0.90891 0.90183 0.89479 0.88827
  -14     9.075 0.93943 0.93451 0.93009 0.92161 0.91717 0.90970 0.90261 0.89525 0.88875
  -14     9.125 0.94040 0.93491 0.93076 0.92236 0.91770 0.91049 0.90333 0.89582 0.88924
  -14     9.175 0.94127 0.93536 0.93154 0.92310 0.91825 0.91118 0.90401 0.89643 0.88966
  -14     9.225 0.94210 0.93600 0.93221 0.92384 0.91880 0.91180 0.90464 0.89703 0.89015
  -14     9.275 0.94293 0.93648 0.93278 0.92473 0.91917 0.91241 0.90521 0.89765 0.89077
  -14     9.325 0.94362 0.93702 0.93338 0.92555 0.91955 0.91315 0.90576 0.89828 0.89141
  -14     9.375 0.94412 0.93750 0.93403 0.92618 0.91997 0.91390 0.90633 0.89904 0.89210
  -14     9.425 0.94463 0.93785 0.93447 0.92680 0.92038 0.91474 0.90694 0.89973 0.89275
  -14     9.475 0.94535 0.93825 0.93498 0.92744 0.92069 0.91554 0.90774 0.90039 0.89339
  -14     9.525 0.94623 0.93863 0.93550 0.92812 0.92088 0.91640 0.90853 0.90104 0.89408
  -14     9.575 0.94711 0.93910 0.93598 0.92878 0.92100 0.91725 0.90919 0.90181 0.89470
  -14     9.625 0.94804 0.93951 0.93635 0.92936 0.92143 0.91806 0.90992 0.90260 0.89536
  -14     9.675 0.94880 0.94001 0.93681 0.93018 0.92207 0.91867 0.91058 0.90340 0.89596
  -14     9.725 0.94954 0.94059 0.93733 0.93105 0.92281 0.91919 0.91117 0.90408 0.89662
  -14     9.775 0.95020 0.94140 0.93773 0.93186 0.92347 0.91964 0.91178 0.90480 0.89727
  -14     9.825 0.95087 0.94199 0.93817 0.93263 0.92410 0.91998 0.91243 0.90546 0.89789
  -14     9.875 0.95176 0.94250 0.93859 0.93325 0.92465 0.92043 0.91304 0.90599 0.89830
  -14     9.925 0.95263 0.94312 0.93902 0.93381 0.92505 0.92084 0.91370 0.90645 0.89873
  -14     9.975 0.95366 0.94368 0.93961 0.93440 0.92546 0.92115 0.91446 0.90693 0.89915
  -14    11.000 0.96703 0.95797 0.94754 0.94668 0.93691 0.92919 0.92539 0.91696 0.91114
  -14    12.000 0.97035 0.96763 0.96116 0.95082 0.94717 0.93991 0.93231 0.92440 0.91888
  -14    13.000 0.97673 0.97131 0.96888 0.96161 0.95202 0.94796 0.94174 0.93225 0.92470
  -14    14.000 0.98344 0.97564 0.97177 0.96844 0.96151 0.95253 0.94855 0.94147 0.93262
  -14    15.000 0.99114 0.98185 0.97129 0.97255 0.96883 0.95724 0.95206 0.94999 0.94021
  -14    16.000 1.00013 0.98369 0.97816 0.97394 0.96992 0.96171 0.95642 0.95248 0.94574
  -14    17.000 0.99848 0.99311 0.98413 0.97650 0.97240 0.96583 0.96137 0.95210 0.94834
  -14    18.000 0.99996 1.00006 0.99229 0.98205 0.97273 0.96781 0.96421 0.95637 0.94905
  -14    19.000 1.00732 0.99777 0.99949 0.98703 0.97716 0.96984 0.96700 0.96004 0.95049
  -14    20.000 1.01084 0.99990 1.00476 0.99787 0.98371 0.96937 0.97106 0.96507 0.95632
   16     2.700 0.00000 0.00000 0.00000 0.00000 0.00000 0.00000 0.00000 0.00000 0.00000
   16     2.800 0.00000 0.00000 0.00000 0.00000 0.00000 0.00002 0.00011 0.00032 0.00065
   16     2.900 0.00000 0.00007 0.00028 0.00067 0.00120 0.00187 0.00266 0.00354 0.00449
   16     3.000 0.00186 0.00284 0.00396 0.00519 0.00651 0.00789 0.00931 0.01076 0.01223
   16     3.100 0.00896 0.01079 0.01265 0.01452 0.01639 0.01825 0.02008 0.02189 0.02367
   16     3.200 0.02165 0.02395 0.02619 0.02837 0.03049 0.03254 0.03453 0.03646 0.03832
   16     3.300 0.03930 0.04166 0.04392 0.04608 0.04816 0.05015 0.05207 0.05391 0.05567
   16     3.400 0.06100 0.06307 0.06504 0.06692 0.06871 0.07043 0.07208 0.07366 0.07517
   16     3.500 0.08580 0.08730 0.08875 0.09014 0.09147 0.09276 0.09399 0.09518 0.09632
   16     3.600 0.11276 0.11354 0.11431 0.11507 0.11582 0.11656 0.11728 0.11798 0.11864
   16     3.700 0.14106 0.14102 0.14103 0.14109 0.14119 0.14132 0.14147 0.14162 0.14173
   16     3.800 0.16995 0.16909 0.16834 0.16769 0.16712 0.16662 0.16617 0.16572 0.16524
   16     3.900 0.19880 0.19719 0.19573 0.19440 0.19319 0.19207 0.19100 0.18994 0.18886
   16     4.000 0.22708 0.22484 0.22276 0.22084 0.21904 0.21734 0.21568 0.21403 0.21237
   16     4.100 0.25433 0.25165 0.24910 0.24669 0.24439 0.24215 0.23995 0.23775 0.23554
   16     4.200 0.28018 0.27728 0.27444 0.27167 0.26896 0.26628 0.26361 0.26092 0.25822
   16     4.300 0.30434 0.30146 0.29853 0.29557 0.29257 0.28955 0.28649 0.28340 0.28025
   16     4.400 0.32656 0.32399 0.32117 0.31818 0.31506 0.31181 0.30848 0.30506 0.30155
   16     4.500 0.34686 0.34469 0.34222 0.33939 0.33628 0.33295 0.32945 0.32579 0.32202
   16     4.600 0.36580 0.36381 0.36159 0.35907 0.35616 0.35289 0.34933 0.34555 0.34158
   16     4.700 0.38371 0.38180 0.37968 0.37730 0.37461 0.37153 0.36806 0.36426 0.36019
   16     4.800 0.40074 0.39887 0.39678 0.39444 0.39182 0.38889 0.38560 0.38188 0.37782
   16     4.900 0.41700 0.41514 0.41305 0.41071 0.40810 0.40518 0.40197 0.39840 0.39444
   16     5.000 0.43256 0.43069 0.42859 0.42622 0.42358 0.42066 0.41743 0.41388 0.41003
   16     5.100 0.44750 0.44560 0.44346 0.44107 0.43838 0.43540 0.43214 0.42858 0.42472
   16     5.200 0.46186 0.45992 0.45773 0.45527 0.45254 0.44951 0.44620 0.44258 0.43869
   16     5.300 0.47565 0.47369 0.47144 0.46893 0.46613 0.46303 0.45966 0.45600 0.45205
   16     5.400 0.48896 0.48693 0.48463 0.48206 0.47919 0.47603 0.47258 0.46883 0.46482
   16     5.500 0.50179 0.49970 0.49734 0.49469 0.49174 0.48852 0.48500 0.48119 0.47709
   16     5.600 0.51415 0.51201 0.50959 0.50687 0.50385 0.50053 0.49693 0.49305 0.48889
   16     5.700 0.52610 0.52389 0.52139 0.51860 0.51551 0.51213 0.50845 0.50448 0.50023
   16     5.800 0.53765 0.53536 0.53280 0.52992 0.52674 0.52329 0.51954 0.51550 0.51119
   16     5.900 0.54878 0.54644 0.54381 0.54088 0.53762 0.53408 0.53023 0.52611 0.52172
   16     6.000 0.55956 0.55714 0.55444 0.55143 0.54811 0.54450 0.54059 0.53638 0.53192
   16     6.100 0.56999 0.56750 0.56473 0.56163 0.55822 0.55454 0.55056 0.54629 0.54175
   16     6.200 0.58008 0.57753 0.57468 0.57152 0.56803 0.56427 0.56020 0.55584 0.55123
   16     6.300 0.58983 0.58722 0.58431 0.58107 0.57753 0.57369 0.56954 0.56513 0.56042
   16     6.400 0.59928 0.59658 0.59361 0.59030 0.58669 0.58278 0.57856 0.57408 0.56932
   16     6.500 0.60844 0.60569 0.60264 0.59925 0.59556 0.59156 0.58728 0.58273 0.57790
   16     6.600 0.61731 0.61450 0.61138 0.60793 0.60418 0.60012 0.59577 0.59113 0.58623
   16     6.700 0.62590 0.62303 0.61985 0.61633 0.61251 0.60838 0.60397 0.59927 0.59432
   16     6.800 0.63422 0.63129 0.62804 0.62446 0.62057 0.61637 0.61190 0.60714 0.60212
   16     6.900 0.64231 0.63931 0.63599 0.63233 0.62839 0.62413 0.61959 0.61476 0.60968
   16     7.000 0.65015 0.64711 0.64371 0.64001 0.63600 0.63167 0.62708 0.62219 0.61706
   16     7.100 0.65777 0.65466 0.65120 0.64745 0.64336 0.63899 0.63432 0.62938 0.62417
   16     7.200 0.66514 0.66197 0.65846 0.65464 0.65049 0.64607 0.64133 0.63634 0.63107
   16     7.300 0.67230 0.66907 0.66550 0.66161 0.65740 0.65291 0.64812 0.64309 0.63778
   16     7.400 0.67926 0.67598 0.67235 0.66842 0.66417 0.65962 0.65478 0.64971 0.64432
   16     7.500 0.68604 0.68270 0.67901 0.67503 0.67071 0.66612 0.66123 0.65607 0.65066
   16     7.600 0.69263 0.68923 0.68548 0.68144 0.67707 0.67243 0.66748 0.66226 0.65680
   16     7.700 0.69902 0.69557 0.69179 0.68766 0.68325 0.67853 0.67354 0.66826 0.66275
   16     7.800 0.70521 0.70171 0.69787 0.69370 0.68923 0.68445 0.67944 0.67413 0.66860
   16     7.900 0.71126 0.70769 0.70377 0.69956 0.69507 0.69026 0.68521 0.67985 0.67428
   16     8.000 0.71710 0.71348 0.70956 0.70532 0.70077 0.69593 0.69082 0.68541 0.67975
   16     8.100 0.72284 0.71918 0.71521 0.71089 0.70632 0.70140 0.69622 0.69079 0.68507
   16     8.200 0.72841 0.72469 0.72071 0.71632 0.71169 0.70672 0.70149 0.69599 0.69027
   16     8.300 0.73385 0.73008 0.72601 0.72158 0.71690 0.71189 0.70662 0.70113 0.69538
   16     8.400 0.73912 0.73528 0.73118 0.72672 0.72195 0.71696 0.71165 0.70614 0.70032
   16     8.500 0.74424 0.74039 0.73620 0.73170 0.72693 0.72190 0.71656 0.71100 0.70514
   16     8.600 0.74924 0.74532 0.74110 0.73660 0.73178 0.72670 0.72133 0.71569 0.70981
   16     8.700 0.75410 0.75012 0.74591 0.74136 0.73652 0.73140 0.72596 0.72025 0.71434
   16     8.800 0.75882 0.75488 0.75056 0.74601 0.74110 0.73592 0.73044 0.72472 0.71882
   16     8.900 0.76350 0.75946 0.75515 0.75056 0.74555 0.74034 0.73484 0.72911 0.72319
   16     9.000 0.76797 0.76398 0.75957 0.75493 0.74991 0.74461 0.73917 0.73341 0.72744
   16     9.100 0.77236 0.76834 0.76388 0.75918 0.75413 0.74888 0.74338 0.73757 0.73156
   16     9.200 0.77671 0.77260 0.76812 0.76333 0.75837 0.75303 0.74749 0.74165 0.73553
   16     9.300 0.78094 0.77677 0.77222 0.76744 0.76242 0.75705 0.75146 0.74556 0.73940
   16     9.400 0.78493 0.78074 0.77616 0.77139 0.76632 0.76098 0.75531 0.74941 0.74332
   16     9.500 0.78888 0.78465 0.78017 0.77533 0.77026 0.76481 0.75912 0.75324 0.74710
   16     9.600 0.79285 0.78862 0.78408 0.77918 0.77406 0.76852 0.76279 0.75690 0.75074
   16     9.700 0.79661 0.79243 0.78777 0.78284 0.77762 0.77209 0.76640 0.76055 0.75435
   16     9.800 0.80030 0.79603 0.79143 0.78642 0.78123 0.77575 0.77002 0.76406 0.75784
   16     9.900 0.80401 0.79962 0.79505 0.78999 0.78470 0.77930 0.77348 0.76746 0.76120
   16    10.000 0.80757 0.80315 0.79849 0.79341 0.78812 0.78266 0.77686 0.77080 0.76452
   16    10.000 0.80757 0.80315 0.79849 0.79341 0.78812 0.78266 0.77686 0.77080 0.76452
   16    11.000 0.83902 0.83438 0.82941 0.82406 0.81863 0.81289 0.80681 0.80054 0.79413
   16    12.000 0.86434 0.85956 0.85444 0.84894 0.84317 0.83737 0.83118 0.82468 0.81817
   16    13.000 0.88544 0.88025 0.87495 0.86947 0.86351 0.85737 0.85116 0.84464 0.83793
   16    14.000 0.90284 0.89775 0.89208 0.88635 0.88063 0.87428 0.86786 0.86127 0.85444
   16    15.000 0.91724 0.91211 0.90680 0.90073 0.89463 0.88860 0.88201 0.87539 0.86860
   16    16.000 0.92972 0.92462 0.91908 0.91320 0.90699 0.90049 0.89414 0.88738 0.88059
   16    17.000 0.94097 0.93531 0.92966 0.92382 0.91759 0.91121 0.90431 0.89780 0.89091
   16    18.000 0.95032 0.94483 0.93889 0.93292 0.92694 0.92021 0.91384 0.90685 0.89999
   16    19.000 0.95853 0.95342 0.94708 0.94093 0.93426 0.92853 0.92199 0.91518 0.90803
   16    20.000 0.96601 0.96044 0.95470 0.94830 0.94180 0.93527 0.92883 0.92223 0.91520
   16    21.000 0.97192 0.96688 0.96098 0.95485 0.94841 0.94185 0.93494 0.92807 0.92171
   16    22.000 0.97747 0.97217 0.96630 0.96110 0.95386 0.94767 0.94048 0.93421 0.92648
   16    23.000 0.98280 0.97686 0.97141 0.96571 0.95972 0.95315 0.94587 0.93875 0.93202
   16    24.000 0.98770 0.98209 0.97584 0.96930 0.96450 0.95730 0.95073 0.94387 0.93661
   16    25.000 0.99206 0.98633 0.98001 0.97378 0.96780 0.96193 0.95514 0.94814 0.94072
   16    26.000 0.99645 0.99072 0.98403 0.97759 0.97099 0.96525 0.95836 0.95242 0.94494
   16    27.000 0.99964 0.99463 0.98781 0.98116 0.97502 0.96807 0.96179 0.95552 0.94835
   16    28.000 1.00374 0.99833 0.99139 0.98466 0.97841 0.97055 0.96514 0.95787 0.95183
   16    29.000 1.00655 1.00121 0.99452 0.98844 0.98101 0.97473 0.96747 0.96056 0.95432
   16    30.000 1.01000 1.00343 0.99813 0.99177 0.98380 0.97787 0.96966 0.96344 0.95631
   16    31.000 1.01064 1.00628 1.00067 0.99401 0.98736 0.98019 0.97326 0.96584 0.95849
   16    32.000 1.01202 1.00839 1.00256 0.99656 0.99056 0.98230 0.97634 0.96782 0.96149
   16    33.000 1.01390 1.00986 1.00447 0.99911 0.99283 0.98503 0.97906 0.97025 0.96380
   16    34.000 1.01613 1.01056 1.00611 1.00073 0.99506 0.98772 0.98080 0.97322 0.96579
   16    35.000 1.01786 1.01212 1.00742 1.00140 0.99675 0.98994 0.98318 0.97607 0.96789
   16    36.000 1.01884 1.01292 1.00834 1.00255 0.99807 0.99180 0.98454 0.97782 0.97044
   16    37.000 1.02042 1.01498 1.00835 1.00412 0.99825 0.99338 0.98700 0.97978 0.97299
   16    38.000 1.02218 1.01648 1.01047 1.00452 0.99902 0.99453 0.98793 0.98155 0.97397
   16    39.000 1.02452 1.01813 1.01094 1.00672 0.99959 0.99538 0.98949 0.98281 0.97598
   16    40.000 1.02563 1.02002 1.01231 1.00731 1.00087 0.99554 0.98990 0.98441 0.97708
   16    41.000 1.02640 1.02197 1.01414 1.00826 1.00199 0.99550 0.99051 0.98516 0.97815
   16    42.000 1.02849 1.02347 1.01530 1.00930 1.00299 0.99643 0.99092 0.98535 0.97885
   16    43.000 1.03042 1.02546 1.01699 1.01050 1.00382 0.99765 0.99109 0.98561 0.97995
   16    44.000 1.03260 1.02706 1.01860 1.01222 1.00501 0.99851 0.99135 0.98594 0.97989
   16    45.000 1.03479 1.02865 1.02068 1.01322 1.00602 0.99997 0.99222 0.98653 0.98082
   16    46.000 1.03730 1.02894 1.02307 1.01451 1.00734 1.00015 0.99407 0.98588 0.98136
   16    47.000 1.03850 1.03078 1.02436 1.01536 1.00952 1.00009 0.99534 0.98610 0.98128
   16    48.000 1.03910 1.03360 1.02660 1.01716 1.01083 1.00183 0.99644 0.98687 0.98258
   16    49.000 1.04184 1.03572 1.02743 1.02011 1.01144 1.00319 0.99745 0.98813 0.98274
   16    50.000 1.04419 1.03757 1.02834 1.02200 1.01337 1.00455 0.99820 0.98991 0.98273
   16    51.000 1.04671 1.03840 1.02967 1.02354 1.01450 1.00650 0.99913 0.99140 0.98333
   16    52.000 1.04727 1.04101 1.03162 1.02544 1.01651 1.00746 1.00005 0.99271 0.98440
   16    53.000 1.04815 1.04273 1.03346 1.02715 1.01822 1.00917 1.00150 0.99347 0.98566
   16    54.000 1.04916 1.04551 1.03425 1.02830 1.02036 1.01022 1.00402 0.99459 0.98737
   16    55.000 1.04947 1.04782 1.03564 1.02877 1.02276 1.01168 1.00510 0.99572 0.98912
   16    56.000 1.04869 1.04860 1.03812 1.03029 1.02470 1.01366 1.00610 0.99687 0.99034
   16    57.000 1.04786 1.04847 1.03999 1.03201 1.02548 1.01620 1.00796 0.99796 0.99141
   16    58.000 1.04964 1.04907 1.04148 1.03354 1.02685 1.01700 1.00959 1.00059 0.99225
   16    59.000 1.05117 1.04936 1.04327 1.03419 1.02814 1.01963 1.01092 1.00149 0.99416
   16    60.000 1.05197 1.04817 1.04447 1.03604 1.02838 1.02212 1.01298 1.00197 0.99587
  -16     2.700 0.00000 0.00000 0.00000 0.00000 0.00000 0.00000 0.00000 0.00000 0.00000
  -16     2.800 0.00000 0.00000 0.00000 0.00000 0.00000 0.00000 0.00001 0.00003 0.00006
  -16     2.900 0.00000 0.00000 0.00002 0.00006 0.00011 0.00019 0.00028 0.00040 0.00054
  -16     3.000 0.00016 0.00027 0.00040 0.00057 0.00076 0.00098 0.00122 0.00149 0.00178
  -16     3.100 0.00100 0.00128 0.00160 0.00194 0.00231 0.00270 0.00312 0.00355 0.00401
  -16     3.200 0.00293 0.00341 0.00393 0.00446 0.00501 0.00558 0.00617 0.00677 0.00739
  -16     3.300 0.00623 0.00691 0.00761 0.00831 0.00903 0.00976 0.01050 0.01125 0.01200
  -16     3.400 0.01109 0.01192 0.01276 0.01360 0.01445 0.01530 0.01616 0.01701 0.01787
  -16     3.500 0.01755 0.01848 0.01941 0.02034 0.02127 0.02220 0.02313 0.02406 0.02498
  -16     3.600 0.02561 0.02657 0.02753 0.02849 0.02945 0.03041 0.03137 0.03232 0.03325
  -16     3.700 0.03517 0.03610 0.03703 0.03797 0.03891 0.03985 0.04079 0.04171 0.04260
  -16     3.800 0.04612 0.04696 0.04781 0.04867 0.04955 0.05042 0.05129 0.05212 0.05291
  -16     3.900 0.05829 0.05899 0.05972 0.06046 0.06122 0.06199 0.06273 0.06343 0.06408
  -16     4.000 0.07151 0.07204 0.07260 0.07320 0.07381 0.07441 0.07499 0.07552 0.07599
  -16     4.100 0.08557 0.08591 0.08630 0.08672 0.08715 0.08756 0.08794 0.08826 0.08852
  -16     4.200 0.10028 0.10044 0.10064 0.10087 0.10110 0.10129 0.10145 0.10154 0.10155
  -16     4.300 0.11546 0.11545 0.11547 0.11550 0.11551 0.11548 0.11538 0.11523 0.11499
  -16     4.400 0.13092 0.13077 0.13062 0.13045 0.13025 0.12998 0.12965 0.12924 0.12874
  -16     4.500 0.14649 0.14624 0.14595 0.14560 0.14519 0.14469 0.14412 0.14345 0.14269
  -16     4.600 0.16208 0.16172 0.16131 0.16081 0.16021 0.15951 0.15869 0.15778 0.15676
  -16     4.700 0.17762 0.17715 0.17661 0.17597 0.17520 0.17431 0.17329 0.17214 0.17087
  -16     4.800 0.19304 0.19247 0.19180 0.19101 0.19009 0.18903 0.18781 0.18645 0.18496
  -16     4.900 0.20831 0.20763 0.20684 0.20590 0.20482 0.20358 0.20220 0.20065 0.19894
  -16     5.000 0.22337 0.22259 0.22167 0.22060 0.21937 0.21797 0.21640 0.21466 0.21278
  -16     5.100 0.23820 0.23731 0.23627 0.23508 0.23369 0.23213 0.23040 0.22849 0.22642
  -16     5.200 0.25279 0.25179 0.25063 0.24929 0.24777 0.24606 0.24417 0.24208 0.23983
  -16     5.300 0.26709 0.26600 0.26472 0.26326 0.26159 0.25972 0.25768 0.25544 0.25302
  -16     5.400 0.28111 0.27992 0.27852 0.27693 0.27514 0.27313 0.27093 0.26853 0.26595
  -16     5.500 0.29485 0.29355 0.29204 0.29032 0.28839 0.28626 0.28391 0.28137 0.27863
  -16     5.600 0.30828 0.30688 0.30527 0.30344 0.30137 0.29909 0.29660 0.29392 0.29103
  -16     5.700 0.32142 0.31991 0.31818 0.31623 0.31406 0.31166 0.30904 0.30621 0.30317
  -16     5.800 0.33425 0.33264 0.33081 0.32874 0.32643 0.32391 0.32117 0.31821 0.31505
  -16     5.900 0.34677 0.34507 0.34314 0.34097 0.33854 0.33590 0.33301 0.32992 0.32664
  -16     6.000 0.35899 0.35719 0.35516 0.35289 0.35035 0.34760 0.34461 0.34139 0.33797
  -16     6.100 0.37093 0.36903 0.36690 0.36450 0.36186 0.35900 0.35589 0.35256 0.34903
  -16     6.200 0.38256 0.38058 0.37835 0.37586 0.37311 0.37013 0.36690 0.36345 0.35981
  -16     6.300 0.39390 0.39183 0.38951 0.38693 0.38408 0.38100 0.37767 0.37412 0.37034
  -16     6.400 0.40496 0.40279 0.40039 0.39770 0.39476 0.39158 0.38814 0.38450 0.38063
  -16     6.500 0.41575 0.41350 0.41100 0.40821 0.40517 0.40188 0.39835 0.39460 0.39063
  -16     6.600 0.42626 0.42394 0.42135 0.41848 0.41536 0.41196 0.40834 0.40448 0.40041
  -16     6.700 0.43650 0.43410 0.43143 0.42847 0.42526 0.42178 0.41807 0.41412 0.40996
  -16     6.800 0.44648 0.44400 0.44125 0.43820 0.43490 0.43133 0.42754 0.42350 0.41925
  -16     6.900 0.45622 0.45366 0.45082 0.44768 0.44431 0.44066 0.43677 0.43264 0.42831
  -16     7.000 0.46572 0.46309 0.46016 0.45696 0.45350 0.44977 0.44580 0.44159 0.43718
  -16     7.100 0.47498 0.47227 0.46927 0.46600 0.46245 0.45864 0.45459 0.45031 0.44580
  -16     7.200 0.48399 0.48122 0.47813 0.47479 0.47116 0.46728 0.46315 0.45879 0.45420
  -16     7.300 0.49278 0.48993 0.48678 0.48335 0.47964 0.47569 0.47147 0.46706 0.46241
  -16     7.400 0.50135 0.49844 0.49522 0.49173 0.48796 0.48394 0.47966 0.47518 0.47044
  -16     7.500 0.50973 0.50675 0.50345 0.49991 0.49606 0.49198 0.48763 0.48305 0.47826
  -16     7.600 0.51790 0.51485 0.51149 0.50787 0.50396 0.49980 0.49538 0.49073 0.48588
  -16     7.700 0.52586 0.52275 0.51934 0.51563 0.51166 0.50742 0.50294 0.49821 0.49329
  -16     7.800 0.53360 0.53044 0.52696 0.52319 0.51915 0.51483 0.51032 0.50555 0.50059
  -16     7.900 0.54119 0.53794 0.53438 0.53056 0.52649 0.52213 0.51757 0.51273 0.50771
  -16     8.000 0.54855 0.54525 0.54167 0.53781 0.53367 0.52926 0.52462 0.51972 0.51461
  -16     8.100 0.55579 0.55243 0.54880 0.54485 0.54067 0.53619 0.53147 0.52653 0.52134
  -16     8.200 0.56285 0.55942 0.55576 0.55173 0.54749 0.54294 0.53816 0.53315 0.52794
  -16     8.300 0.56974 0.56627 0.56251 0.55843 0.55412 0.54953 0.54470 0.53968 0.53443
  -16     8.400 0.57646 0.57291 0.56911 0.56499 0.56059 0.55599 0.55112 0.54606 0.54074
  -16     8.500 0.58301 0.57943 0.57554 0.57137 0.56696 0.56232 0.55740 0.55228 0.54691
  -16     8.600 0.58941 0.58575 0.58184 0.57766 0.57319 0.56849 0.56353 0.55832 0.55292
  -16     8.700 0.59566 0.59194 0.58802 0.58378 0.57928 0.57454 0.56950 0.56422 0.55877
  -16     8.800 0.60174 0.59806 0.59403 0.58978 0.58521 0.58038 0.57530 0.56999 0.56455
  -16     8.900 0.60777 0.60399 0.59995 0.59565 0.59097 0.58612 0.58100 0.57569 0.57019
  -16     9.000 0.61358 0.60983 0.60569 0.60133 0.59664 0.59169 0.58662 0.58126 0.57571
  -16     9.100 0.61928 0.61549 0.61130 0.60688 0.60215 0.59723 0.59210 0.58668 0.58108
  -16     9.200 0.62492 0.62104 0.61681 0.61231 0.60765 0.60264 0.59746 0.59201 0.58630
  -16     9.300 0.63042 0.62647 0.62218 0.61767 0.61295 0.60791 0.60266 0.59715 0.59140
  -16     9.400 0.63567 0.63171 0.62738 0.62288 0.61809 0.61306 0.60774 0.60221 0.59651
  -16     9.500 0.64087 0.63686 0.63261 0.62803 0.62324 0.61810 0.61274 0.60722 0.60147
  -16     9.600 0.64604 0.64203 0.63772 0.63308 0.62823 0.62300 0.61760 0.61207 0.60628
  -16     9.700 0.65101 0.64703 0.64261 0.63793 0.63299 0.62776 0.62239 0.61687 0.61105
  -16     9.800 0.65589 0.65182 0.64744 0.64269 0.63776 0.63257 0.62716 0.62154 0.61568
  -16     9.900 0.66077 0.65657 0.65221 0.64741 0.64238 0.63727 0.63176 0.62607 0.62017
  -16    10.000 0.66547 0.66125 0.65681 0.65197 0.64694 0.64176 0.63626 0.63052 0.62459
  -16    10.000 0.66547 0.66125 0.65681 0.65197 0.64694 0.64176 0.63626 0.63052 0.62459
  -16    11.000 0.70758 0.70311 0.69831 0.69316 0.68794 0.68244 0.67662 0.67061 0.66449
  -16    12.000 0.74217 0.73752 0.73255 0.72721 0.72163 0.71603 0.71006 0.70378 0.69752
  -16    13.000 0.77136 0.76629 0.76111 0.75577 0.74998 0.74401 0.73798 0.73166 0.72517
  -16    14.000 0.79589 0.79089 0.78534 0.77974 0.77413 0.76794 0.76169 0.75528 0.74863
  -16    15.000 0.81661 0.81155 0.80633 0.80038 0.79441 0.78849 0.78205 0.77559 0.76896
  -16    16.000 0.83471 0.82967 0.82420 0.81842 0.81233 0.80594 0.79973 0.79311 0.78646
  -16    17.000 0.85098 0.84539 0.83981 0.83406 0.82792 0.82165 0.81488 0.80849 0.80173
  -16    18.000 0.86486 0.85943 0.85356 0.84767 0.84177 0.83514 0.82888 0.82201 0.81527
  -16    19.000 0.87718 0.87212 0.86584 0.85977 0.85318 0.84753 0.84107 0.83437 0.82735
  -16    20.000 0.88839 0.88286 0.87718 0.87085 0.86443 0.85797 0.85161 0.84511 0.83818
  -16    21.000 0.89771 0.89270 0.88686 0.88078 0.87442 0.86793 0.86111 0.85433 0.84804
  -16    22.000 0.90640 0.90112 0.89530 0.89013 0.88298 0.87684 0.86975 0.86354 0.85592
  -16    23.000 0.91459 0.90871 0.90327 0.89760 0.89166 0.88518 0.87799 0.87094 0.86429
  -16    24.000 0.92215 0.91655 0.91036 0.90387 0.89908 0.89196 0.88546 0.87867 0.87149
  -16    25.000 0.92896 0.92325 0.91698 0.91079 0.90485 0.89901 0.89230 0.88536 0.87803
  -16    26.000 0.93561 0.92991 0.92327 0.91688 0.91031 0.90462 0.89778 0.89189 0.88449
  -16    27.000 0.94092 0.93594 0.92916 0.92256 0.91646 0.90955 0.90332 0.89709 0.88999
  -16    28.000 0.94698 0.94161 0.93470 0.92802 0.92181 0.91403 0.90863 0.90142 0.89543
  -16    29.000 0.95166 0.94632 0.93968 0.93363 0.92626 0.92002 0.91283 0.90596 0.89975
  -16    30.000 0.95682 0.95029 0.94500 0.93866 0.93079 0.92488 0.91673 0.91056 0.90348
  -16    31.000 0.95913 0.95473 0.94917 0.94255 0.93593 0.92883 0.92194 0.91457 0.90729
  -16    32.000 0.96203 0.95840 0.95257 0.94662 0.94063 0.93246 0.92652 0.91807 0.91179
  -16    33.000 0.96536 0.96133 0.95593 0.95060 0.94434 0.93661 0.93066 0.92194 0.91553
  -16    34.000 0.96895 0.96341 0.95894 0.95357 0.94792 0.94064 0.93376 0.92624 0.91886
  -16    35.000 0.97198 0.96625 0.96156 0.95555 0.95090 0.94413 0.93741 0.93035 0.92224
  -16    36.000 0.97420 0.96830 0.96371 0.95793 0.95344 0.94720 0.93998 0.93331 0.92597
  -16    37.000 0.97694 0.97150 0.96491 0.96066 0.95479 0.94994 0.94356 0.93641 0.92966
  -16    38.000 0.97979 0.97412 0.96809 0.96221 0.95666 0.95218 0.94560 0.93925 0.93174
  -16    39.000 0.98317 0.97680 0.96965 0.96540 0.95831 0.95408 0.94821 0.94156 0.93477
  -16    40.000 0.98531 0.97969 0.97201 0.96701 0.96059 0.95525 0.94963 0.94414 0.93686
  -16    41.000 0.98703 0.98257 0.97479 0.96891 0.96266 0.95618 0.95119 0.94584 0.93886
  -16    42.000 0.99001 0.98499 0.97686 0.97086 0.96458 0.95802 0.95252 0.94696 0.94048
  -16    43.000 0.99279 0.98784 0.97940 0.97293 0.96627 0.96011 0.95357 0.94809 0.94244
  -16    44.000 0.99579 0.99026 0.98184 0.97547 0.96828 0.96180 0.95466 0.94925 0.94323
  -16    45.000 0.99877 0.99264 0.98471 0.97726 0.97010 0.96405 0.95633 0.95065 0.94494
  -16    46.000 1.00200 0.99371 0.98782 0.97931 0.97216 0.96501 0.95893 0.95078 0.94624
  -16    47.000 1.00391 0.99627 0.98984 0.98091 0.97505 0.96569 0.96092 0.95173 0.94691
  -16    48.000 1.00525 0.99973 0.99277 0.98339 0.97706 0.96811 0.96274 0.95320 0.94890
  -16    49.000 1.00863 1.00251 0.99428 0.98696 0.97836 0.97013 0.96440 0.95514 0.94974
  -16    50.000 1.01163 1.00498 0.99583 0.98950 0.98091 0.97213 0.96580 0.95754 0.95039
  -16    51.000 1.01471 1.00644 0.99777 0.99164 0.98266 0.97468 0.96735 0.95966 0.95160
  -16    52.000 1.01588 1.00962 1.00029 0.99414 0.98524 0.97625 0.96887 0.96154 0.95328
  -16    53.000 1.01731 1.01192 1.00268 0.99640 0.98753 0.97850 0.97088 0.96288 0.95512
  -16    54.000 1.01885 1.01524 1.00402 0.99810 0.99019 0.98011 0.97393 0.96455 0.95737
  -16    55.000 1.01967 1.01805 1.00591 0.99911 0.99309 0.98210 0.97553 0.96621 0.95963
  -16    56.000 1.01943 1.01932 1.00889 1.00113 0.99554 0.98458 0.97704 0.96787 0.96136
  -16    57.000 1.01912 1.01968 1.01126 1.00329 0.99683 0.98759 0.97938 0.96946 0.96291
  -16    58.000 1.02131 1.02075 1.01324 1.00528 0.99866 0.98886 0.98148 0.97253 0.96423
  -16    59.000 1.02330 1.02147 1.01547 1.00639 1.00038 0.99192 0.98326 0.97388 0.96658
  -16    60.000 1.02456 1.02075 1.01707 1.00868 1.00107 0.99484 0.98575 0.97481 0.96872
