  111     1.11    0.195   0.205   0.215   0.225   0.235   0.245   0.255   0.265   0.275
   12     0.025 0.00000 0.00000 0.00000 0.00000 0.00000 0.00000 0.00000 0.00000 0.00000
   12     0.075 0.00622 0.00517 0.00426 0.00347 0.00279 0.00221 0.00172 0.00130 0.00096
   12     0.125 0.04378 0.03863 0.03398 0.02978 0.02600 0.02260 0.01955 0.01682 0.01439
   12     0.175 0.13193 0.12048 0.10959 0.09931 0.08968 0.08074 0.07245 0.06482 0.05780
   12     0.225 0.25466 0.24107 0.22676 0.21189 0.19691 0.18214 0.16781 0.15405 0.14096
   12     0.275 0.37907 0.36587 0.35197 0.33740 0.32222 0.30644 0.29005 0.27308 0.25586
   12     0.325 0.49576 0.48294 0.46943 0.45536 0.44068 0.42536 0.40955 0.39317 0.37623
   12     0.375 0.60066 0.58815 0.57514 0.56148 0.54730 0.53252 0.51722 0.50143 0.48509
   12     0.425 0.69214 0.68007 0.66746 0.65421 0.64056 0.62625 0.61154 0.59626 0.58054
   12     0.475 0.77035 0.75871 0.74644 0.73373 0.72049 0.70665 0.69248 0.67776 0.66255
   12     0.525 0.83626 0.82491 0.81321 0.80081 0.78798 0.77471 0.76100 0.74674 0.73214
   12     0.575 0.89123 0.88019 0.86884 0.85696 0.84454 0.83165 0.81837 0.80473 0.79061
   12     0.625 0.93668 0.92600 0.91500 0.90349 0.89151 0.87908 0.86620 0.85288 0.83933
   12     0.675 0.97405 0.96380 0.95309 0.94190 0.93031 0.91828 0.90581 0.89295 0.87975
   12     0.725 1.00470 0.99472 0.98435 0.97349 0.96224 0.95051 0.93846 0.92604 0.91320
   12     0.775 1.02984 1.02007 1.00990 0.99934 0.98839 0.97702 0.96532 0.95318 0.94079
   12     0.825 1.05007 1.04054 1.03069 1.02033 1.00964 0.99861 0.98722 0.97548 0.96342
   12     0.875 1.06645 1.05717 1.04756 1.03750 1.02711 1.01634 1.00519 0.99375 0.98199
   12     0.925 1.07962 1.07057 1.06117 1.05140 1.04129 1.03074 1.01989 1.00874 0.99725
   12     0.975 1.09010 1.08124 1.07198 1.06237 1.05246 1.04222 1.03165 1.02080 1.00963
   12     1.025 1.09850 1.08981 1.08078 1.07144 1.06170 1.05159 1.04119 1.03047 1.01947
   12     1.075 1.10506 1.09652 1.08759 1.07829 1.06882 1.05904 1.04889 1.03844 1.02772
   12     1.125 1.10996 1.10168 1.09299 1.08393 1.07461 1.06490 1.05484 1.04448 1.03409
   12     1.175 1.11392 1.10566 1.09708 1.08811 1.07877 1.06934 1.05960 1.04958 1.03924
   12     1.225 1.11666 1.10846 1.09996 1.09130 1.08227 1.07290 1.06323 1.05321 1.04310
   12     1.275 1.11845 1.11053 1.10226 1.09360 1.08460 1.07531 1.06591 1.05624 1.04627
   12     1.325 1.11986 1.11194 1.10364 1.09498 1.08632 1.07729 1.06798 1.05829 1.04832
   12     1.375 1.12040 1.11254 1.10449 1.09618 1.08753 1.07848 1.06905 1.05971 1.05008
   12     1.425 1.12050 1.11294 1.10498 1.09660 1.08789 1.07904 1.07008 1.06077 1.05110
   12     1.475 1.12050 1.11295 1.10489 1.09652 1.08811 1.07950 1.07046 1.06104 1.05171
   12     1.525 1.11998 1.11228 1.10428 1.09635 1.08804 1.07936 1.07024 1.06131 1.05200
   12     1.575 1.11909 1.11146 1.10387 1.09590 1.08753 1.07875 1.07011 1.06112 1.05174
   12     1.625 1.11800 1.11074 1.10316 1.09507 1.08665 1.07835 1.06968 1.06061 1.05152
   12     1.675 1.11687 1.10970 1.10191 1.09381 1.08587 1.07754 1.06875 1.05994 1.05097
   12     1.725 1.11574 1.10834 1.10059 1.09292 1.08491 1.07647 1.06788 1.05925 1.05019
   12     1.775 1.11427 1.10696 1.09940 1.09180 1.08368 1.07531 1.06697 1.05823 1.04914
   12     1.825 1.11271 1.10535 1.09806 1.09029 1.08212 1.07424 1.06580 1.05693 1.04826
   12     1.875 1.11111 1.10408 1.09659 1.08862 1.08103 1.07305 1.06448 1.05591 1.04716
   12     1.925 1.10957 1.10280 1.09485 1.08711 1.07979 1.07176 1.06316 1.05454 1.04583
   12     1.975 1.10828 1.10113 1.09304 1.08566 1.07837 1.07004 1.06179 1.05321 1.04451
   12     2.025 1.10635 1.09922 1.09158 1.08432 1.07662 1.06863 1.06047 1.05190 1.04345
   12     2.075 1.10429 1.09719 1.09035 1.08297 1.07467 1.06721 1.05909 1.05062 1.04221
   12     2.125 1.10254 1.09534 1.08893 1.08135 1.07343 1.06547 1.05746 1.04939 1.04079
   12     2.175 1.10096 1.09405 1.08715 1.07944 1.07188 1.06415 1.05585 1.04792 1.03938
   12     2.225 1.09906 1.09284 1.08524 1.07768 1.07054 1.06253 1.05461 1.04639 1.03798
   12     2.275 1.09738 1.09100 1.08363 1.07620 1.06894 1.06110 1.05327 1.04480 1.03653
   12     2.325 1.09595 1.08915 1.08176 1.07503 1.06732 1.05944 1.05172 1.04337 1.03533
   12     2.375 1.09472 1.08742 1.08024 1.07353 1.06558 1.05810 1.05000 1.04216 1.03393
   12     2.425 1.09275 1.08591 1.07894 1.07172 1.06402 1.05664 1.04858 1.04076 1.03255
   12     2.475 1.09120 1.08379 1.07772 1.07001 1.06264 1.05516 1.04729 1.03936 1.03082
   12     2.525 1.08951 1.08252 1.07582 1.06836 1.06120 1.05374 1.04581 1.03800 1.02966
   12     2.575 1.08769 1.08129 1.07437 1.06683 1.05997 1.05191 1.04445 1.03636 1.02860
   12     2.625 1.08586 1.07988 1.07281 1.06568 1.05847 1.05069 1.04314 1.03496 1.02712
   12     2.675 1.08451 1.07841 1.07114 1.06431 1.05699 1.04925 1.04185 1.03383 1.02588
   12     2.725 1.08325 1.07700 1.06953 1.06291 1.05531 1.04809 1.04036 1.03253 1.02450
   12     2.775 1.08202 1.07545 1.06832 1.06166 1.05380 1.04686 1.03893 1.03121 1.02311
   12     2.825 1.08071 1.07372 1.06690 1.06025 1.05267 1.04543 1.03760 1.03003 1.02172
   12     2.875 1.07924 1.07218 1.06581 1.05871 1.05148 1.04414 1.03633 1.02876 1.02076
   12     2.925 1.07779 1.07051 1.06481 1.05727 1.05017 1.04270 1.03530 1.02747 1.01952
   12     2.975 1.07635 1.06936 1.06344 1.05588 1.04895 1.04122 1.03416 1.02625 1.01832
   12     3.025 1.07483 1.06837 1.06206 1.05450 1.04782 1.04002 1.03289 1.02480 1.01724
   12     3.075 1.07359 1.06731 1.06055 1.05332 1.04655 1.03908 1.03154 1.02376 1.01612
   12     3.125 1.07234 1.06631 1.05901 1.05240 1.04542 1.03786 1.03050 1.02269 1.01498
   12     3.175 1.07086 1.06521 1.05778 1.05126 1.04401 1.03680 1.02922 1.02169 1.01380
   12     3.225 1.06967 1.06390 1.05639 1.05019 1.04252 1.03569 1.02796 1.02058 1.01255
   12     3.275 1.06870 1.06253 1.05526 1.04912 1.04142 1.03456 1.02686 1.01963 1.01147
   12     3.325 1.06738 1.06125 1.05439 1.04793 1.04036 1.03360 1.02592 1.01848 1.01065
   12     3.375 1.06655 1.06000 1.05369 1.04677 1.03940 1.03259 1.02498 1.01734 1.00968
   12     3.425 1.06561 1.05877 1.05249 1.04558 1.03849 1.03128 1.02384 1.01622 1.00872
   12     3.475 1.06470 1.05760 1.05159 1.04409 1.03757 1.03014 1.02285 1.01503 1.00781
   12     3.525 1.06347 1.05644 1.05053 1.04287 1.03664 1.02891 1.02200 1.01423 1.00688
   12     3.575 1.06230 1.05534 1.04946 1.04195 1.03579 1.02790 1.02109 1.01342 1.00570
   12     3.625 1.06125 1.05470 1.04839 1.04112 1.03485 1.02710 1.02007 1.01253 1.00469
   12     3.675 1.06022 1.05365 1.04743 1.04038 1.03375 1.02616 1.01917 1.01156 1.00378
   12     3.725 1.05927 1.05285 1.04629 1.03956 1.03251 1.02532 1.01810 1.01063 1.00296
   12     3.775 1.05814 1.05189 1.04516 1.03887 1.03138 1.02453 1.01705 1.00968 1.00207
   12     3.825 1.05717 1.05097 1.04402 1.03792 1.03020 1.02393 1.01617 1.00884 1.00133
   12     3.875 1.05596 1.05033 1.04291 1.03712 1.02925 1.02312 1.01529 1.00796 1.00067
   12     3.925 1.05472 1.04967 1.04211 1.03631 1.02859 1.02226 1.01442 1.00714 0.99987
   12     3.975 1.05353 1.04877 1.04123 1.03556 1.02781 1.02142 1.01365 1.00643 0.99908
   12     4.025 1.05262 1.04809 1.04039 1.03467 1.02707 1.02032 1.01304 1.00563 0.99838
   12     4.075 1.05187 1.04731 1.03957 1.03368 1.02651 1.01938 1.01234 1.00453 0.99758
   12     4.125 1.05114 1.04645 1.03880 1.03273 1.02591 1.01839 1.01178 1.00355 0.99682
   12     4.175 1.05053 1.04556 1.03811 1.03183 1.02524 1.01747 1.01111 1.00271 0.99612
   12     4.225 1.04986 1.04460 1.03744 1.03090 1.02450 1.01665 1.01052 1.00184 0.99553
   12     4.275 1.04949 1.04345 1.03698 1.02978 1.02383 1.01570 1.00979 1.00119 0.99484
   12     4.325 1.04909 1.04215 1.03663 1.02893 1.02304 1.01503 1.00891 1.00074 0.99398
   12     4.375 1.04844 1.04082 1.03602 1.02825 1.02215 1.01467 1.00800 1.00035 0.99295
   12     4.425 1.04786 1.04021 1.03521 1.02773 1.02116 1.01435 1.00699 0.99989 0.99193
   12     4.475 1.04693 1.03982 1.03406 1.02729 1.02016 1.01393 1.00584 0.99927 0.99133
   12     4.525 1.04579 1.03953 1.03306 1.02680 1.01922 1.01320 1.00478 0.99867 0.99073
   12     4.575 1.04489 1.03896 1.03212 1.02609 1.01850 1.01255 1.00426 0.99820 0.99005
   12     4.625 1.04411 1.03815 1.03145 1.02562 1.01788 1.01188 1.00376 0.99751 0.98948
   12     4.675 1.04359 1.03782 1.03072 1.02515 1.01720 1.01116 1.00331 0.99676 0.98898
   12     4.725 1.04292 1.03746 1.02990 1.02447 1.01668 1.01040 1.00296 0.99601 0.98839
   12     4.775 1.04201 1.03687 1.02909 1.02380 1.01636 1.00975 1.00260 0.99526 0.98776
   12     4.825 1.04131 1.03643 1.02863 1.02308 1.01585 1.00907 1.00201 0.99455 0.98719
   12     4.875 1.04078 1.03574 1.02823 1.02235 1.01519 1.00869 1.00132 0.99377 0.98676
   12     4.925 1.04004 1.03501 1.02755 1.02176 1.01450 1.00812 1.00071 0.99321 0.98648
   12     4.975 1.03929 1.03450 1.02694 1.02117 1.01400 1.00714 1.00034 0.99242 0.98591
   12     5.025 1.03851 1.03382 1.02647 1.02040 1.01369 1.00596 0.99989 0.99184 0.98528
   12     5.075 1.03804 1.03281 1.02618 1.01924 1.01330 1.00516 0.99937 0.99151 0.98444
   12     5.125 1.03790 1.03175 1.02590 1.01837 1.01285 1.00493 0.99868 0.99132 0.98371
   12     5.175 1.03758 1.03096 1.02552 1.01795 1.01204 1.00468 0.99815 0.99090 0.98322
   12     5.225 1.03688 1.03053 1.02485 1.01753 1.01145 1.00417 0.99781 0.99023 0.98264
   12     5.275 1.03639 1.03011 1.02459 1.01687 1.01126 1.00353 0.99734 0.98963 0.98214
   12     5.325 1.03593 1.02938 1.02462 1.01621 1.01104 1.00298 0.99664 0.98920 0.98166
   12     5.375 1.03577 1.02853 1.02427 1.01571 1.01044 1.00268 0.99567 0.98879 0.98126
   12     5.425 1.03542 1.02807 1.02355 1.01550 1.00961 1.00236 0.99490 0.98832 0.98097
   12     5.475 1.03520 1.02776 1.02269 1.01527 1.00901 1.00193 0.99427 0.98778 0.98052
   12     5.525 1.03458 1.02723 1.02191 1.01487 1.00850 1.00136 0.99399 0.98738 0.97993
   12     5.575 1.03407 1.02685 1.02138 1.01444 1.00799 1.00101 0.99365 0.98693 0.97950
   12     5.625 1.03367 1.02622 1.02091 1.01411 1.00740 1.00070 0.99308 0.98652 0.97916
   12     5.675 1.03329 1.02569 1.02026 1.01387 1.00645 1.00039 0.99264 0.98602 0.97875
   12     5.725 1.03265 1.02549 1.01947 1.01367 1.00568 0.99997 0.99222 0.98550 0.97825
   12     5.775 1.03181 1.02515 1.01879 1.01325 1.00512 0.99956 0.99188 0.98507 0.97771
   12     5.825 1.03143 1.02493 1.01828 1.01260 1.00461 0.99927 0.99147 0.98451 0.97730
   12     5.875 1.03110 1.02465 1.01785 1.01227 1.00423 0.99908 0.99118 0.98388 0.97690
   12     5.925 1.03088 1.02431 1.01733 1.01180 1.00398 0.99870 0.99089 0.98342 0.97653
   12     5.975 1.03028 1.02403 1.01669 1.01148 1.00381 0.99799 0.99056 0.98317 0.97610
   12     6.025 1.02950 1.02371 1.01616 1.01104 1.00354 0.99718 0.99020 0.98288 0.97559
   12     6.075 1.02878 1.02335 1.01559 1.01053 1.00324 0.99646 0.98976 0.98245 0.97521
   12     6.125 1.02845 1.02303 1.01501 1.01005 1.00291 0.99584 0.98951 0.98207 0.97495
   12     6.175 1.02820 1.02276 1.01474 1.00970 1.00258 0.99524 0.98931 0.98179 0.97460
   12     6.225 1.02758 1.02247 1.01452 1.00919 1.00234 0.99459 0.98916 0.98147 0.97410
   12     6.275 1.02662 1.02244 1.01436 1.00849 1.00195 0.99420 0.98886 0.98102 0.97370
   12     6.325 1.02590 1.02193 1.01400 1.00782 1.00161 0.99391 0.98856 0.98067 0.97335
   12     6.375 1.02560 1.02128 1.01374 1.00753 1.00138 0.99358 0.98826 0.98031 0.97301
   12     6.425 1.02524 1.02060 1.01367 1.00720 1.00115 0.99341 0.98777 0.97996 0.97275
   12     6.475 1.02459 1.01998 1.01346 1.00669 1.00092 0.99317 0.98721 0.97970 0.97242
   12     6.525 1.02396 1.01958 1.01323 1.00609 1.00071 0.99289 0.98643 0.97951 0.97216
   12     6.575 1.02345 1.01915 1.01297 1.00576 1.00039 0.99259 0.98575 0.97924 0.97169
   12     6.625 1.02313 1.01853 1.01290 1.00537 0.99992 0.99243 0.98523 0.97896 0.97126
   12     6.675 1.02268 1.01809 1.01264 1.00469 0.99967 0.99214 0.98467 0.97873 0.97085
   12     6.725 1.02243 1.01773 1.01236 1.00430 0.99951 0.99169 0.98407 0.97856 0.97040
   12     6.775 1.02221 1.01722 1.01223 1.00391 0.99910 0.99139 0.98369 0.97837 0.96995
   12     6.825 1.02207 1.01662 1.01207 1.00342 0.99875 0.99115 0.98349 0.97805 0.96964
   12     6.875 1.02185 1.01630 1.01184 1.00296 0.99840 0.99093 0.98313 0.97767 0.96924
   12     6.925 1.02178 1.01603 1.01150 1.00265 0.99816 0.99075 0.98302 0.97742 0.96890
   12     6.975 1.02170 1.01545 1.01125 1.00221 0.99795 0.99044 0.98290 0.97700 0.96862
   12     7.025 1.02151 1.01516 1.01118 1.00174 0.99761 0.99022 0.98281 0.97660 0.96847
   12     7.075 1.02135 1.01470 1.01075 1.00121 0.99723 0.98984 0.98272 0.97628 0.96827
   12     7.125 1.02123 1.01407 1.01037 1.00065 0.99672 0.98939 0.98277 0.97577 0.96802
   12     7.175 1.02104 1.01358 1.01000 1.00033 0.99630 0.98897 0.98278 0.97521 0.96782
   12     7.225 1.02067 1.01339 1.00964 1.00007 0.99598 0.98851 0.98262 0.97467 0.96761
   12     7.275 1.02008 1.01321 1.00923 0.99985 0.99562 0.98800 0.98243 0.97401 0.96732
   12     7.325 1.01963 1.01320 1.00889 0.99972 0.99550 0.98775 0.98223 0.97365 0.96706
   12     7.375 1.01905 1.01317 1.00854 0.99953 0.99530 0.98777 0.98187 0.97326 0.96682
   12     7.425 1.01833 1.01312 1.00801 0.99950 0.99502 0.98760 0.98157 0.97312 0.96655
   12     7.475 1.01808 1.01306 1.00748 0.99952 0.99458 0.98741 0.98130 0.97303 0.96628
   12     7.525 1.01827 1.01288 1.00697 0.99957 0.99408 0.98712 0.98103 0.97301 0.96594
   12     7.575 1.01830 1.01272 1.00640 0.99945 0.99361 0.98680 0.98068 0.97302 0.96561
   12     7.625 1.01859 1.01260 1.00601 0.99954 0.99313 0.98642 0.98033 0.97299 0.96517
   12     7.675 1.01888 1.01243 1.00575 0.99950 0.99288 0.98597 0.97989 0.97287 0.96470
   12     7.725 1.01895 1.01221 1.00542 0.99944 0.99269 0.98552 0.97965 0.97272 0.96429
   12     7.775 1.01887 1.01194 1.00484 0.99927 0.99253 0.98501 0.97938 0.97260 0.96383
   12     7.825 1.01865 1.01147 1.00441 0.99896 0.99224 0.98461 0.97909 0.97245 0.96352
   12     7.875 1.01825 1.01124 1.00414 0.99848 0.99210 0.98425 0.97880 0.97224 0.96348
   12     7.925 1.01764 1.01113 1.00385 0.99797 0.99189 0.98405 0.97844 0.97195 0.96347
   12     7.975 1.01688 1.01114 1.00343 0.99772 0.99163 0.98394 0.97809 0.97169 0.96351
   12     8.025 1.01643 1.01106 1.00331 0.99768 0.99127 0.98396 0.97774 0.97146 0.96355
   12     8.075 1.01592 1.01083 1.00317 0.99752 0.99084 0.98401 0.97753 0.97124 0.96349
   12     8.125 1.01555 1.01073 1.00296 0.99748 0.99034 0.98405 0.97735 0.97104 0.96319
   12     8.175 1.01525 1.01044 1.00271 0.99745 0.98997 0.98390 0.97699 0.97089 0.96285
   12     8.225 1.01487 1.01046 1.00246 0.99730 0.98991 0.98378 0.97655 0.97067 0.96257
   12     8.275 1.01444 1.01065 1.00208 0.99711 0.99002 0.98353 0.97616 0.97040 0.96228
   12     8.325 1.01403 1.01061 1.00175 0.99686 0.99009 0.98307 0.97576 0.97007 0.96217
   12     8.375 1.01347 1.01023 1.00151 0.99663 0.99016 0.98275 0.97533 0.96982 0.96219
   12     8.425 1.01298 1.00982 1.00153 0.99610 0.99025 0.98249 0.97481 0.96954 0.96221
   12     8.475 1.01229 1.00955 1.00178 0.99558 0.99025 0.98220 0.97429 0.96910 0.96220
   12     8.525 1.01154 1.00923 1.00197 0.99497 0.99008 0.98204 0.97403 0.96868 0.96212
   12     8.575 1.01093 1.00879 1.00209 0.99456 0.98973 0.98191 0.97409 0.96828 0.96192
   12     8.625 1.01064 1.00834 1.00208 0.99423 0.98942 0.98189 0.97420 0.96783 0.96167
   12     8.675 1.01062 1.00771 1.00202 0.99392 0.98885 0.98179 0.97433 0.96745 0.96138
   12     8.725 1.01065 1.00692 1.00195 0.99366 0.98843 0.98161 0.97445 0.96725 0.96107
   12     8.775 1.01073 1.00644 1.00189 0.99345 0.98822 0.98135 0.97453 0.96719 0.96072
   12     8.825 1.01068 1.00620 1.00183 0.99326 0.98807 0.98106 0.97455 0.96708 0.96038
   12     8.875 1.01051 1.00601 1.00152 0.99300 0.98784 0.98087 0.97451 0.96702 0.96022
   12     8.925 1.01028 1.00583 1.00137 0.99272 0.98769 0.98082 0.97428 0.96685 0.96006
   12     8.975 1.01011 1.00565 1.00136 0.99250 0.98746 0.98083 0.97394 0.96658 0.95980
   12     9.025 1.00986 1.00545 1.00141 0.99233 0.98733 0.98079 0.97358 0.96626 0.95954
   12     9.075 1.00947 1.00497 1.00147 0.99224 0.98706 0.98063 0.97334 0.96587 0.95929
   12     9.125 1.00931 1.00431 1.00125 0.99228 0.98669 0.98049 0.97308 0.96547 0.95898
   12     9.175 1.00949 1.00349 1.00098 0.99237 0.98636 0.98043 0.97285 0.96513 0.95865
   12     9.225 1.00977 1.00269 1.00072 0.99242 0.98604 0.98040 0.97268 0.96494 0.95835
   12     9.275 1.00986 1.00224 1.00025 0.99249 0.98573 0.98035 0.97260 0.96485 0.95800
   12     9.325 1.01005 1.00201 0.99968 0.99245 0.98551 0.98020 0.97245 0.96476 0.95779
   12     9.375 1.01019 1.00188 0.99906 0.99217 0.98519 0.98013 0.97234 0.96474 0.95762
   12     9.425 1.01016 1.00193 0.99870 0.99186 0.98470 0.98014 0.97217 0.96469 0.95753
   12     9.475 1.00995 1.00186 0.99853 0.99178 0.98421 0.98019 0.97200 0.96459 0.95748
   12     9.525 1.00960 1.00188 0.99832 0.99164 0.98391 0.98015 0.97183 0.96444 0.95739
   12     9.575 1.00930 1.00179 0.99820 0.99161 0.98364 0.98000 0.97165 0.96438 0.95734
   12     9.625 1.00940 1.00153 0.99798 0.99167 0.98329 0.97984 0.97149 0.96434 0.95726
   12     9.675 1.00968 1.00119 0.99767 0.99165 0.98294 0.97970 0.97146 0.96433 0.95717
   12     9.725 1.00991 1.00077 0.99737 0.99162 0.98276 0.97944 0.97140 0.96428 0.95685
   12     9.775 1.01005 1.00046 0.99711 0.99149 0.98261 0.97892 0.97137 0.96418 0.95638
   12     9.825 1.01024 1.00028 0.99675 0.99123 0.98254 0.97833 0.97134 0.96410 0.95611
   12     9.875 1.01023 1.00015 0.99631 0.99099 0.98245 0.97784 0.97130 0.96401 0.95589
   12     9.925 1.01001 1.00007 0.99610 0.99083 0.98250 0.97751 0.97119 0.96385 0.95576
   12     9.975 1.00966 1.00006 0.99584 0.99065 0.98245 0.97716 0.97111 0.96375 0.95572
   12    11.000 1.00918 1.00230 0.98863 0.98902 0.98140 0.97085 0.96800 0.96151 0.95316
   12    12.000 1.00173 0.99903 0.99262 0.98262 0.97926 0.97132 0.96407 0.95640 0.95093
   12    13.000 0.99955 0.99289 0.99040 0.98432 0.97402 0.97055 0.96419 0.95414 0.94798
   12    14.000 0.99716 0.98898 0.98382 0.98212 0.97602 0.96593 0.96259 0.95609 0.94701
   12    15.000 0.99735 0.98895 0.97797 0.97852 0.97550 0.96562 0.95729 0.95659 0.94828
   12    16.000 0.99950 0.98590 0.97705 0.97395 0.97144 0.96213 0.95692 0.95341 0.94677
   12    17.000 0.99260 0.98778 0.97849 0.97168 0.96683 0.96086 0.95661 0.94719 0.94342
   12    18.000 0.98870 0.98862 0.98154 0.97227 0.96228 0.95869 0.95417 0.94711 0.93936
   12    19.000 0.99269 0.98303 0.98456 0.97215 0.96284 0.95507 0.95281 0.94570 0.93716
   12    20.000 0.99199 0.98029 0.98355 0.97915 0.96560 0.95053 0.95185 0.94686 0.93877
  -12     0.025 0.00000 0.00000 0.00000 0.00000 0.00000 0.00000 0.00000 0.00000 0.00000
  -12     0.075 0.00365 0.00308 0.00258 0.00213 0.00175 0.00141 0.00111 0.00086 0.00064
  -12     0.125 0.01751 0.01568 0.01401 0.01248 0.01108 0.00980 0.00863 0.00757 0.00660
  -12     0.175 0.03898 0.03590 0.03302 0.03029 0.02774 0.02535 0.02311 0.02103 0.01908
  -12     0.225 0.06264 0.05889 0.05523 0.05167 0.04824 0.04495 0.04182 0.03883 0.03599
  -12     0.275 0.08595 0.08181 0.07771 0.07368 0.06975 0.06592 0.06219 0.05856 0.05505
  -12     0.325 0.10891 0.10447 0.10002 0.09565 0.09134 0.08707 0.08292 0.07886 0.07488
  -12     0.375 0.13161 0.12687 0.12220 0.11751 0.11289 0.10830 0.10379 0.09936 0.09499
  -12     0.425 0.15395 0.14904 0.14414 0.13919 0.13434 0.12946 0.12467 0.11991 0.11524
  -12     0.475 0.17592 0.17087 0.16574 0.16065 0.15555 0.15042 0.14540 0.14038 0.13540
  -12     0.525 0.19741 0.19215 0.18700 0.18165 0.17636 0.17108 0.16584 0.16056 0.15539
  -12     0.575 0.21835 0.21294 0.20763 0.20222 0.19676 0.19127 0.18583 0.18044 0.17504
  -12     0.625 0.23863 0.23315 0.22771 0.22218 0.21661 0.21100 0.20537 0.19973 0.19422
  -12     0.675 0.25823 0.25274 0.24717 0.24153 0.23585 0.23012 0.22437 0.21860 0.21287
  -12     0.725 0.27720 0.27163 0.26599 0.26024 0.25446 0.24859 0.24274 0.23687 0.23098
  -12     0.775 0.29554 0.28986 0.28410 0.27828 0.27240 0.26645 0.26050 0.25448 0.24851
  -12     0.825 0.31303 0.30729 0.30152 0.29559 0.28962 0.28361 0.27756 0.27147 0.26539
  -12     0.875 0.32990 0.32414 0.31830 0.31231 0.30629 0.30020 0.29404 0.28787 0.28169
  -12     0.925 0.34610 0.34030 0.33440 0.32841 0.32234 0.31616 0.30995 0.30372 0.29743
  -12     0.975 0.36161 0.35578 0.34978 0.34370 0.33758 0.33139 0.32515 0.31887 0.31254
  -12     1.025 0.37656 0.37069 0.36471 0.35864 0.35245 0.34615 0.33981 0.33339 0.32695
  -12     1.075 0.39086 0.38495 0.37891 0.37270 0.36652 0.36027 0.35392 0.34749 0.34102
  -12     1.125 0.40450 0.39864 0.39261 0.38647 0.38023 0.37385 0.36737 0.36082 0.35439
  -12     1.175 0.41781 0.41186 0.40577 0.39952 0.39314 0.38681 0.38040 0.37393 0.36735
  -12     1.225 0.43042 0.42439 0.41828 0.41213 0.40583 0.39942 0.39289 0.38623 0.37967
  -12     1.275 0.44247 0.43657 0.43049 0.42424 0.41781 0.41128 0.40484 0.39831 0.39168
  -12     1.325 0.45429 0.44828 0.44206 0.43566 0.42940 0.42299 0.41647 0.40978 0.40301
  -12     1.375 0.46539 0.45933 0.45320 0.44702 0.44067 0.43410 0.42737 0.42082 0.41417
  -12     1.425 0.47608 0.47017 0.46407 0.45773 0.45121 0.44470 0.43820 0.43155 0.42475
  -12     1.475 0.48661 0.48065 0.47439 0.46794 0.46157 0.45513 0.44848 0.44165 0.43498
  -12     1.525 0.49658 0.49046 0.48412 0.47795 0.47158 0.46500 0.45821 0.45164 0.44490
  -12     1.575 0.50613 0.49993 0.49388 0.48762 0.48111 0.47439 0.46786 0.46114 0.45423
  -12     1.625 0.51528 0.50934 0.50327 0.49682 0.49018 0.48376 0.47711 0.47026 0.46349
  -12     1.675 0.52421 0.51832 0.51200 0.50544 0.49916 0.49263 0.48582 0.47909 0.47232
  -12     1.725 0.53297 0.52683 0.52045 0.51420 0.50781 0.50112 0.49440 0.48772 0.48079
  -12     1.775 0.54123 0.53508 0.52882 0.52260 0.51604 0.50932 0.50274 0.49591 0.48890
  -12     1.825 0.54915 0.54295 0.53689 0.53045 0.52375 0.51741 0.51070 0.50368 0.49693
  -12     1.875 0.55686 0.55093 0.54460 0.53791 0.53170 0.52523 0.51831 0.51147 0.50459
  -12     1.925 0.56441 0.55862 0.55185 0.54535 0.53931 0.53272 0.52572 0.51880 0.51188
  -12     1.975 0.57194 0.56576 0.55885 0.55264 0.54655 0.53965 0.53290 0.52594 0.51899
  -12     2.025 0.57872 0.57247 0.56591 0.55980 0.55332 0.54662 0.53989 0.53293 0.52615
  -12     2.075 0.58518 0.57887 0.57300 0.56673 0.55971 0.55340 0.54668 0.53974 0.53291
  -12     2.125 0.59162 0.58530 0.57976 0.57318 0.56645 0.55977 0.55305 0.54636 0.53934
  -12     2.175 0.59798 0.59198 0.58596 0.57921 0.57276 0.56622 0.55928 0.55264 0.54558
  -12     2.225 0.60395 0.59844 0.59183 0.58523 0.57905 0.57225 0.56556 0.55869 0.55167
  -12     2.275 0.60993 0.60427 0.59769 0.59126 0.58501 0.57821 0.57157 0.56445 0.55757
  -12     2.325 0.61592 0.60984 0.60325 0.59734 0.59067 0.58389 0.57723 0.57018 0.56344
  -12     2.375 0.62178 0.61531 0.60893 0.60301 0.59603 0.58956 0.58264 0.57592 0.56899
  -12     2.425 0.62701 0.62072 0.61460 0.60823 0.60143 0.59497 0.58807 0.58138 0.57439
  -12     2.475 0.63225 0.62560 0.62010 0.61329 0.60681 0.60027 0.59341 0.58661 0.57935
  -12     2.525 0.63725 0.63093 0.62499 0.61822 0.61194 0.60541 0.59851 0.59172 0.58460
  -12     2.575 0.64199 0.63615 0.62994 0.62322 0.61708 0.61000 0.60347 0.59649 0.58976
  -12     2.625 0.64656 0.64111 0.63468 0.62827 0.62191 0.61494 0.60836 0.60124 0.59450
  -12     2.675 0.65131 0.64583 0.63921 0.63303 0.62649 0.61967 0.61309 0.60610 0.59920
  -12     2.725 0.65616 0.65037 0.64360 0.63766 0.63079 0.62436 0.61758 0.61066 0.60367
  -12     2.775 0.66079 0.65475 0.64818 0.64219 0.63513 0.62890 0.62187 0.61510 0.60801
  -12     2.825 0.66519 0.65876 0.65253 0.64646 0.63961 0.63317 0.62616 0.61946 0.61221
  -12     2.875 0.66937 0.66277 0.65698 0.65051 0.64393 0.63736 0.63039 0.62367 0.61663
  -12     2.925 0.67335 0.66663 0.66135 0.65447 0.64805 0.64130 0.63466 0.62773 0.62070
  -12     2.975 0.67722 0.67075 0.66532 0.65834 0.65207 0.64509 0.63873 0.63169 0.62469
  -12     3.025 0.68097 0.67490 0.66910 0.66217 0.65607 0.64899 0.64259 0.63536 0.62861
  -12     3.075 0.68474 0.67894 0.67264 0.66601 0.65985 0.65300 0.64625 0.63925 0.63245
  -12     3.125 0.68844 0.68284 0.67610 0.66994 0.66357 0.65672 0.65001 0.64302 0.63613
  -12     3.175 0.69187 0.68655 0.67962 0.67364 0.66696 0.66038 0.65354 0.64670 0.63967
  -12     3.225 0.69536 0.68998 0.68294 0.67724 0.67019 0.66391 0.65690 0.65026 0.64302
  -12     3.275 0.69895 0.69321 0.68644 0.68073 0.67361 0.66736 0.66034 0.65376 0.64648
  -12     3.325 0.70225 0.69642 0.69002 0.68405 0.67701 0.67083 0.66381 0.65705 0.64999
  -12     3.375 0.70572 0.69959 0.69364 0.68723 0.68042 0.67414 0.66718 0.66025 0.65331
  -12     3.425 0.70912 0.70265 0.69680 0.69029 0.68374 0.67714 0.67027 0.66336 0.65656
  -12     3.475 0.71240 0.70569 0.70003 0.69306 0.68698 0.68013 0.67343 0.66630 0.65974
  -12     3.525 0.71531 0.70863 0.70310 0.69590 0.69015 0.68296 0.67661 0.66952 0.66280
  -12     3.575 0.71815 0.71158 0.70604 0.69898 0.69325 0.68595 0.67965 0.67263 0.66560
  -12     3.625 0.72105 0.71478 0.70890 0.70205 0.69621 0.68899 0.68255 0.67559 0.66843
  -12     3.675 0.72385 0.71765 0.71172 0.70511 0.69893 0.69187 0.68541 0.67842 0.67129
  -12     3.725 0.72665 0.72055 0.71438 0.70804 0.70146 0.69474 0.68807 0.68116 0.67416
  -12     3.775 0.72926 0.72328 0.71691 0.71099 0.70396 0.69759 0.69068 0.68385 0.67688
  -12     3.825 0.73185 0.72600 0.71937 0.71364 0.70640 0.70051 0.69333 0.68654 0.67967
  -12     3.875 0.73421 0.72885 0.72183 0.71631 0.70896 0.70321 0.69594 0.68915 0.68244
  -12     3.925 0.73646 0.73162 0.72443 0.71897 0.71170 0.70578 0.69848 0.69171 0.68505
  -12     3.975 0.73866 0.73413 0.72697 0.72155 0.71429 0.70825 0.70106 0.69432 0.68755
  -12     4.025 0.74110 0.73669 0.72944 0.72396 0.71685 0.71048 0.70369 0.69679 0.69008
  -12     4.075 0.74360 0.73916 0.73187 0.72621 0.71948 0.71275 0.70621 0.69891 0.69248
  -12     4.125 0.74608 0.74149 0.73426 0.72843 0.72204 0.71493 0.70875 0.70110 0.69482
  -12     4.175 0.74856 0.74371 0.73667 0.73064 0.72444 0.71710 0.71116 0.70335 0.69718
  -12     4.225 0.75098 0.74580 0.73905 0.73276 0.72672 0.71934 0.71356 0.70553 0.69957
  -12     4.275 0.75355 0.74770 0.74152 0.73471 0.72899 0.72142 0.71578 0.70783 0.70183
  -12     4.325 0.75602 0.74942 0.74403 0.73683 0.73113 0.72368 0.71782 0.71023 0.70390
  -12     4.375 0.75823 0.75107 0.74629 0.73903 0.73310 0.72613 0.71978 0.71265 0.70576
  -12     4.425 0.76044 0.75330 0.74827 0.74132 0.73495 0.72857 0.72160 0.71492 0.70759
  -12     4.475 0.76230 0.75562 0.74996 0.74357 0.73677 0.73084 0.72327 0.71704 0.70967
  -12     4.525 0.76399 0.75795 0.75176 0.74573 0.73858 0.73283 0.72491 0.71914 0.71173
  -12     4.575 0.76582 0.76002 0.75354 0.74771 0.74052 0.73482 0.72701 0.72130 0.71367
  -12     4.625 0.76770 0.76187 0.75548 0.74982 0.74248 0.73676 0.72909 0.72323 0.71564
  -12     4.675 0.76970 0.76409 0.75730 0.75191 0.74434 0.73864 0.73116 0.72504 0.71766
  -12     4.725 0.77153 0.76626 0.75899 0.75380 0.74633 0.74043 0.73329 0.72679 0.71957
  -12     4.775 0.77311 0.76821 0.76067 0.75564 0.74843 0.74223 0.73537 0.72851 0.72142
  -12     4.825 0.77486 0.77018 0.76259 0.75736 0.75035 0.74396 0.73723 0.73016 0.72327
  -12     4.875 0.77671 0.77190 0.76459 0.75900 0.75213 0.74589 0.73897 0.73175 0.72519
  -12     4.925 0.77838 0.77350 0.76633 0.76071 0.75382 0.74763 0.74068 0.73353 0.72717
  -12     4.975 0.77997 0.77525 0.76805 0.76240 0.75561 0.74900 0.74255 0.73509 0.72888
  -12     5.025 0.78147 0.77683 0.76984 0.76392 0.75750 0.75016 0.74432 0.73675 0.73050
  -12     5.075 0.78324 0.77812 0.77171 0.76510 0.75930 0.75161 0.74601 0.73859 0.73193
  -12     5.125 0.78522 0.77935 0.77356 0.76645 0.76103 0.75350 0.74756 0.74051 0.73341
  -12     5.175 0.78702 0.78072 0.77534 0.76810 0.76247 0.75533 0.74920 0.74221 0.73501
  -12     5.225 0.78854 0.78233 0.77692 0.76972 0.76402 0.75693 0.75092 0.74370 0.73650
  -12     5.275 0.79021 0.78394 0.77874 0.77117 0.76585 0.75844 0.75248 0.74520 0.73806
  -12     5.325 0.79179 0.78533 0.78072 0.77265 0.76761 0.75995 0.75383 0.74676 0.73965
  -12     5.375 0.79356 0.78660 0.78234 0.77419 0.76904 0.76162 0.75493 0.74832 0.74122
  -12     5.425 0.79518 0.78813 0.78364 0.77589 0.77026 0.76324 0.75615 0.74982 0.74286
  -12     5.475 0.79690 0.78970 0.78481 0.77756 0.77162 0.76475 0.75746 0.75125 0.74432
  -12     5.525 0.79830 0.79106 0.78600 0.77909 0.77299 0.76614 0.75904 0.75274 0.74566
  -12     5.575 0.79972 0.79255 0.78731 0.78058 0.77432 0.76766 0.76057 0.75417 0.74709
  -12     5.625 0.80112 0.79387 0.78865 0.78212 0.77557 0.76918 0.76188 0.75559 0.74856
  -12     5.675 0.80251 0.79521 0.78984 0.78366 0.77652 0.77066 0.76324 0.75693 0.74995
  -12     5.725 0.80371 0.79676 0.79093 0.78523 0.77756 0.77204 0.76461 0.75821 0.75125
  -12     5.775 0.80476 0.79818 0.79206 0.78661 0.77877 0.77343 0.76603 0.75953 0.75250
  -12     5.825 0.80613 0.79971 0.79329 0.78777 0.78001 0.77487 0.76738 0.76072 0.75381
  -12     5.875 0.80748 0.80118 0.79454 0.78916 0.78134 0.77638 0.76878 0.76182 0.75511
  -12     5.925 0.80886 0.80255 0.79570 0.79038 0.78279 0.77767 0.77016 0.76304 0.75642
  -12     5.975 0.80996 0.80391 0.79677 0.79170 0.78426 0.77864 0.77149 0.76442 0.75766
  -12     6.025 0.81091 0.80521 0.79790 0.79292 0.78563 0.77950 0.77277 0.76574 0.75881
  -12     6.075 0.81189 0.80650 0.79896 0.79405 0.78695 0.78041 0.77398 0.76693 0.76003
  -12     6.125 0.81310 0.80780 0.79998 0.79517 0.78823 0.78139 0.77529 0.76815 0.76132
  -12     6.175 0.81435 0.80910 0.80125 0.79636 0.78947 0.78236 0.77663 0.76942 0.76252
  -12     6.225 0.81532 0.81036 0.80260 0.79739 0.79076 0.78328 0.77800 0.77062 0.76360
  -12     6.275 0.81599 0.81181 0.80394 0.79827 0.79190 0.78442 0.77924 0.77170 0.76475
  -12     6.325 0.81681 0.81284 0.80510 0.79914 0.79308 0.78561 0.78046 0.77284 0.76584
  -12     6.375 0.81794 0.81371 0.80633 0.80029 0.79434 0.78676 0.78163 0.77396 0.76696
  -12     6.425 0.81900 0.81451 0.80771 0.80140 0.79558 0.78804 0.78259 0.77508 0.76815
  -12     6.475 0.81984 0.81535 0.80896 0.80236 0.79676 0.78926 0.78349 0.77624 0.76927
  -12     6.525 0.82068 0.81638 0.81014 0.80323 0.79796 0.79039 0.78418 0.77744 0.77040
  -12     6.575 0.82157 0.81735 0.81130 0.80427 0.79907 0.79148 0.78492 0.77855 0.77132
  -12     6.625 0.82262 0.81816 0.81259 0.80522 0.80002 0.79267 0.78578 0.77967 0.77227
  -12     6.675 0.82356 0.81909 0.81371 0.80594 0.80112 0.79375 0.78657 0.78080 0.77322
  -12     6.725 0.82466 0.82007 0.81480 0.80692 0.80228 0.79468 0.78734 0.78195 0.77413
  -12     6.775 0.82578 0.82091 0.81598 0.80786 0.80321 0.79568 0.78830 0.78307 0.77502
  -12     6.825 0.82693 0.82167 0.81711 0.80870 0.80416 0.79672 0.78941 0.78406 0.77601
  -12     6.875 0.82803 0.82265 0.81818 0.80953 0.80514 0.79778 0.79036 0.78499 0.77691
  -12     6.925 0.82921 0.82365 0.81916 0.81049 0.80615 0.79887 0.79149 0.78600 0.77786
  -12     6.975 0.83036 0.82437 0.82017 0.81132 0.80717 0.79985 0.79261 0.78684 0.77884
  -12     7.025 0.83144 0.82531 0.82130 0.81214 0.80805 0.80086 0.79375 0.78768 0.77992
  -12     7.075 0.83252 0.82610 0.82210 0.81288 0.80889 0.80171 0.79489 0.78858 0.78093
  -12     7.125 0.83359 0.82671 0.82293 0.81356 0.80962 0.80250 0.79611 0.78930 0.78186
  -12     7.175 0.83462 0.82741 0.82377 0.81444 0.81039 0.80330 0.79726 0.78996 0.78283
  -12     7.225 0.83546 0.82834 0.82460 0.81537 0.81122 0.80407 0.79826 0.79062 0.78378
  -12     7.275 0.83611 0.82932 0.82537 0.81634 0.81202 0.80479 0.79921 0.79115 0.78464
  -12     7.325 0.83686 0.83044 0.82618 0.81734 0.81304 0.80569 0.80014 0.79197 0.78551
  -12     7.375 0.83748 0.83153 0.82698 0.81826 0.81399 0.80681 0.80093 0.79276 0.78638
  -12     7.425 0.83798 0.83256 0.82764 0.81931 0.81486 0.80775 0.80175 0.79372 0.78722
  -12     7.475 0.83885 0.83358 0.82829 0.82041 0.81555 0.80865 0.80258 0.79471 0.78807
  -12     7.525 0.84008 0.83449 0.82891 0.82152 0.81618 0.80942 0.80341 0.79575 0.78881
  -12     7.575 0.84117 0.83543 0.82946 0.82251 0.81683 0.81015 0.80418 0.79680 0.78957
  -12     7.625 0.84244 0.83639 0.83015 0.82362 0.81749 0.81083 0.80491 0.79781 0.79022
  -12     7.675 0.84370 0.83731 0.83093 0.82462 0.81831 0.81145 0.80557 0.79873 0.79085
  -12     7.725 0.84477 0.83815 0.83163 0.82560 0.81914 0.81204 0.80636 0.79960 0.79151
  -12     7.775 0.84570 0.83894 0.83207 0.82649 0.81997 0.81260 0.80711 0.80050 0.79209
  -12     7.825 0.84649 0.83958 0.83264 0.82724 0.82069 0.81324 0.80783 0.80137 0.79277
  -12     7.875 0.84710 0.84038 0.83333 0.82783 0.82152 0.81390 0.80854 0.80216 0.79371
  -12     7.925 0.84753 0.84125 0.83399 0.82837 0.82229 0.81472 0.80918 0.80289 0.79467
  -12     7.975 0.84784 0.84220 0.83458 0.82911 0.82301 0.81561 0.80981 0.80362 0.79566
  -12     8.025 0.84841 0.84306 0.83543 0.83000 0.82364 0.81658 0.81044 0.80436 0.79664
  -12     8.075 0.84895 0.84380 0.83626 0.83080 0.82421 0.81756 0.81120 0.80510 0.79752
  -12     8.125 0.84955 0.84464 0.83703 0.83167 0.82471 0.81852 0.81197 0.80585 0.79819
  -12     8.175 0.85014 0.84533 0.83775 0.83254 0.82533 0.81931 0.81256 0.80662 0.79881
  -12     8.225 0.85065 0.84629 0.83843 0.83330 0.82621 0.82010 0.81308 0.80731 0.79948
  -12     8.275 0.85110 0.84737 0.83899 0.83402 0.82718 0.82078 0.81361 0.80795 0.80013
  -12     8.325 0.85157 0.84823 0.83960 0.83470 0.82813 0.82128 0.81412 0.80853 0.80092
  -12     8.375 0.85191 0.84879 0.84027 0.83539 0.82906 0.82186 0.81460 0.80917 0.80180
  -12     8.425 0.85233 0.84928 0.84115 0.83581 0.83000 0.82249 0.81499 0.80979 0.80267
  -12     8.475 0.85258 0.84986 0.84223 0.83620 0.83086 0.82310 0.81538 0.81026 0.80352
  -12     8.525 0.85278 0.85040 0.84326 0.83650 0.83157 0.82378 0.81599 0.81073 0.80430
  -12     8.575 0.85312 0.85082 0.84422 0.83693 0.83211 0.82448 0.81689 0.81120 0.80496
  -12     8.625 0.85371 0.85122 0.84507 0.83743 0.83269 0.82528 0.81783 0.81163 0.80557
  -12     8.675 0.85450 0.85147 0.84587 0.83794 0.83303 0.82601 0.81879 0.81212 0.80613
  -12     8.725 0.85531 0.85161 0.84663 0.83848 0.83346 0.82667 0.81973 0.81274 0.80668
  -12     8.775 0.85615 0.85199 0.84740 0.83908 0.83405 0.82726 0.82060 0.81348 0.80718
  -12     8.825 0.85689 0.85256 0.84816 0.83970 0.83468 0.82781 0.82141 0.81417 0.80768
  -12     8.875 0.85752 0.85317 0.84870 0.84026 0.83524 0.82845 0.82217 0.81490 0.80830
  -12     8.925 0.85809 0.85376 0.84936 0.84082 0.83586 0.82919 0.82276 0.81552 0.80891
  -12     8.975 0.85876 0.85435 0.85012 0.84142 0.83642 0.82998 0.82324 0.81604 0.80943
  -12     9.025 0.85935 0.85491 0.85094 0.84205 0.83707 0.83070 0.82367 0.81650 0.80993
  -12     9.075 0.85982 0.85524 0.85174 0.84273 0.83759 0.83130 0.82420 0.81690 0.81044
  -12     9.125 0.86046 0.85536 0.85230 0.84351 0.83801 0.83192 0.82470 0.81728 0.81091
  -12     9.175 0.86135 0.85536 0.85280 0.84432 0.83846 0.83261 0.82524 0.81771 0.81137
  -12     9.225 0.86231 0.85538 0.85331 0.84510 0.83890 0.83333 0.82581 0.81827 0.81183
  -12     9.275 0.86312 0.85570 0.85360 0.84590 0.83932 0.83402 0.82644 0.81890 0.81225
  -12     9.325 0.86400 0.85618 0.85381 0.84660 0.83981 0.83463 0.82701 0.81954 0.81278
  -12     9.375 0.86484 0.85675 0.85397 0.84708 0.84022 0.83530 0.82761 0.82023 0.81333
  -12     9.425 0.86554 0.85747 0.85435 0.84753 0.84045 0.83603 0.82817 0.82089 0.81394
  -12     9.475 0.86608 0.85809 0.85487 0.84817 0.84068 0.83677 0.82874 0.82150 0.81458
  -12     9.525 0.86653 0.85878 0.85535 0.84876 0.84110 0.83741 0.82929 0.82206 0.81519
  -12     9.575 0.86701 0.85939 0.85591 0.84942 0.84154 0.83795 0.82982 0.82272 0.81583
  -12     9.625 0.86779 0.85986 0.85638 0.85015 0.84191 0.83847 0.83035 0.82338 0.81644
  -12     9.675 0.86870 0.86026 0.85676 0.85080 0.84228 0.83901 0.83098 0.82404 0.81703
  -12     9.725 0.86956 0.86056 0.85716 0.85145 0.84277 0.83944 0.83158 0.82464 0.81741
  -12     9.775 0.87034 0.86094 0.85758 0.85201 0.84328 0.83962 0.83221 0.82520 0.81765
  -12     9.825 0.87117 0.86141 0.85791 0.85244 0.84386 0.83975 0.83285 0.82577 0.81803
  -12     9.875 0.87184 0.86191 0.85817 0.85288 0.84442 0.83993 0.83348 0.82633 0.81845
  -12     9.925 0.87232 0.86249 0.85861 0.85338 0.84510 0.84024 0.83404 0.82682 0.81896
  -12     9.975 0.87268 0.86313 0.85900 0.85387 0.84569 0.84053 0.83462 0.82737 0.81956
  -12    11.000 0.88416 0.87731 0.86405 0.86425 0.85674 0.84646 0.84350 0.83718 0.82896
  -12    12.000 0.88681 0.88397 0.87767 0.86787 0.86448 0.85670 0.84954 0.84209 0.83659
  -12    13.000 0.89299 0.88636 0.88394 0.87791 0.86773 0.86428 0.85807 0.84823 0.84211
  -12    14.000 0.89799 0.88985 0.88474 0.88307 0.87691 0.86692 0.86371 0.85734 0.84835
  -12    15.000 0.90467 0.89616 0.88534 0.88595 0.88277 0.87290 0.86485 0.86404 0.85583
  -12    16.000 0.91222 0.89896 0.89010 0.88680 0.88445 0.87530 0.86987 0.86647 0.85996
  -12    17.000 0.91049 0.90570 0.89648 0.88967 0.88483 0.87897 0.87465 0.86529 0.86157
  -12    18.000 0.91112 0.91087 0.90390 0.89468 0.88480 0.88131 0.87669 0.86970 0.86197
  -12    19.000 0.91875 0.90920 0.91091 0.89867 0.88930 0.88156 0.87937 0.87236 0.86383
  -12    20.000 0.92164 0.91018 0.91345 0.90898 0.89552 0.88070 0.88218 0.87702 0.86893
   14     0.025 0.00000 0.00000 0.00000 0.00000 0.00000 0.00000 0.00000 0.00000 0.00000
   14     0.075 0.00000 0.00000 0.00000 0.00000 0.00000 0.00000 0.00000 0.00000 0.00000
   14     0.125 0.00000 0.00000 0.00000 0.00000 0.00000 0.00000 0.00000 0.00000 0.00000
   14     0.175 0.06212 0.05347 0.04536 0.03770 0.03060 0.02419 0.01854 0.01371 0.00983
   14     0.225 0.18447 0.17109 0.15731 0.14356 0.13013 0.11723 0.10494 0.09334 0.08244
   14     0.275 0.31592 0.30278 0.28899 0.27456 0.25944 0.24376 0.22747 0.21098 0.19460
   14     0.325 0.44012 0.42729 0.41383 0.39976 0.38509 0.36984 0.35402 0.33765 0.32076
   14     0.375 0.55216 0.53970 0.52664 0.51298 0.49874 0.48393 0.46857 0.45275 0.43642
   14     0.425 0.65011 0.63805 0.62538 0.61211 0.59835 0.58406 0.56919 0.55390 0.53813
   14     0.475 0.73398 0.72228 0.70999 0.69720 0.68382 0.67004 0.65567 0.64092 0.62566
   14     0.525 0.80465 0.79334 0.78146 0.76907 0.75618 0.74278 0.72900 0.71466 0.70002
   14     0.575 0.86368 0.85270 0.84114 0.82923 0.81674 0.80380 0.79049 0.77665 0.76248
   14     0.625 0.91250 0.90193 0.89076 0.87914 0.86708 0.85464 0.84169 0.82831 0.81465
   14     0.675 0.95284 0.94248 0.93171 0.92048 0.90874 0.89660 0.88413 0.87127 0.85797
   14     0.725 0.98583 0.97577 0.96535 0.95444 0.94310 0.93136 0.91915 0.90668 0.89386
   14     0.775 1.01284 1.00314 0.99292 0.98235 0.97133 0.95990 0.94810 0.93592 0.92342
   14     0.825 1.03488 1.02537 1.01546 1.00514 0.99439 0.98331 0.97183 0.96001 0.94782
   14     0.875 1.05284 1.04350 1.03379 1.02370 1.01327 1.00243 0.99125 0.97972 0.96791
   14     0.925 1.06714 1.05805 1.04861 1.03874 1.02852 1.01793 1.00705 0.99583 0.98434
   14     0.975 1.07873 1.06991 1.06067 1.05100 1.04105 1.03071 1.02005 1.00911 0.99785
   14     1.025 1.08806 1.07937 1.07026 1.06083 1.05110 1.04095 1.03059 1.01990 1.00887
   14     1.075 1.09539 1.08680 1.07786 1.06863 1.05901 1.04908 1.03894 1.02849 1.01772
   14     1.125 1.10109 1.09268 1.08396 1.07493 1.06551 1.05577 1.04575 1.03542 1.02482
   14     1.175 1.10552 1.09727 1.08862 1.07958 1.07034 1.06090 1.05109 1.04100 1.03066
   14     1.225 1.10872 1.10062 1.09220 1.08347 1.07439 1.06498 1.05526 1.04525 1.03508
   14     1.275 1.11127 1.10328 1.09492 1.08618 1.07712 1.06792 1.05847 1.04876 1.03872
   14     1.325 1.11295 1.10488 1.09660 1.08817 1.07938 1.07032 1.06091 1.05115 1.04128
   14     1.375 1.11380 1.10612 1.09807 1.08962 1.08085 1.07172 1.06254 1.05312 1.04341
   14     1.425 1.11458 1.10683 1.09868 1.09022 1.08170 1.07289 1.06381 1.05437 1.04462
   14     1.475 1.11461 1.10681 1.09886 1.09078 1.08230 1.07347 1.06429 1.05512 1.04573
   14     1.525 1.11415 1.10668 1.09893 1.09078 1.08230 1.07357 1.06477 1.05567 1.04621
   14     1.575 1.11372 1.10642 1.09862 1.09037 1.08209 1.07355 1.06472 1.05554 1.04629
   14     1.625 1.11311 1.10563 1.09773 1.08983 1.08169 1.07316 1.06427 1.05549 1.04636
   14     1.675 1.11210 1.10457 1.09702 1.08921 1.08092 1.07235 1.06386 1.05508 1.04589
   14     1.725 1.11094 1.10370 1.09616 1.08824 1.07987 1.07180 1.06327 1.05438 1.04539
   14     1.775 1.10972 1.10260 1.09499 1.08677 1.07899 1.07087 1.06232 1.05363 1.04482
   14     1.825 1.10868 1.10147 1.09345 1.08560 1.07802 1.06986 1.06143 1.05286 1.04390
   14     1.875 1.10740 1.09990 1.09211 1.08463 1.07681 1.06872 1.06048 1.05176 1.04266
   14     1.925 1.10562 1.09812 1.09096 1.08336 1.07525 1.06745 1.05917 1.05042 1.04185
   14     1.975 1.10349 1.09680 1.08977 1.08198 1.07405 1.06608 1.05778 1.04948 1.04093
   14     2.025 1.10192 1.09530 1.08834 1.08055 1.07279 1.06473 1.05645 1.04829 1.03966
   14     2.075 1.10075 1.09403 1.08640 1.07909 1.07147 1.06324 1.05524 1.04690 1.03817
   14     2.125 1.09954 1.09227 1.08480 1.07749 1.06994 1.06208 1.05401 1.04553 1.03714
   14     2.175 1.09768 1.09068 1.08336 1.07617 1.06828 1.06069 1.05272 1.04421 1.03597
   14     2.225 1.09601 1.08869 1.08217 1.07472 1.06698 1.05924 1.05101 1.04307 1.03459
   14     2.275 1.09438 1.08737 1.08055 1.07305 1.06560 1.05773 1.04965 1.04168 1.03329
   14     2.325 1.09257 1.08618 1.07899 1.07130 1.06417 1.05629 1.04847 1.04034 1.03185
   14     2.375 1.09085 1.08461 1.07734 1.07014 1.06255 1.05486 1.04716 1.03895 1.03074
   14     2.425 1.08957 1.08295 1.07552 1.06873 1.06140 1.05348 1.04575 1.03738 1.02950
   14     2.475 1.08835 1.08139 1.07426 1.06726 1.05959 1.05220 1.04424 1.03628 1.02816
   14     2.525 1.08665 1.07987 1.07291 1.06596 1.05811 1.05087 1.04282 1.03503 1.02680
   14     2.575 1.08540 1.07796 1.07161 1.06428 1.05694 1.04940 1.04161 1.03380 1.02536
   14     2.625 1.08375 1.07677 1.07016 1.06267 1.05562 1.04811 1.04023 1.03237 1.02422
   14     2.675 1.08197 1.07538 1.06894 1.06130 1.05437 1.04653 1.03905 1.03095 1.02320
   14     2.725 1.08039 1.07416 1.06728 1.06021 1.05290 1.04524 1.03774 1.02970 1.02197
   14     2.775 1.07895 1.07300 1.06582 1.05886 1.05158 1.04401 1.03648 1.02857 1.02073
   14     2.825 1.07760 1.07165 1.06433 1.05766 1.05000 1.04296 1.03525 1.02735 1.01939
   14     2.875 1.07660 1.07012 1.06308 1.05643 1.04868 1.04167 1.03396 1.02618 1.01819
   14     2.925 1.07548 1.06873 1.06179 1.05509 1.04764 1.04047 1.03253 1.02503 1.01684
   14     2.975 1.07437 1.06722 1.06070 1.05378 1.04654 1.03917 1.03147 1.02393 1.01591
   14     3.025 1.07313 1.06576 1.05963 1.05245 1.04538 1.03798 1.03043 1.02275 1.01498
   14     3.075 1.07156 1.06457 1.05856 1.05093 1.04416 1.03665 1.02932 1.02149 1.01382
   14     3.125 1.07006 1.06356 1.05740 1.04975 1.04300 1.03544 1.02820 1.02018 1.01271
   14     3.175 1.06889 1.06264 1.05605 1.04883 1.04204 1.03438 1.02714 1.01930 1.01158
   14     3.225 1.06750 1.06168 1.05476 1.04782 1.04090 1.03345 1.02600 1.01834 1.01059
   14     3.275 1.06634 1.06054 1.05335 1.04672 1.03965 1.03234 1.02481 1.01732 1.00943
   14     3.325 1.06526 1.05939 1.05189 1.04584 1.03836 1.03126 1.02367 1.01645 1.00829
   14     3.375 1.06427 1.05830 1.05097 1.04482 1.03720 1.03036 1.02271 1.01538 1.00744
   14     3.425 1.06322 1.05705 1.05009 1.04389 1.03623 1.02942 1.02185 1.01429 1.00659
   14     3.475 1.06241 1.05592 1.04934 1.04279 1.03528 1.02841 1.02096 1.01321 1.00572
   14     3.525 1.06127 1.05490 1.04844 1.04146 1.03436 1.02732 1.01990 1.01224 1.00480
   14     3.575 1.06047 1.05355 1.04757 1.04013 1.03352 1.02623 1.01898 1.01137 1.00393
   14     3.625 1.05950 1.05246 1.04657 1.03902 1.03282 1.02514 1.01802 1.01044 1.00304
   14     3.675 1.05852 1.05147 1.04563 1.03805 1.03210 1.02425 1.01719 1.00966 1.00198
   14     3.725 1.05760 1.05070 1.04481 1.03727 1.03112 1.02331 1.01627 1.00891 1.00099
   14     3.775 1.05671 1.04980 1.04389 1.03650 1.03011 1.02238 1.01556 1.00796 1.00009
   14     3.825 1.05577 1.04890 1.04285 1.03566 1.02914 1.02157 1.01480 1.00709 0.99921
   14     3.875 1.05490 1.04793 1.04181 1.03483 1.02810 1.02077 1.01381 1.00630 0.99842
   14     3.925 1.05399 1.04700 1.04095 1.03391 1.02713 1.01999 1.01292 1.00542 0.99778
   14     3.975 1.05294 1.04618 1.04007 1.03292 1.02642 1.01918 1.01211 1.00466 0.99710
   14     4.025 1.05205 1.04523 1.03937 1.03177 1.02582 1.01835 1.01137 1.00398 0.99637
   14     4.075 1.05126 1.04427 1.03881 1.03095 1.02511 1.01757 1.01055 1.00340 0.99550
   14     4.125 1.05063 1.04340 1.03807 1.03011 1.02442 1.01674 1.00980 1.00260 0.99459
   14     4.175 1.04999 1.04273 1.03733 1.02946 1.02381 1.01589 1.00906 1.00176 0.99385
   14     4.225 1.04926 1.04201 1.03661 1.02886 1.02310 1.01513 1.00824 1.00077 0.99328
   14     4.275 1.04851 1.04132 1.03567 1.02809 1.02211 1.01418 1.00768 1.00001 0.99276
   14     4.325 1.04766 1.04065 1.03478 1.02747 1.02122 1.01353 1.00711 0.99922 0.99214
   14     4.375 1.04666 1.04002 1.03390 1.02684 1.02043 1.01298 1.00651 0.99845 0.99159
   14     4.425 1.04586 1.03934 1.03334 1.02634 1.01981 1.01235 1.00592 0.99782 0.99092
   14     4.475 1.04525 1.03852 1.03297 1.02565 1.01934 1.01161 1.00527 0.99725 0.99017
   14     4.525 1.04481 1.03756 1.03238 1.02460 1.01863 1.01111 1.00444 0.99674 0.98929
   14     4.575 1.04436 1.03655 1.03153 1.02407 1.01783 1.01080 1.00334 0.99634 0.98856
   14     4.625 1.04356 1.03623 1.03054 1.02386 1.01678 1.01039 1.00224 0.99591 0.98816
   14     4.675 1.04268 1.03604 1.02940 1.02350 1.01589 1.00980 1.00171 0.99538 0.98777
   14     4.725 1.04144 1.03572 1.02864 1.02299 1.01524 1.00906 1.00123 0.99462 0.98715
   14     4.775 1.04060 1.03522 1.02805 1.02216 1.01459 1.00826 1.00072 0.99399 0.98636
   14     4.825 1.04010 1.03440 1.02743 1.02149 1.01408 1.00774 1.00018 0.99345 0.98562
   14     4.875 1.03956 1.03393 1.02666 1.02096 1.01343 1.00737 0.99970 0.99275 0.98519
   14     4.925 1.03893 1.03377 1.02571 1.02065 1.01288 1.00695 0.99927 0.99194 0.98480
   14     4.975 1.03793 1.03361 1.02526 1.02019 1.01236 1.00624 0.99893 0.99118 0.98431
   14     5.025 1.03731 1.03304 1.02487 1.01938 1.01207 1.00554 0.99834 0.99072 0.98370
   14     5.075 1.03682 1.03199 1.02458 1.01868 1.01160 1.00465 0.99771 0.99029 0.98320
   14     5.125 1.03629 1.03120 1.02408 1.01807 1.01105 1.00385 0.99728 0.98987 0.98268
   14     5.175 1.03569 1.03050 1.02349 1.01735 1.01067 1.00317 0.99690 0.98944 0.98210
   14     5.225 1.03503 1.02976 1.02320 1.01657 1.01027 1.00261 0.99650 0.98902 0.98149
   14     5.275 1.03471 1.02893 1.02301 1.01573 1.00984 1.00225 0.99598 0.98855 0.98085
   14     5.325 1.03435 1.02805 1.02274 1.01519 1.00934 1.00196 0.99544 0.98809 0.98042
   14     5.375 1.03394 1.02756 1.02234 1.01461 1.00889 1.00146 0.99509 0.98754 0.98012
   14     5.425 1.03348 1.02696 1.02198 1.01404 1.00869 1.00087 0.99456 0.98712 0.97982
   14     5.475 1.03290 1.02621 1.02153 1.01351 1.00846 1.00050 0.99382 0.98679 0.97945
   14     5.525 1.03265 1.02552 1.02089 1.01306 1.00783 1.00025 0.99293 0.98632 0.97898
   14     5.575 1.03235 1.02498 1.02026 1.01280 1.00705 0.99981 0.99224 0.98579 0.97850
   14     5.625 1.03210 1.02471 1.01952 1.01257 1.00647 0.99944 0.99200 0.98521 0.97813
   14     5.675 1.03170 1.02446 1.01900 1.01231 1.00595 0.99888 0.99173 0.98481 0.97770
   14     5.725 1.03146 1.02395 1.01862 1.01185 1.00528 0.99860 0.99125 0.98442 0.97726
   14     5.775 1.03109 1.02352 1.01823 1.01166 1.00443 0.99833 0.99074 0.98397 0.97682
   14     5.825 1.03063 1.02314 1.01766 1.01134 1.00353 0.99806 0.99038 0.98345 0.97630
   14     5.875 1.03017 1.02295 1.01689 1.01093 1.00299 0.99768 0.99006 0.98301 0.97584
   14     5.925 1.02967 1.02284 1.01635 1.01062 1.00278 0.99743 0.98965 0.98267 0.97523
   14     5.975 1.02914 1.02255 1.01605 1.01017 1.00246 0.99732 0.98913 0.98213 0.97485
   14     6.025 1.02859 1.02218 1.01564 1.00978 1.00213 0.99696 0.98876 0.98161 0.97454
   14     6.075 1.02805 1.02198 1.01504 1.00940 1.00177 0.99619 0.98847 0.98122 0.97422
   14     6.125 1.02743 1.02168 1.01436 1.00913 1.00155 0.99539 0.98822 0.98090 0.97380
   14     6.175 1.02682 1.02148 1.01385 1.00880 1.00123 0.99472 0.98800 0.98066 0.97335
   14     6.225 1.02637 1.02127 1.01366 1.00838 1.00098 0.99413 0.98775 0.98037 0.97305
   14     6.275 1.02602 1.02098 1.01338 1.00772 1.00070 0.99347 0.98750 0.97994 0.97272
   14     6.325 1.02557 1.02069 1.01289 1.00725 1.00040 0.99272 0.98727 0.97951 0.97236
   14     6.375 1.02501 1.02041 1.01246 1.00682 1.00007 0.99233 0.98707 0.97919 0.97199
   14     6.425 1.02440 1.02007 1.01217 1.00631 0.99987 0.99214 0.98672 0.97887 0.97176
   14     6.475 1.02398 1.01948 1.01183 1.00577 0.99967 0.99187 0.98626 0.97859 0.97150
   14     6.525 1.02350 1.01884 1.01175 1.00546 0.99949 0.99147 0.98590 0.97832 0.97127
   14     6.575 1.02278 1.01834 1.01163 1.00511 0.99931 0.99123 0.98548 0.97802 0.97098
   14     6.625 1.02215 1.01798 1.01139 1.00460 0.99915 0.99089 0.98504 0.97773 0.97054
   14     6.675 1.02154 1.01758 1.01123 1.00398 0.99889 0.99057 0.98447 0.97741 0.97014
   14     6.725 1.02104 1.01701 1.01106 1.00333 0.99866 0.99035 0.98397 0.97713 0.96980
   14     6.775 1.02066 1.01657 1.01084 1.00263 0.99840 0.98998 0.98358 0.97668 0.96957
   14     6.825 1.02043 1.01632 1.01070 1.00232 0.99832 0.98952 0.98310 0.97631 0.96929
   14     6.875 1.02001 1.01608 1.01039 1.00207 0.99818 0.98900 0.98292 0.97605 0.96901
   14     6.925 1.01953 1.01579 1.01006 1.00172 0.99779 0.98859 0.98270 0.97558 0.96879
   14     6.975 1.01910 1.01570 1.00979 1.00149 0.99752 0.98820 0.98252 0.97514 0.96865
   14     7.025 1.01874 1.01565 1.00936 1.00144 0.99727 0.98760 0.98245 0.97470 0.96845
   14     7.075 1.01826 1.01549 1.00896 1.00133 0.99681 0.98718 0.98236 0.97414 0.96827
   14     7.125 1.01771 1.01529 1.00861 1.00122 0.99631 0.98706 0.98229 0.97365 0.96805
   14     7.175 1.01712 1.01499 1.00820 1.00104 0.99578 0.98695 0.98215 0.97343 0.96777
   14     7.225 1.01690 1.01445 1.00759 1.00088 0.99518 0.98690 0.98201 0.97325 0.96746
   14     7.275 1.01694 1.01386 1.00701 1.00072 0.99454 0.98694 0.98177 0.97287 0.96721
   14     7.325 1.01706 1.01331 1.00638 1.00056 0.99392 0.98700 0.98145 0.97252 0.96691
   14     7.375 1.01739 1.01287 1.00584 1.00032 0.99330 0.98696 0.98103 0.97221 0.96644
   14     7.425 1.01770 1.01250 1.00582 1.00005 0.99284 0.98702 0.98054 0.97211 0.96606
   14     7.475 1.01797 1.01204 1.00572 0.99974 0.99250 0.98693 0.98005 0.97201 0.96565
   14     7.525 1.01837 1.01167 1.00573 0.99948 0.99236 0.98683 0.97982 0.97194 0.96534
   14     7.575 1.01852 1.01127 1.00566 0.99920 0.99221 0.98645 0.97968 0.97183 0.96510
   14     7.625 1.01858 1.01088 1.00544 0.99881 0.99219 0.98589 0.97957 0.97180 0.96472
   14     7.675 1.01857 1.01064 1.00514 0.99838 0.99220 0.98528 0.97946 0.97181 0.96422
   14     7.725 1.01847 1.01067 1.00484 0.99792 0.99218 0.98463 0.97922 0.97158 0.96377
   14     7.775 1.01824 1.01063 1.00467 0.99770 0.99207 0.98416 0.97897 0.97127 0.96346
   14     7.825 1.01765 1.01062 1.00441 0.99752 0.99180 0.98381 0.97859 0.97108 0.96324
   14     7.875 1.01685 1.01059 1.00391 0.99738 0.99144 0.98352 0.97819 0.97092 0.96298
   14     7.925 1.01598 1.01058 1.00344 0.99735 0.99100 0.98328 0.97786 0.97080 0.96266
   14     7.975 1.01562 1.01042 1.00291 0.99735 0.99053 0.98298 0.97754 0.97067 0.96259
   14     8.025 1.01553 1.01015 1.00250 0.99731 0.99008 0.98291 0.97717 0.97045 0.96254
   14     8.075 1.01546 1.00972 1.00213 0.99726 0.98964 0.98287 0.97685 0.97015 0.96250
   14     8.125 1.01548 1.00923 1.00195 0.99713 0.98935 0.98276 0.97651 0.97010 0.96239
   14     8.175 1.01537 1.00920 1.00170 0.99694 0.98936 0.98256 0.97626 0.97007 0.96210
   14     8.225 1.01516 1.00938 1.00143 0.99666 0.98943 0.98227 0.97597 0.96993 0.96175
   14     8.275 1.01475 1.00960 1.00113 0.99634 0.98941 0.98200 0.97570 0.96977 0.96157
   14     8.325 1.01411 1.00991 1.00094 0.99602 0.98936 0.98199 0.97521 0.96954 0.96147
   14     8.375 1.01340 1.01001 1.00088 0.99571 0.98923 0.98198 0.97467 0.96925 0.96138
   14     8.425 1.01254 1.01012 1.00087 0.99531 0.98915 0.98197 0.97412 0.96889 0.96130
   14     8.475 1.01158 1.00976 1.00084 0.99484 0.98897 0.98181 0.97374 0.96857 0.96117
   14     8.525 1.01085 1.00918 1.00081 0.99457 0.98875 0.98158 0.97350 0.96812 0.96111
   14     8.575 1.01069 1.00844 1.00094 0.99453 0.98839 0.98129 0.97340 0.96764 0.96095
   14     8.625 1.01062 1.00761 1.00098 0.99442 0.98802 0.98099 0.97332 0.96731 0.96077
   14     8.675 1.01042 1.00688 1.00100 0.99426 0.98792 0.98062 0.97338 0.96709 0.96057
   14     8.725 1.01038 1.00645 1.00084 0.99391 0.98795 0.98012 0.97344 0.96695 0.96027
   14     8.775 1.01031 1.00614 1.00057 0.99344 0.98803 0.97969 0.97349 0.96678 0.96013
   14     8.825 1.01018 1.00586 1.00034 0.99299 0.98795 0.97952 0.97332 0.96666 0.96008
   14     8.875 1.00986 1.00542 1.00028 0.99268 0.98785 0.97939 0.97307 0.96650 0.96008
   14     8.925 1.00952 1.00506 1.00016 0.99228 0.98773 0.97953 0.97278 0.96630 0.95999
   14     8.975 1.00924 1.00479 1.00009 0.99183 0.98756 0.97969 0.97262 0.96604 0.95968
   14     9.025 1.00905 1.00458 1.00003 0.99157 0.98737 0.97977 0.97270 0.96574 0.95929
   14     9.075 1.00905 1.00422 0.99988 0.99147 0.98710 0.97970 0.97263 0.96533 0.95890
   14     9.125 1.00918 1.00374 0.99968 0.99136 0.98676 0.97963 0.97251 0.96503 0.95854
   14     9.175 1.00921 1.00331 0.99963 0.99123 0.98647 0.97947 0.97235 0.96480 0.95811
   14     9.225 1.00921 1.00312 0.99946 0.99112 0.98618 0.97922 0.97215 0.96457 0.95776
   14     9.275 1.00922 1.00279 0.99918 0.99120 0.98572 0.97899 0.97189 0.96436 0.95756
   14     9.325 1.00906 1.00251 0.99895 0.99121 0.98527 0.97892 0.97160 0.96419 0.95737
   14     9.375 1.00871 1.00219 0.99878 0.99102 0.98487 0.97886 0.97134 0.96414 0.95725
   14     9.425 1.00839 1.00174 0.99840 0.99082 0.98447 0.97890 0.97114 0.96402 0.95710
   14     9.475 1.00831 1.00132 0.99811 0.99065 0.98398 0.97891 0.97115 0.96387 0.95694
   14     9.525 1.00841 1.00090 0.99785 0.99054 0.98336 0.97899 0.97117 0.96373 0.95685
   14     9.575 1.00851 1.00057 0.99755 0.99041 0.98269 0.97905 0.97105 0.96372 0.95668
   14     9.625 1.00868 1.00019 0.99713 0.99019 0.98234 0.97908 0.97102 0.96374 0.95657
   14     9.675 1.00868 0.99991 0.99682 0.99026 0.98222 0.97892 0.97092 0.96378 0.95640
   14     9.725 1.00865 0.99973 0.99657 0.99037 0.98221 0.97867 0.97072 0.96370 0.95630
   14     9.775 1.00853 0.99981 0.99621 0.99043 0.98212 0.97837 0.97058 0.96368 0.95620
   14     9.825 1.00845 0.99966 0.99589 0.99046 0.98201 0.97796 0.97048 0.96360 0.95607
   14     9.875 1.00860 0.99942 0.99557 0.99034 0.98181 0.97768 0.97034 0.96339 0.95575
   14     9.925 1.00874 0.99932 0.99527 0.99014 0.98148 0.97736 0.97027 0.96312 0.95545
   14     9.975 1.00904 0.99916 0.99513 0.99000 0.98116 0.97694 0.97031 0.96287 0.95515
   14    11.000 1.00892 0.99989 0.98951 0.98880 0.97905 0.97143 0.96777 0.95935 0.95370
   14    12.000 1.00106 0.99845 0.99204 0.98181 0.97822 0.97108 0.96359 0.95575 0.95036
   14    13.000 0.99795 0.99260 0.99029 0.98312 0.97361 0.96966 0.96355 0.95418 0.94672
   14    14.000 0.99644 0.98875 0.98496 0.98175 0.97492 0.96605 0.96219 0.95523 0.94651
   14    15.000 0.99701 0.98781 0.97735 0.97870 0.97510 0.96362 0.95855 0.95663 0.94698
   14    16.000 0.99971 0.98336 0.97794 0.97384 0.96991 0.96181 0.95665 0.95282 0.94624
   14    17.000 0.99249 0.98724 0.97835 0.97083 0.96684 0.96038 0.95605 0.94691 0.94327
   14    18.000 0.98903 0.98921 0.98151 0.97142 0.96223 0.95746 0.95394 0.94622 0.93904
   14    19.000 0.99183 0.98240 0.98427 0.97199 0.96220 0.95499 0.95230 0.94549 0.93609
   14    20.000 0.99131 0.98055 0.98552 0.97871 0.96469 0.95055 0.95240 0.94651 0.93788
  -14     0.025 0.00000 0.00000 0.00000 0.00000 0.00000 0.00000 0.00000 0.00000 0.00000
  -14     0.075 0.00000 0.00000 0.00000 0.00000 0.00000 0.00000 0.00000 0.00000 0.00000
  -14     0.125 0.00000 0.00000 0.00000 0.00000 0.00000 0.00000 0.00000 0.00000 0.00000
  -14     0.175 0.02324 0.02038 0.01762 0.01490 0.01229 0.00986 0.00766 0.00573 0.00415
  -14     0.225 0.05115 0.04750 0.04393 0.04049 0.03717 0.03399 0.03096 0.02805 0.02527
  -14     0.275 0.07687 0.07282 0.06882 0.06489 0.06103 0.05727 0.05358 0.05002 0.04656
  -14     0.325 0.10121 0.09684 0.09250 0.08821 0.08397 0.07981 0.07572 0.07172 0.06781
  -14     0.375 0.12475 0.12014 0.11553 0.11094 0.10638 0.10187 0.09741 0.09305 0.08877
  -14     0.425 0.14769 0.14288 0.13805 0.13319 0.12838 0.12360 0.11883 0.11416 0.10955
  -14     0.475 0.17011 0.16512 0.16008 0.15504 0.14996 0.14496 0.13994 0.13501 0.13010
  -14     0.525 0.19190 0.18679 0.18159 0.17637 0.17113 0.16588 0.16069 0.15548 0.15038
  -14     0.575 0.21312 0.20786 0.20250 0.19717 0.19175 0.18633 0.18097 0.17556 0.17023
  -14     0.625 0.23362 0.22829 0.22284 0.21732 0.21179 0.20626 0.20069 0.19510 0.18961
  -14     0.675 0.25349 0.24801 0.24249 0.23689 0.23121 0.22549 0.21982 0.21414 0.20844
  -14     0.725 0.27259 0.26705 0.26145 0.25575 0.24999 0.24418 0.23831 0.23250 0.22670
  -14     0.775 0.29099 0.28542 0.27971 0.27396 0.26809 0.26218 0.25624 0.25026 0.24430
  -14     0.825 0.30875 0.30309 0.29731 0.29145 0.28551 0.27953 0.27348 0.26742 0.26133
  -14     0.875 0.32581 0.32004 0.31421 0.30827 0.30227 0.29618 0.29007 0.28391 0.27775
  -14     0.925 0.34205 0.33625 0.33038 0.32438 0.31831 0.31216 0.30599 0.29975 0.29353
  -14     0.975 0.35771 0.35194 0.34602 0.33995 0.33385 0.32764 0.32138 0.31510 0.30877
  -14     1.025 0.37277 0.36694 0.36094 0.35487 0.34875 0.34245 0.33618 0.32983 0.32342
  -14     1.075 0.38720 0.38128 0.37524 0.36913 0.36289 0.35659 0.35028 0.34390 0.33745
  -14     1.125 0.40099 0.39509 0.38908 0.38296 0.37669 0.37034 0.36393 0.35743 0.35090
  -14     1.175 0.41429 0.40836 0.40227 0.39601 0.38973 0.38344 0.37701 0.37051 0.36398
  -14     1.225 0.42690 0.42101 0.41496 0.40879 0.40250 0.39607 0.38954 0.38295 0.37638
  -14     1.275 0.43927 0.43332 0.42722 0.42093 0.41449 0.40810 0.40164 0.39511 0.38846
  -14     1.325 0.45103 0.44494 0.43876 0.43259 0.42627 0.41985 0.41327 0.40656 0.39990
  -14     1.375 0.46216 0.45627 0.45019 0.44392 0.43747 0.43087 0.42437 0.41779 0.41111
  -14     1.425 0.47320 0.46718 0.46095 0.45454 0.44820 0.44177 0.43520 0.42849 0.42165
  -14     1.475 0.48358 0.47746 0.47127 0.46508 0.45868 0.45210 0.44537 0.43875 0.43206
  -14     1.525 0.49346 0.48750 0.48140 0.47509 0.46859 0.46200 0.45548 0.44880 0.44196
  -14     1.575 0.50320 0.49731 0.49112 0.48464 0.47822 0.47171 0.46504 0.45819 0.45142
  -14     1.625 0.51264 0.50655 0.50020 0.49391 0.48753 0.48095 0.47415 0.46756 0.46078
  -14     1.675 0.52157 0.51536 0.50924 0.50298 0.49642 0.48970 0.48316 0.47646 0.46954
  -14     1.725 0.53014 0.52417 0.51800 0.51158 0.50487 0.49849 0.49184 0.48498 0.47814
  -14     1.775 0.53851 0.53261 0.52630 0.51953 0.51326 0.50680 0.50007 0.49330 0.48652
  -14     1.825 0.54684 0.54077 0.53406 0.52758 0.52144 0.51485 0.50815 0.50141 0.49443
  -14     1.875 0.55473 0.54835 0.54180 0.53560 0.52919 0.52260 0.51599 0.50906 0.50190
  -14     1.925 0.56198 0.55551 0.54948 0.54317 0.53647 0.53006 0.52333 0.51629 0.50954
  -14     1.975 0.56874 0.56291 0.55696 0.55041 0.54381 0.53721 0.53043 0.52372 0.51691
  -14     2.025 0.57571 0.57003 0.56402 0.55738 0.55091 0.54421 0.53740 0.53074 0.52377
  -14     2.075 0.58286 0.57704 0.57046 0.56418 0.55771 0.55085 0.54426 0.53741 0.53030
  -14     2.125 0.58973 0.58342 0.57692 0.57066 0.56422 0.55760 0.55088 0.54388 0.53703
  -14     2.175 0.59595 0.58968 0.58334 0.57717 0.57043 0.56398 0.55726 0.55021 0.54343
  -14     2.225 0.60200 0.59557 0.58977 0.58336 0.57670 0.57013 0.56314 0.55649 0.54948
  -14     2.275 0.60791 0.60170 0.59577 0.58915 0.58272 0.57598 0.56914 0.56244 0.55540
  -14     2.325 0.61350 0.60779 0.60149 0.59477 0.58851 0.58175 0.57508 0.56821 0.56111
  -14     2.375 0.61902 0.61343 0.60694 0.60061 0.59404 0.58734 0.58075 0.57375 0.56686
  -14     2.425 0.62469 0.61878 0.61213 0.60610 0.59969 0.59285 0.58615 0.57901 0.57232
  -14     2.475 0.63025 0.62400 0.61762 0.61145 0.60464 0.59818 0.59133 0.58450 0.57756
  -14     2.525 0.63533 0.62907 0.62287 0.61667 0.60977 0.60337 0.59637 0.58968 0.58264
  -14     2.575 0.64043 0.63375 0.62796 0.62144 0.61490 0.60831 0.60149 0.59470 0.58746
  -14     2.625 0.64515 0.63875 0.63288 0.62608 0.61982 0.61319 0.60631 0.59945 0.59240
  -14     2.675 0.64958 0.64353 0.63768 0.63084 0.62464 0.61770 0.61108 0.60405 0.59734
  -14     2.725 0.65398 0.64832 0.64205 0.63562 0.62913 0.62229 0.61567 0.60860 0.60192
  -14     2.775 0.65839 0.65295 0.64641 0.64012 0.63354 0.62681 0.62014 0.61320 0.60631
  -14     2.825 0.66281 0.65731 0.65059 0.64454 0.63768 0.63131 0.62449 0.61753 0.61055
  -14     2.875 0.66731 0.66138 0.65487 0.64884 0.64182 0.63556 0.62865 0.62177 0.61475
  -14     2.925 0.67165 0.66535 0.65901 0.65292 0.64612 0.63967 0.63261 0.62591 0.61868
  -14     2.975 0.67584 0.66918 0.66315 0.65687 0.65027 0.64361 0.63670 0.63000 0.62290
  -14     3.025 0.67974 0.67291 0.66725 0.66064 0.65421 0.64754 0.64071 0.63386 0.62699
  -14     3.075 0.68326 0.67674 0.67120 0.66417 0.65800 0.65118 0.64458 0.63755 0.63072
  -14     3.125 0.68675 0.68065 0.67494 0.66790 0.66173 0.65483 0.64829 0.64111 0.63441
  -14     3.175 0.69032 0.68452 0.67841 0.67170 0.66551 0.65853 0.65194 0.64489 0.63799
  -14     3.225 0.69371 0.68822 0.68179 0.67537 0.66901 0.66220 0.65544 0.64853 0.64156
  -14     3.275 0.69713 0.69171 0.68496 0.67885 0.67233 0.66561 0.65879 0.65201 0.64491
  -14     3.325 0.70051 0.69504 0.68802 0.68239 0.67550 0.66899 0.66205 0.65550 0.64817
  -14     3.375 0.70394 0.69832 0.69143 0.68575 0.67867 0.67239 0.66542 0.65873 0.65157
  -14     3.425 0.70720 0.70136 0.69483 0.68906 0.68195 0.67568 0.66875 0.66186 0.65491
  -14     3.475 0.71050 0.70443 0.69822 0.69212 0.68515 0.67882 0.67196 0.66491 0.65812
  -14     3.525 0.71355 0.70745 0.70144 0.69489 0.68827 0.68178 0.67496 0.66796 0.66120
  -14     3.575 0.71670 0.71019 0.70453 0.69759 0.69141 0.68468 0.67796 0.67103 0.66423
  -14     3.625 0.71967 0.71298 0.70745 0.70034 0.69459 0.68745 0.68089 0.67395 0.66718
  -14     3.675 0.72255 0.71582 0.71034 0.70321 0.69763 0.69036 0.68381 0.67691 0.66987
  -14     3.725 0.72537 0.71880 0.71323 0.70616 0.70041 0.69311 0.68662 0.67984 0.67256
  -14     3.775 0.72814 0.72155 0.71599 0.70899 0.70304 0.69584 0.68951 0.68253 0.67526
  -14     3.825 0.73083 0.72424 0.71853 0.71174 0.70563 0.69858 0.69228 0.68518 0.67792
  -14     3.875 0.73347 0.72680 0.72102 0.71442 0.70810 0.70126 0.69477 0.68784 0.68057
  -14     3.925 0.73599 0.72933 0.72357 0.71693 0.71055 0.70389 0.69727 0.69037 0.68330
  -14     3.975 0.73836 0.73185 0.72609 0.71931 0.71316 0.70644 0.69980 0.69292 0.68594
  -14     4.025 0.74076 0.73425 0.72864 0.72153 0.71581 0.70890 0.70231 0.69548 0.68845
  -14     4.075 0.74316 0.73658 0.73128 0.72393 0.71833 0.71131 0.70472 0.69806 0.69078
  -14     4.125 0.74572 0.73889 0.73372 0.72623 0.72079 0.71361 0.70710 0.70039 0.69302
  -14     4.175 0.74816 0.74133 0.73606 0.72868 0.72326 0.71582 0.70947 0.70259 0.69534
  -14     4.225 0.75048 0.74364 0.73839 0.73105 0.72562 0.71804 0.71171 0.70464 0.69772
  -14     4.275 0.75273 0.74589 0.74050 0.73326 0.72766 0.72008 0.71407 0.70683 0.70010
  -14     4.325 0.75488 0.74813 0.74256 0.73553 0.72972 0.72233 0.71639 0.70894 0.70236
  -14     4.375 0.75685 0.75034 0.74461 0.73774 0.73178 0.72463 0.71861 0.71104 0.70461
  -14     4.425 0.75892 0.75246 0.74685 0.74004 0.73394 0.72683 0.72077 0.71321 0.70674
  -14     4.475 0.76106 0.75442 0.74919 0.74215 0.73616 0.72890 0.72284 0.71536 0.70872
  -14     4.525 0.76326 0.75626 0.75124 0.74392 0.73812 0.73110 0.72471 0.71750 0.71057
  -14     4.575 0.76537 0.75807 0.75303 0.74604 0.73998 0.73336 0.72632 0.71968 0.71250
  -14     4.625 0.76718 0.76030 0.75468 0.74833 0.74161 0.73551 0.72788 0.72182 0.71462
  -14     4.675 0.76893 0.76256 0.75623 0.75049 0.74332 0.73745 0.72985 0.72385 0.71671
  -14     4.725 0.77036 0.76471 0.75802 0.75248 0.74514 0.73925 0.73183 0.72563 0.71856
  -14     4.775 0.77202 0.76667 0.75986 0.75418 0.74693 0.74096 0.73376 0.72746 0.72022
  -14     4.825 0.77389 0.76838 0.76162 0.75598 0.74882 0.74287 0.73563 0.72929 0.72192
  -14     4.875 0.77568 0.77035 0.76322 0.75785 0.75058 0.74482 0.73754 0.73096 0.72383
  -14     4.925 0.77739 0.77250 0.76469 0.75982 0.75238 0.74670 0.73943 0.73251 0.72572
  -14     4.975 0.77881 0.77455 0.76655 0.76165 0.75417 0.74831 0.74134 0.73404 0.72751
  -14     5.025 0.78048 0.77625 0.76843 0.76314 0.75609 0.74987 0.74301 0.73582 0.72916
  -14     5.075 0.78220 0.77750 0.77032 0.76466 0.75785 0.75121 0.74461 0.73758 0.73086
  -14     5.125 0.78383 0.77891 0.77200 0.76623 0.75950 0.75261 0.74634 0.73930 0.73250
  -14     5.175 0.78537 0.78036 0.77360 0.76766 0.76125 0.75407 0.74807 0.74101 0.73406
  -14     5.225 0.78690 0.78174 0.77539 0.76901 0.76293 0.75564 0.74977 0.74265 0.73556
  -14     5.275 0.78863 0.78302 0.77724 0.77028 0.76459 0.75731 0.75134 0.74422 0.73700
  -14     5.325 0.79031 0.78424 0.77902 0.77173 0.76616 0.75901 0.75285 0.74580 0.73856
  -14     5.375 0.79195 0.78571 0.78067 0.77313 0.76773 0.76053 0.75446 0.74729 0.74021
  -14     5.425 0.79349 0.78707 0.78230 0.77459 0.76944 0.76198 0.75588 0.74882 0.74188
  -14     5.475 0.79488 0.78834 0.78376 0.77605 0.77113 0.76354 0.75712 0.75037 0.74347
  -14     5.525 0.79651 0.78961 0.78506 0.77753 0.77245 0.76515 0.75821 0.75181 0.74488
  -14     5.575 0.79810 0.79097 0.78636 0.77911 0.77362 0.76659 0.75940 0.75318 0.74625
  -14     5.625 0.79971 0.79250 0.78754 0.78071 0.77488 0.76807 0.76096 0.75449 0.74769
  -14     5.675 0.80117 0.79404 0.78882 0.78226 0.77614 0.76939 0.76247 0.75588 0.74908
  -14     5.725 0.80270 0.79536 0.79019 0.78366 0.77724 0.77087 0.76379 0.75726 0.75044
  -14     5.775 0.80408 0.79674 0.79154 0.78521 0.77820 0.77233 0.76507 0.75857 0.75175
  -14     5.825 0.80537 0.79812 0.79274 0.78660 0.77911 0.77378 0.76644 0.75982 0.75296
  -14     5.875 0.80666 0.79962 0.79379 0.78792 0.78030 0.77513 0.76780 0.76110 0.75419
  -14     5.925 0.80790 0.80116 0.79493 0.78930 0.78173 0.77658 0.76906 0.76241 0.75529
  -14     5.975 0.80902 0.80257 0.79623 0.79058 0.78305 0.77810 0.77022 0.76351 0.75656
  -14     6.025 0.81009 0.80389 0.79744 0.79182 0.78436 0.77937 0.77149 0.76463 0.75788
  -14     6.075 0.81116 0.80527 0.79850 0.79305 0.78565 0.78024 0.77281 0.76588 0.75915
  -14     6.125 0.81220 0.80657 0.79949 0.79435 0.78701 0.78106 0.77413 0.76712 0.76032
  -14     6.175 0.81322 0.80791 0.80054 0.79560 0.78825 0.78197 0.77546 0.76841 0.76145
  -14     6.225 0.81430 0.80925 0.80183 0.79674 0.78952 0.78292 0.77676 0.76965 0.76267
  -14     6.275 0.81544 0.81053 0.80307 0.79763 0.79079 0.78380 0.77802 0.77075 0.76385
  -14     6.325 0.81651 0.81176 0.80411 0.79866 0.79200 0.78458 0.77929 0.77182 0.76499
  -14     6.375 0.81747 0.81295 0.80520 0.79969 0.79316 0.78567 0.78055 0.77296 0.76611
  -14     6.425 0.81835 0.81406 0.80635 0.80065 0.79440 0.78690 0.78167 0.77409 0.76732
  -14     6.475 0.81936 0.81493 0.80744 0.80159 0.79562 0.78807 0.78268 0.77525 0.76847
  -14     6.525 0.82029 0.81578 0.80876 0.80269 0.79688 0.78911 0.78373 0.77638 0.76964
  -14     6.575 0.82097 0.81671 0.81005 0.80373 0.79811 0.79025 0.78472 0.77747 0.77074
  -14     6.625 0.82173 0.81770 0.81120 0.80459 0.79930 0.79129 0.78567 0.77855 0.77170
  -14     6.675 0.82253 0.81866 0.81241 0.80537 0.80041 0.79234 0.78648 0.77958 0.77266
  -14     6.725 0.82341 0.81949 0.81357 0.80609 0.80151 0.79345 0.78734 0.78063 0.77365
  -14     6.775 0.82434 0.82042 0.81466 0.80675 0.80260 0.79441 0.78824 0.78153 0.77471
  -14     6.825 0.82538 0.82146 0.81582 0.80776 0.80379 0.79527 0.78907 0.78247 0.77574
  -14     6.875 0.82629 0.82250 0.81683 0.80881 0.80492 0.79608 0.79015 0.78349 0.77676
  -14     6.925 0.82713 0.82350 0.81778 0.80976 0.80581 0.79694 0.79121 0.78431 0.77779
  -14     6.975 0.82798 0.82465 0.81875 0.81079 0.80678 0.79781 0.79228 0.78515 0.77886
  -14     7.025 0.82886 0.82583 0.81959 0.81195 0.80776 0.79849 0.79341 0.78600 0.77988
  -14     7.075 0.82963 0.82690 0.82045 0.81305 0.80853 0.79935 0.79451 0.78670 0.78091
  -14     7.125 0.83036 0.82787 0.82133 0.81413 0.80924 0.80041 0.79563 0.78745 0.78189
  -14     7.175 0.83105 0.82872 0.82215 0.81514 0.80992 0.80147 0.79669 0.78840 0.78280
  -14     7.225 0.83203 0.82935 0.82277 0.81612 0.81053 0.80257 0.79772 0.78938 0.78366
  -14     7.275 0.83325 0.82994 0.82341 0.81710 0.81111 0.80373 0.79864 0.79016 0.78456
  -14     7.325 0.83448 0.83052 0.82399 0.81807 0.81167 0.80490 0.79948 0.79093 0.78542
  -14     7.375 0.83589 0.83122 0.82465 0.81897 0.81223 0.80599 0.80023 0.79173 0.78611
  -14     7.425 0.83728 0.83200 0.82569 0.81982 0.81295 0.80712 0.80090 0.79272 0.78687
  -14     7.475 0.83863 0.83269 0.82667 0.82063 0.81374 0.80811 0.80157 0.79371 0.78759
  -14     7.525 0.84004 0.83346 0.82772 0.82146 0.81468 0.80910 0.80242 0.79471 0.78837
  -14     7.575 0.84122 0.83419 0.82871 0.82227 0.81560 0.80982 0.80333 0.79568 0.78920
  -14     7.625 0.84232 0.83494 0.82953 0.82299 0.81660 0.81037 0.80425 0.79671 0.78987
  -14     7.675 0.84336 0.83579 0.83028 0.82367 0.81762 0.81086 0.80516 0.79775 0.79043
  -14     7.725 0.84430 0.83684 0.83102 0.82432 0.81861 0.81131 0.80596 0.79858 0.79102
  -14     7.775 0.84511 0.83781 0.83187 0.82512 0.81953 0.81190 0.80672 0.79933 0.79173
  -14     7.825 0.84562 0.83877 0.83264 0.82596 0.82027 0.81256 0.80736 0.80014 0.79251
  -14     7.875 0.84592 0.83970 0.83319 0.82681 0.82092 0.81327 0.80799 0.80097 0.79326
  -14     7.925 0.84615 0.84065 0.83373 0.82776 0.82149 0.81400 0.80867 0.80183 0.79394
  -14     7.975 0.84681 0.84147 0.83422 0.82874 0.82205 0.81468 0.80936 0.80267 0.79484
  -14     8.025 0.84765 0.84219 0.83477 0.82965 0.82262 0.81555 0.80999 0.80341 0.79575
  -14     8.075 0.84849 0.84278 0.83534 0.83053 0.82317 0.81645 0.81063 0.80410 0.79666
  -14     8.125 0.84940 0.84332 0.83609 0.83133 0.82385 0.81729 0.81123 0.80498 0.79748
  -14     8.175 0.85020 0.84424 0.83677 0.83209 0.82475 0.81807 0.81190 0.80586 0.79814
  -14     8.225 0.85090 0.84533 0.83746 0.83276 0.82570 0.81875 0.81254 0.80665 0.79873
  -14     8.275 0.85142 0.84645 0.83808 0.83339 0.82657 0.81945 0.81319 0.80741 0.79946
  -14     8.325 0.85172 0.84761 0.83881 0.83399 0.82742 0.82031 0.81361 0.80809 0.80025
  -14     8.375 0.85196 0.84858 0.83965 0.83458 0.82819 0.82117 0.81400 0.80868 0.80105
  -14     8.425 0.85206 0.84952 0.84053 0.83509 0.82899 0.82201 0.81438 0.80922 0.80184
  -14     8.475 0.85207 0.85004 0.84139 0.83554 0.82971 0.82270 0.81490 0.80978 0.80259
  -14     8.525 0.85226 0.85035 0.84222 0.83614 0.83038 0.82333 0.81554 0.81021 0.80340
  -14     8.575 0.85291 0.85054 0.84316 0.83691 0.83092 0.82389 0.81626 0.81063 0.80409
  -14     8.625 0.85363 0.85066 0.84403 0.83763 0.83145 0.82445 0.81699 0.81116 0.80476
  -14     8.675 0.85426 0.85084 0.84487 0.83830 0.83218 0.82494 0.81786 0.81179 0.80541
  -14     8.725 0.85501 0.85125 0.84556 0.83878 0.83301 0.82533 0.81874 0.81245 0.80597
  -14     8.775 0.85575 0.85173 0.84616 0.83914 0.83387 0.82577 0.81960 0.81310 0.80664
  -14     8.825 0.85644 0.85223 0.84679 0.83951 0.83458 0.82641 0.82026 0.81378 0.80738
  -14     8.875 0.85698 0.85261 0.84753 0.84001 0.83527 0.82708 0.82086 0.81442 0.80815
  -14     8.925 0.85749 0.85304 0.84820 0.84043 0.83594 0.82797 0.82141 0.81502 0.80885
  -14     8.975 0.85804 0.85356 0.84892 0.84080 0.83657 0.82887 0.82206 0.81557 0.80933
  -14     9.025 0.85865 0.85412 0.84964 0.84132 0.83716 0.82971 0.82290 0.81607 0.80974
  -14     9.075 0.85939 0.85457 0.85027 0.84197 0.83768 0.83040 0.82357 0.81646 0.81014
  -14     9.125 0.86024 0.85491 0.85084 0.84262 0.83814 0.83109 0.82418 0.81693 0.81054
  -14     9.175 0.86100 0.85529 0.85153 0.84327 0.83859 0.83171 0.82476 0.81745 0.81090
  -14     9.225 0.86173 0.85583 0.85212 0.84392 0.83904 0.83225 0.82530 0.81795 0.81131
  -14     9.275 0.86247 0.85621 0.85263 0.84471 0.83933 0.83279 0.82577 0.81847 0.81184
  -14     9.325 0.86307 0.85663 0.85315 0.84544 0.83962 0.83344 0.82625 0.81900 0.81238
  -14     9.375 0.86352 0.85701 0.85371 0.84600 0.83995 0.83410 0.82675 0.81967 0.81298
  -14     9.425 0.86398 0.85729 0.85406 0.84654 0.84027 0.83483 0.82729 0.82027 0.81354
  -14     9.475 0.86463 0.85760 0.85448 0.84710 0.84051 0.83553 0.82798 0.82086 0.81409
  -14     9.525 0.86541 0.85791 0.85491 0.84770 0.84064 0.83630 0.82867 0.82144 0.81469
  -14     9.575 0.86619 0.85830 0.85530 0.84828 0.84070 0.83705 0.82923 0.82212 0.81524
  -14     9.625 0.86701 0.85867 0.85560 0.84878 0.84105 0.83779 0.82986 0.82282 0.81581
  -14     9.675 0.86769 0.85908 0.85599 0.84951 0.84160 0.83832 0.83044 0.82353 0.81634
  -14     9.725 0.86834 0.85958 0.85643 0.85028 0.84223 0.83877 0.83095 0.82411 0.81692
  -14     9.775 0.86893 0.86028 0.85677 0.85100 0.84280 0.83915 0.83150 0.82474 0.81749
  -14     9.825 0.86954 0.86079 0.85714 0.85170 0.84334 0.83941 0.83207 0.82530 0.81802
  -14     9.875 0.87035 0.86121 0.85748 0.85226 0.84381 0.83977 0.83262 0.82575 0.81835
  -14     9.925 0.87115 0.86174 0.85783 0.85275 0.84414 0.84009 0.83320 0.82614 0.81870
  -14     9.975 0.87209 0.86222 0.85833 0.85327 0.84449 0.84034 0.83387 0.82655 0.81905
  -14    11.000 0.88387 0.87504 0.86484 0.86402 0.85456 0.84698 0.84330 0.83519 0.82947
  -14    12.000 0.88610 0.88341 0.87716 0.86705 0.86354 0.85647 0.84909 0.84147 0.83607
  -14    13.000 0.89144 0.88608 0.88382 0.87677 0.86732 0.86344 0.85744 0.84827 0.84094
  -14    14.000 0.89736 0.88959 0.88588 0.88273 0.87586 0.86704 0.86332 0.85651 0.84789
  -14    15.000 0.90434 0.89505 0.88475 0.88612 0.88237 0.87101 0.86609 0.86405 0.85459
  -14    16.000 0.91247 0.89659 0.89091 0.88669 0.88303 0.87494 0.86961 0.86595 0.85943
  -14    17.000 0.91031 0.90517 0.89637 0.88885 0.88489 0.87848 0.87410 0.86505 0.86142
  -14    18.000 0.91141 0.91150 0.90386 0.89385 0.88473 0.88013 0.87647 0.86884 0.86169
  -14    19.000 0.91793 0.90858 0.91061 0.89850 0.88866 0.88151 0.87889 0.87216 0.86279
  -14    20.000 0.92095 0.91044 0.91545 0.90854 0.89463 0.88074 0.88271 0.87667 0.86808
   16     2.700 0.00000 0.00000 0.00000 0.00000 0.00000 0.00000 0.00000 0.00000 0.00000
   16     2.800 0.00000 0.00000 0.00000 0.00000 0.00000 0.00001 0.00010 0.00028 0.00055
   16     2.900 0.00000 0.00006 0.00024 0.00057 0.00103 0.00160 0.00227 0.00303 0.00385
   16     3.000 0.00159 0.00243 0.00340 0.00445 0.00558 0.00676 0.00798 0.00923 0.01049
   16     3.100 0.00769 0.00927 0.01086 0.01247 0.01408 0.01568 0.01725 0.01881 0.02033
   16     3.200 0.01861 0.02059 0.02252 0.02440 0.02622 0.02800 0.02971 0.03137 0.03298
   16     3.300 0.03383 0.03587 0.03782 0.03969 0.04149 0.04321 0.04487 0.04645 0.04798
   16     3.400 0.05260 0.05439 0.05609 0.05772 0.05928 0.06077 0.06220 0.06357 0.06488
   16     3.500 0.07408 0.07539 0.07666 0.07787 0.07903 0.08015 0.08123 0.08226 0.08325
   16     3.600 0.09750 0.09819 0.09887 0.09954 0.10020 0.10085 0.10149 0.10211 0.10268
   16     3.700 0.12214 0.12212 0.12215 0.12222 0.12232 0.12245 0.12260 0.12273 0.12283
   16     3.800 0.14736 0.14663 0.14600 0.14546 0.14498 0.14457 0.14419 0.14380 0.14338
   16     3.900 0.17261 0.17124 0.16999 0.16886 0.16782 0.16687 0.16595 0.16503 0.16408
   16     4.000 0.19744 0.19551 0.19373 0.19208 0.19053 0.18906 0.18762 0.18618 0.18472
   16     4.100 0.22143 0.21912 0.21692 0.21484 0.21285 0.21090 0.20898 0.20705 0.20510
   16     4.200 0.24428 0.24176 0.23930 0.23690 0.23454 0.23220 0.22986 0.22749 0.22510
   16     4.300 0.26571 0.26320 0.26065 0.25806 0.25545 0.25280 0.25010 0.24736 0.24457
   16     4.400 0.28551 0.28325 0.28078 0.27816 0.27541 0.27255 0.26960 0.26655 0.26343
   16     4.500 0.30367 0.30176 0.29957 0.29707 0.29431 0.29136 0.28824 0.28497 0.28159
   16     4.600 0.32069 0.31892 0.31693 0.31468 0.31207 0.30915 0.30596 0.30257 0.29900
   16     4.700 0.33683 0.33511 0.33320 0.33105 0.32862 0.32584 0.32271 0.31928 0.31560
   16     4.800 0.35222 0.35052 0.34863 0.34649 0.34411 0.34144 0.33844 0.33506 0.33137
   16     4.900 0.36694 0.36524 0.36334 0.36120 0.35879 0.35612 0.35317 0.34990 0.34626
   16     5.000 0.38106 0.37934 0.37742 0.37524 0.37280 0.37010 0.36712 0.36384 0.36028
   16     5.100 0.39464 0.39289 0.39091 0.38870 0.38620 0.38344 0.38042 0.37712 0.37354
   16     5.200 0.40771 0.40592 0.40388 0.40160 0.39906 0.39624 0.39315 0.38978 0.38616
   16     5.300 0.42030 0.41847 0.41638 0.41403 0.41141 0.40851 0.40536 0.40194 0.39825
   16     5.400 0.43245 0.43056 0.42840 0.42599 0.42330 0.42034 0.41710 0.41359 0.40983
   16     5.500 0.44418 0.44223 0.44001 0.43751 0.43475 0.43171 0.42840 0.42483 0.42098
   16     5.600 0.45550 0.45348 0.45120 0.44865 0.44580 0.44267 0.43927 0.43562 0.43170
   16     5.700 0.46645 0.46436 0.46200 0.45937 0.45645 0.45326 0.44978 0.44604 0.44203
   16     5.800 0.47704 0.47488 0.47246 0.46974 0.46672 0.46345 0.45991 0.45609 0.45202
   16     5.900 0.48727 0.48505 0.48256 0.47977 0.47668 0.47333 0.46968 0.46577 0.46163
   16     6.000 0.49717 0.49487 0.49231 0.48945 0.48629 0.48287 0.47916 0.47517 0.47094
   16     6.100 0.50676 0.50440 0.50176 0.49881 0.49557 0.49207 0.48828 0.48423 0.47993
   16     6.200 0.51605 0.51362 0.51091 0.50790 0.50458 0.50099 0.49712 0.49298 0.48860
   16     6.300 0.52503 0.52254 0.51976 0.51668 0.51330 0.50964 0.50569 0.50149 0.49702
   16     6.400 0.53374 0.53117 0.52833 0.52517 0.52172 0.51798 0.51397 0.50970 0.50517
   16     6.500 0.54219 0.53956 0.53664 0.53340 0.52987 0.52606 0.52197 0.51763 0.51303
   16     6.600 0.55038 0.54769 0.54470 0.54140 0.53781 0.53392 0.52977 0.52535 0.52068
   16     6.700 0.55831 0.55556 0.55251 0.54914 0.54548 0.54153 0.53732 0.53283 0.52810
   16     6.800 0.56600 0.56319 0.56007 0.55663 0.55291 0.54889 0.54461 0.54006 0.53527
   16     6.900 0.57347 0.57059 0.56741 0.56389 0.56011 0.55603 0.55169 0.54707 0.54222
   16     7.000 0.58073 0.57780 0.57453 0.57098 0.56714 0.56299 0.55858 0.55391 0.54901
   16     7.100 0.58778 0.58478 0.58146 0.57785 0.57393 0.56973 0.56526 0.56053 0.55555
   16     7.200 0.59460 0.59155 0.58817 0.58449 0.58051 0.57626 0.57172 0.56694 0.56190
   16     7.300 0.60123 0.59812 0.59468 0.59094 0.58689 0.58258 0.57798 0.57316 0.56808
   16     7.400 0.60768 0.60452 0.60102 0.59723 0.59314 0.58878 0.58413 0.57926 0.57411
   16     7.500 0.61396 0.61074 0.60718 0.60335 0.59919 0.59478 0.59009 0.58514 0.57995
   16     7.600 0.62007 0.61679 0.61317 0.60928 0.60507 0.60060 0.59585 0.59084 0.58561
   16     7.700 0.62600 0.62267 0.61902 0.61504 0.61079 0.60625 0.60144 0.59638 0.59110
   16     7.800 0.63174 0.62836 0.62465 0.62062 0.61632 0.61171 0.60690 0.60180 0.59650
   16     7.900 0.63736 0.63390 0.63012 0.62605 0.62172 0.61709 0.61224 0.60709 0.60175
   16     8.000 0.64278 0.63927 0.63549 0.63139 0.62700 0.62234 0.61742 0.61222 0.60679
   16     8.100 0.64811 0.64456 0.64073 0.63655 0.63214 0.62740 0.62241 0.61719 0.61171
   16     8.200 0.65329 0.64968 0.64582 0.64159 0.63712 0.63232 0.62729 0.62201 0.61651
   16     8.300 0.65833 0.65469 0.65075 0.64646 0.64194 0.63711 0.63204 0.62675 0.62124
   16     8.400 0.66324 0.65951 0.65554 0.65123 0.64662 0.64180 0.63669 0.63139 0.62581
   16     8.500 0.66799 0.66426 0.66020 0.65585 0.65124 0.64639 0.64124 0.63589 0.63027
   16     8.600 0.67264 0.66883 0.66475 0.66040 0.65574 0.65084 0.64566 0.64023 0.63458
   16     8.700 0.67716 0.67330 0.66922 0.66481 0.66014 0.65520 0.64995 0.64445 0.63877
   16     8.800 0.68154 0.67772 0.67354 0.66913 0.66439 0.65938 0.65410 0.64858 0.64292
   16     8.900 0.68590 0.68198 0.67781 0.67335 0.66851 0.66348 0.65818 0.65266 0.64696
   16     9.000 0.69006 0.68619 0.68191 0.67741 0.67255 0.66744 0.66219 0.65664 0.65090
   16     9.100 0.69415 0.69024 0.68592 0.68136 0.67647 0.67140 0.66609 0.66050 0.65471
   16     9.200 0.69820 0.69421 0.68985 0.68521 0.68041 0.67525 0.66991 0.66428 0.65839
   16     9.300 0.70213 0.69808 0.69367 0.68903 0.68417 0.67899 0.67358 0.66790 0.66198
   16     9.400 0.70585 0.70178 0.69733 0.69271 0.68780 0.68263 0.67716 0.67147 0.66560
   16     9.500 0.70953 0.70542 0.70106 0.69637 0.69145 0.68619 0.68069 0.67502 0.66911
   16     9.600 0.71322 0.70911 0.70470 0.69995 0.69499 0.68963 0.68409 0.67841 0.67248
   16     9.700 0.71672 0.71266 0.70813 0.70335 0.69830 0.69295 0.68744 0.68180 0.67583
   16     9.800 0.72016 0.71601 0.71154 0.70668 0.70165 0.69634 0.69081 0.68506 0.67907
   16     9.900 0.72362 0.71934 0.71490 0.71000 0.70487 0.69965 0.69402 0.68821 0.68218
   16    10.000 0.72694 0.72264 0.71811 0.71318 0.70806 0.70277 0.69716 0.69131 0.68525
   16    10.000 0.72694 0.72264 0.71811 0.71318 0.70806 0.70277 0.69716 0.69131 0.68525
   16    11.000 0.75626 0.75174 0.74690 0.74170 0.73643 0.73087 0.72499 0.71892 0.71274
   16    12.000 0.77988 0.77522 0.77023 0.76488 0.75927 0.75365 0.74766 0.74136 0.73508
   16    13.000 0.79959 0.79452 0.78935 0.78401 0.77822 0.77226 0.76624 0.75993 0.75345
   16    14.000 0.81584 0.81086 0.80533 0.79976 0.79418 0.78801 0.78179 0.77541 0.76880
   16    15.000 0.82929 0.82425 0.81907 0.81316 0.80723 0.80136 0.79496 0.78856 0.78198
   16    16.000 0.84094 0.83594 0.83052 0.82479 0.81875 0.81242 0.80627 0.79972 0.79314
   16    17.000 0.85146 0.84592 0.84040 0.83470 0.82863 0.82243 0.81573 0.80942 0.80275
   16    18.000 0.86019 0.85481 0.84901 0.84318 0.83735 0.83080 0.82462 0.81785 0.81120
   16    19.000 0.86785 0.86285 0.85665 0.85065 0.84415 0.83857 0.83221 0.82561 0.81869
   16    20.000 0.87485 0.86938 0.86377 0.85754 0.85120 0.84484 0.83857 0.83217 0.82536
   16    21.000 0.88034 0.87538 0.86963 0.86363 0.85737 0.85098 0.84427 0.83760 0.83143
   16    22.000 0.88552 0.88030 0.87457 0.86947 0.86243 0.85640 0.84943 0.84333 0.83585
   16    23.000 0.89048 0.88469 0.87933 0.87374 0.86790 0.86153 0.85446 0.84754 0.84103
   16    24.000 0.89508 0.88956 0.88346 0.87708 0.87236 0.86536 0.85898 0.85234 0.84529
   16    25.000 0.89916 0.89353 0.88735 0.88126 0.87542 0.86968 0.86310 0.85629 0.84912
   16    26.000 0.90326 0.89764 0.89111 0.88482 0.87836 0.87278 0.86606 0.86029 0.85305
   16    27.000 0.90620 0.90131 0.89463 0.88815 0.88216 0.87537 0.86927 0.86316 0.85620
   16    28.000 0.91005 0.90478 0.89797 0.89142 0.88532 0.87768 0.87239 0.86532 0.85946
   16    29.000 0.91269 0.90742 0.90091 0.89496 0.88773 0.88161 0.87457 0.86783 0.86176
   16    30.000 0.91590 0.90948 0.90429 0.89806 0.89036 0.88455 0.87657 0.87054 0.86361
   16    31.000 0.91645 0.91211 0.90666 0.90015 0.89366 0.88671 0.87996 0.87276 0.86565
   16    32.000 0.91767 0.91411 0.90835 0.90253 0.89666 0.88865 0.88285 0.87459 0.86846
   16    33.000 0.91941 0.91546 0.91012 0.90491 0.89876 0.89120 0.88539 0.87686 0.87062
   16    34.000 0.92151 0.91606 0.91165 0.90638 0.90083 0.89371 0.88699 0.87965 0.87245
   16    35.000 0.92313 0.91748 0.91287 0.90695 0.90241 0.89577 0.88921 0.88232 0.87441
   16    36.000 0.92403 0.91822 0.91369 0.90802 0.90360 0.89749 0.89044 0.88393 0.87678
   16    37.000 0.92549 0.92014 0.91368 0.90948 0.90371 0.89897 0.89271 0.88576 0.87917
   16    38.000 0.92714 0.92160 0.91560 0.90991 0.90438 0.90001 0.89357 0.88737 0.88006
   16    39.000 0.92936 0.92311 0.91609 0.91188 0.90494 0.90078 0.89502 0.88855 0.88192
   16    40.000 0.93046 0.92492 0.91735 0.91245 0.90615 0.90089 0.89541 0.89001 0.88293
   16    41.000 0.93117 0.92674 0.91911 0.91333 0.90720 0.90084 0.89593 0.89070 0.88389
   16    42.000 0.93312 0.92819 0.92021 0.91430 0.90816 0.90171 0.89632 0.89087 0.88453
   16    43.000 0.93494 0.93010 0.92179 0.91545 0.90892 0.90287 0.89647 0.89109 0.88556
   16    44.000 0.93701 0.93160 0.92335 0.91708 0.91003 0.90368 0.89669 0.89138 0.88552
   16    45.000 0.93913 0.93310 0.92534 0.91802 0.91101 0.90507 0.89753 0.89194 0.88638
   16    46.000 0.94147 0.93340 0.92758 0.91925 0.91225 0.90525 0.89929 0.89133 0.88687
   16    47.000 0.94256 0.93514 0.92882 0.92009 0.91431 0.90521 0.90049 0.89151 0.88682
   16    48.000 0.94320 0.93776 0.93094 0.92180 0.91558 0.90682 0.90159 0.89225 0.88805
   16    49.000 0.94580 0.93979 0.93178 0.92455 0.91619 0.90811 0.90252 0.89349 0.88820
   16    50.000 0.94810 0.94149 0.93260 0.92640 0.91798 0.90942 0.90324 0.89516 0.88820
   16    51.000 0.95040 0.94230 0.93383 0.92784 0.91910 0.91127 0.90412 0.89664 0.88875
   16    52.000 0.95091 0.94475 0.93566 0.92968 0.92098 0.91220 0.90501 0.89785 0.88982
   16    53.000 0.95167 0.94645 0.93736 0.93128 0.92264 0.91378 0.90641 0.89859 0.89104
   16    54.000 0.95253 0.94912 0.93809 0.93234 0.92464 0.91481 0.90879 0.89965 0.89269
   16    55.000 0.95272 0.95127 0.93934 0.93280 0.92688 0.91622 0.90980 0.90074 0.89434
   16    56.000 0.95195 0.95191 0.94168 0.93420 0.92874 0.91809 0.91075 0.90183 0.89549
   16    57.000 0.95113 0.95171 0.94350 0.93571 0.92952 0.92047 0.91249 0.90289 0.89650
   16    58.000 0.95266 0.95218 0.94497 0.93708 0.93076 0.92122 0.91403 0.90537 0.89733
   16    59.000 0.95409 0.95231 0.94663 0.93769 0.93190 0.92369 0.91530 0.90618 0.89910
   16    60.000 0.95487 0.95111 0.94762 0.93945 0.93209 0.92605 0.91723 0.90664 0.90070
  -16     2.700 0.00000 0.00000 0.00000 0.00000 0.00000 0.00000 0.00000 0.00000 0.00000
  -16     2.800 0.00000 0.00000 0.00000 0.00000 0.00000 0.00000 0.00001 0.00002 0.00005
  -16     2.900 0.00000 0.00000 0.00002 0.00005 0.00010 0.00016 0.00025 0.00035 0.00047
  -16     3.000 0.00014 0.00023 0.00035 0.00050 0.00066 0.00085 0.00106 0.00130 0.00155
  -16     3.100 0.00087 0.00112 0.00140 0.00169 0.00202 0.00236 0.00272 0.00310 0.00350
  -16     3.200 0.00256 0.00299 0.00344 0.00391 0.00439 0.00489 0.00541 0.00593 0.00647
  -16     3.300 0.00547 0.00607 0.00668 0.00730 0.00793 0.00857 0.00922 0.00987 0.01053
  -16     3.400 0.00974 0.01048 0.01122 0.01196 0.01271 0.01346 0.01421 0.01496 0.01572
  -16     3.500 0.01545 0.01627 0.01709 0.01791 0.01873 0.01956 0.02038 0.02119 0.02200
  -16     3.600 0.02258 0.02343 0.02428 0.02513 0.02598 0.02683 0.02768 0.02852 0.02934
  -16     3.700 0.03107 0.03189 0.03272 0.03355 0.03438 0.03521 0.03604 0.03686 0.03764
  -16     3.800 0.04079 0.04154 0.04230 0.04306 0.04384 0.04461 0.04538 0.04612 0.04681
  -16     3.900 0.05163 0.05226 0.05290 0.05357 0.05424 0.05492 0.05558 0.05620 0.05676
  -16     4.000 0.06342 0.06389 0.06440 0.06493 0.06547 0.06601 0.06652 0.06698 0.06738
  -16     4.100 0.07598 0.07629 0.07664 0.07701 0.07740 0.07776 0.07809 0.07836 0.07856
  -16     4.200 0.08915 0.08930 0.08948 0.08968 0.08988 0.09005 0.09017 0.09023 0.09022
  -16     4.300 0.10277 0.10276 0.10278 0.10280 0.10280 0.10276 0.10266 0.10250 0.10225
  -16     4.400 0.11665 0.11652 0.11639 0.11623 0.11603 0.11578 0.11545 0.11505 0.11456
  -16     4.500 0.13066 0.13044 0.13017 0.12985 0.12946 0.12899 0.12845 0.12781 0.12708
  -16     4.600 0.14472 0.14439 0.14401 0.14354 0.14298 0.14232 0.14155 0.14069 0.13972
  -16     4.700 0.15874 0.15831 0.15781 0.15721 0.15649 0.15565 0.15469 0.15360 0.15240
  -16     4.800 0.17269 0.17216 0.17154 0.17079 0.16992 0.16892 0.16778 0.16649 0.16508
  -16     4.900 0.18650 0.18587 0.18513 0.18425 0.18323 0.18206 0.18075 0.17929 0.17767
  -16     5.000 0.20015 0.19942 0.19856 0.19755 0.19639 0.19506 0.19358 0.19193 0.19015
  -16     5.100 0.21361 0.21277 0.21179 0.21066 0.20935 0.20787 0.20623 0.20442 0.20246
  -16     5.200 0.22685 0.22591 0.22481 0.22355 0.22211 0.22048 0.21868 0.21670 0.21457
  -16     5.300 0.23984 0.23881 0.23761 0.23622 0.23463 0.23286 0.23092 0.22879 0.22650
  -16     5.400 0.25260 0.25147 0.25014 0.24863 0.24693 0.24502 0.24292 0.24064 0.23819
  -16     5.500 0.26510 0.26387 0.26244 0.26080 0.25896 0.25693 0.25470 0.25228 0.24967
  -16     5.600 0.27733 0.27600 0.27446 0.27272 0.27075 0.26858 0.26621 0.26366 0.26091
  -16     5.700 0.28930 0.28786 0.28622 0.28436 0.28228 0.28000 0.27750 0.27480 0.27191
  -16     5.800 0.30100 0.29947 0.29772 0.29574 0.29354 0.29113 0.28852 0.28570 0.28269
  -16     5.900 0.31242 0.31080 0.30896 0.30688 0.30456 0.30203 0.29928 0.29633 0.29320
  -16     6.000 0.32358 0.32185 0.31991 0.31773 0.31531 0.31268 0.30982 0.30675 0.30349
  -16     6.100 0.33447 0.33266 0.33061 0.32832 0.32579 0.32305 0.32008 0.31690 0.31353
  -16     6.200 0.34510 0.34320 0.34106 0.33868 0.33604 0.33319 0.33010 0.32680 0.32332
  -16     6.300 0.35546 0.35348 0.35125 0.34877 0.34604 0.34309 0.33990 0.33651 0.33290
  -16     6.400 0.36557 0.36348 0.36118 0.35860 0.35578 0.35272 0.34944 0.34595 0.34225
  -16     6.500 0.37543 0.37327 0.37087 0.36819 0.36527 0.36211 0.35873 0.35515 0.35135
  -16     6.600 0.38505 0.38281 0.38032 0.37756 0.37456 0.37131 0.36784 0.36414 0.36025
  -16     6.700 0.39441 0.39211 0.38953 0.38669 0.38360 0.38026 0.37670 0.37292 0.36894
  -16     6.800 0.40354 0.40116 0.39850 0.39557 0.39240 0.38897 0.38533 0.38146 0.37740
  -16     6.900 0.41246 0.40999 0.40725 0.40423 0.40098 0.39748 0.39375 0.38979 0.38564
  -16     7.000 0.42115 0.41862 0.41579 0.41272 0.40938 0.40579 0.40198 0.39795 0.39372
  -16     7.100 0.42963 0.42702 0.42412 0.42097 0.41755 0.41389 0.41000 0.40590 0.40157
  -16     7.200 0.43788 0.43520 0.43223 0.42901 0.42551 0.42178 0.41781 0.41362 0.40923
  -16     7.300 0.44593 0.44318 0.44013 0.43683 0.43325 0.42945 0.42540 0.42116 0.41670
  -16     7.400 0.45378 0.45097 0.44786 0.44449 0.44086 0.43699 0.43287 0.42857 0.42402
  -16     7.500 0.46145 0.45858 0.45539 0.45197 0.44826 0.44433 0.44015 0.43575 0.43115
  -16     7.600 0.46894 0.46600 0.46274 0.45925 0.45548 0.45148 0.44722 0.44275 0.43810
  -16     7.700 0.47623 0.47323 0.46993 0.46635 0.46252 0.45843 0.45412 0.44958 0.44485
  -16     7.800 0.48333 0.48027 0.47691 0.47326 0.46937 0.46520 0.46086 0.45628 0.45151
  -16     7.900 0.49028 0.48714 0.48370 0.48000 0.47607 0.47187 0.46748 0.46282 0.45801
  -16     8.000 0.49703 0.49383 0.49037 0.48663 0.48263 0.47839 0.47392 0.46921 0.46429
  -16     8.100 0.50366 0.50041 0.49690 0.49308 0.48904 0.48471 0.48017 0.47542 0.47044
  -16     8.200 0.51013 0.50681 0.50327 0.49937 0.49527 0.49088 0.48628 0.48146 0.47645
  -16     8.300 0.51645 0.51308 0.50945 0.50550 0.50134 0.49690 0.49225 0.48741 0.48238
  -16     8.400 0.52261 0.51916 0.51549 0.51150 0.50725 0.50281 0.49811 0.49325 0.48813
  -16     8.500 0.52861 0.52514 0.52137 0.51734 0.51307 0.50860 0.50385 0.49893 0.49376
  -16     8.600 0.53448 0.53093 0.52714 0.52309 0.51877 0.51423 0.50945 0.50444 0.49924
  -16     8.700 0.54021 0.53660 0.53280 0.52870 0.52435 0.51976 0.51490 0.50982 0.50457
  -16     8.800 0.54578 0.54221 0.53830 0.53418 0.52976 0.52510 0.52020 0.51509 0.50985
  -16     8.900 0.55131 0.54764 0.54372 0.53956 0.53503 0.53035 0.52541 0.52028 0.51500
  -16     9.000 0.55663 0.55299 0.54897 0.54476 0.54021 0.53543 0.53054 0.52537 0.52004
  -16     9.100 0.56186 0.55818 0.55411 0.54983 0.54525 0.54050 0.53554 0.53033 0.52494
  -16     9.200 0.56703 0.56327 0.55916 0.55480 0.55028 0.54544 0.54044 0.53519 0.52969
  -16     9.300 0.57207 0.56824 0.56407 0.55970 0.55513 0.55026 0.54519 0.53988 0.53434
  -16     9.400 0.57688 0.57303 0.56883 0.56446 0.55984 0.55497 0.54983 0.54449 0.53901
  -16     9.500 0.58165 0.57775 0.57362 0.56918 0.56454 0.55957 0.55440 0.54907 0.54354
  -16     9.600 0.58639 0.58248 0.57830 0.57380 0.56911 0.56405 0.55883 0.55350 0.54793
  -16     9.700 0.59094 0.58707 0.58278 0.57825 0.57346 0.56840 0.56321 0.55789 0.55228
  -16     9.800 0.59542 0.59146 0.58720 0.58259 0.57782 0.57279 0.56756 0.56214 0.55650
  -16     9.900 0.59989 0.59580 0.59157 0.58691 0.58204 0.57709 0.57177 0.56628 0.56059
  -16    10.000 0.60420 0.60009 0.59578 0.59108 0.58621 0.58119 0.57588 0.57034 0.56463
  -16    10.000 0.60420 0.60009 0.59578 0.59108 0.58621 0.58119 0.57588 0.57034 0.56463
  -16    11.000 0.64278 0.63842 0.63375 0.62875 0.62369 0.61836 0.61273 0.60693 0.60103
  -16    12.000 0.67444 0.66992 0.66508 0.65988 0.65446 0.64903 0.64325 0.63719 0.63114
  -16    13.000 0.70117 0.69622 0.69118 0.68597 0.68035 0.67456 0.66872 0.66261 0.65634
  -16    14.000 0.72359 0.71871 0.71330 0.70785 0.70240 0.69638 0.69034 0.68413 0.67770
  -16    15.000 0.74252 0.73756 0.73247 0.72668 0.72087 0.71512 0.70887 0.70262 0.69621
  -16    16.000 0.75903 0.75410 0.74875 0.74313 0.73720 0.73100 0.72497 0.71856 0.71213
  -16    17.000 0.77389 0.76842 0.76298 0.75737 0.75140 0.74531 0.73874 0.73255 0.72601
  -16    18.000 0.78654 0.78122 0.77550 0.76975 0.76400 0.75756 0.75148 0.74483 0.73832
  -16    19.000 0.79775 0.79281 0.78667 0.78075 0.77434 0.76884 0.76257 0.75607 0.74928
  -16    20.000 0.80797 0.80255 0.79700 0.79084 0.78459 0.77831 0.77213 0.76581 0.75911
  -16    21.000 0.81642 0.81149 0.80580 0.79985 0.79368 0.78737 0.78074 0.77416 0.76807
  -16    22.000 0.82430 0.81912 0.81344 0.80837 0.80143 0.79544 0.78857 0.78254 0.77517
  -16    23.000 0.83173 0.82601 0.82067 0.81512 0.80933 0.80304 0.79606 0.78921 0.78279
  -16    24.000 0.83863 0.83313 0.82709 0.82076 0.81606 0.80914 0.80283 0.79627 0.78930
  -16    25.000 0.84483 0.83922 0.83309 0.82706 0.82126 0.81555 0.80904 0.80230 0.79522
  -16    26.000 0.85088 0.84529 0.83881 0.83257 0.82616 0.82062 0.81395 0.80824 0.80107
  -16    27.000 0.85564 0.85078 0.84416 0.83772 0.83177 0.82504 0.81898 0.81292 0.80603
  -16    28.000 0.86119 0.85594 0.84918 0.84269 0.83663 0.82906 0.82380 0.81679 0.81097
  -16    29.000 0.86544 0.86017 0.85372 0.84781 0.84063 0.83455 0.82758 0.82089 0.81485
  -16    30.000 0.87012 0.86373 0.85857 0.85236 0.84476 0.83897 0.83106 0.82508 0.81820
  -16    31.000 0.87211 0.86774 0.86234 0.85587 0.84942 0.84253 0.83583 0.82869 0.82164
  -16    32.000 0.87465 0.87109 0.86534 0.85956 0.85371 0.84579 0.84002 0.83183 0.82574
  -16    33.000 0.87763 0.87369 0.86836 0.86317 0.85705 0.84956 0.84377 0.83533 0.82914
  -16    34.000 0.88091 0.87548 0.87106 0.86581 0.86029 0.85323 0.84654 0.83927 0.83212
  -16    35.000 0.88365 0.87802 0.87342 0.86751 0.86298 0.85638 0.84985 0.84302 0.83517
  -16    36.000 0.88562 0.87982 0.87529 0.86964 0.86522 0.85914 0.85214 0.84567 0.83857
  -16    37.000 0.88808 0.88274 0.87631 0.87209 0.86633 0.86162 0.85537 0.84849 0.84193
  -16    38.000 0.89067 0.88517 0.87915 0.87352 0.86795 0.86360 0.85719 0.85101 0.84378
  -16    39.000 0.89378 0.88756 0.88058 0.87635 0.86944 0.86528 0.85953 0.85309 0.84651
  -16    40.000 0.89576 0.89023 0.88269 0.87779 0.87152 0.86625 0.86080 0.85540 0.84837
  -16    41.000 0.89730 0.89285 0.88527 0.87949 0.87338 0.86703 0.86214 0.85691 0.85014
  -16    42.000 0.90002 0.89509 0.88715 0.88124 0.87513 0.86869 0.86332 0.85788 0.85156
  -16    43.000 0.90256 0.89774 0.88947 0.88314 0.87664 0.87060 0.86423 0.85885 0.85334
  -16    44.000 0.90534 0.89995 0.89173 0.88548 0.87846 0.87213 0.86516 0.85985 0.85403
  -16    45.000 0.90814 0.90213 0.89440 0.88711 0.88013 0.87419 0.86669 0.86111 0.85556
  -16    46.000 0.91110 0.90310 0.89727 0.88899 0.88201 0.87505 0.86909 0.86117 0.85671
  -16    47.000 0.91280 0.90546 0.89913 0.89047 0.88468 0.87565 0.87091 0.86199 0.85730
  -16    48.000 0.91407 0.90863 0.90185 0.89277 0.88655 0.87784 0.87263 0.86333 0.85913
  -16    49.000 0.91723 0.91122 0.90327 0.89605 0.88775 0.87970 0.87412 0.86515 0.85986
  -16    50.000 0.92008 0.91345 0.90464 0.89845 0.89008 0.88155 0.87541 0.86735 0.86042
  -16    51.000 0.92287 0.91481 0.90639 0.90042 0.89174 0.88394 0.87681 0.86937 0.86150
  -16    52.000 0.92389 0.91774 0.90871 0.90276 0.89410 0.88537 0.87822 0.87109 0.86310
  -16    53.000 0.92513 0.91995 0.91088 0.90484 0.89625 0.88742 0.88011 0.87231 0.86482
  -16    54.000 0.92645 0.92307 0.91209 0.90637 0.89870 0.88893 0.88294 0.87385 0.86692
  -16    55.000 0.92708 0.92566 0.91377 0.90729 0.90138 0.89080 0.88439 0.87539 0.86902
  -16    56.000 0.92677 0.92671 0.91653 0.90912 0.90366 0.89309 0.88578 0.87691 0.87059
  -16    57.000 0.92639 0.92693 0.91878 0.91100 0.90488 0.89587 0.88793 0.87841 0.87202
  -16    58.000 0.92828 0.92780 0.92067 0.91277 0.90651 0.89702 0.88987 0.88127 0.87326
  -16    59.000 0.93009 0.92831 0.92270 0.91377 0.90803 0.89987 0.89153 0.88246 0.87542
  -16    60.000 0.93127 0.92750 0.92404 0.91590 0.90860 0.90259 0.89382 0.88330 0.87738
