* nu_bar+n cross section from "Ankowski et al., PRL 108, 052505 (2012)"
* Energy[GeV]: total cross section [10^-38cm^2]
120       1.20  0.205   0.215   0.225   0.235   0.245   0.255   0.265   0.275   0.285
    12    0.025 0.00000 0.00000 0.00000 0.00000 0.00000 0.00000 0.00000 0.00000 0.00000
    12    0.075 0.00050 0.00050 0.00050 0.00050 0.00050 0.00050 0.00050 0.00050 0.00050
    12    0.125 0.00290 0.00290 0.00290 0.00290 0.00290 0.00290 0.00290 0.00290 0.00290
    12    0.175 0.00736 0.00736 0.00736 0.00736 0.00736 0.00736 0.00736 0.00736 0.00736
    12    0.225 0.01308 0.01308 0.01308 0.01308 0.01308 0.01308 0.01308 0.01308 0.01308
    12    0.275 0.01911 0.01911 0.01911 0.01911 0.01911 0.01911 0.01911 0.01911 0.01911
    12    0.325 0.02499 0.02499 0.02499 0.02499 0.02499 0.02499 0.02499 0.02499 0.02499
    12    0.375 0.03057 0.03057 0.03057 0.03057 0.03057 0.03057 0.03057 0.03057 0.03057
    12    0.425 0.03583 0.03583 0.03583 0.03583 0.03583 0.03583 0.03583 0.03583 0.03583
    12    0.475 0.04077 0.04077 0.04077 0.04077 0.04077 0.04077 0.04077 0.04077 0.04077
    12    0.525 0.04541 0.04541 0.04541 0.04541 0.04541 0.04541 0.04541 0.04541 0.04541
    12    0.575 0.04977 0.04977 0.04977 0.04977 0.04977 0.04977 0.04977 0.04977 0.04977
    12    0.625 0.05387 0.05387 0.05387 0.05387 0.05387 0.05387 0.05387 0.05387 0.05387
    12    0.675 0.05774 0.05774 0.05774 0.05774 0.05774 0.05774 0.05774 0.05774 0.05774
    12    0.725 0.06139 0.06139 0.06139 0.06139 0.06139 0.06139 0.06139 0.06139 0.06139
    12    0.775 0.06484 0.06484 0.06484 0.06484 0.06484 0.06484 0.06484 0.06484 0.06484
    12    0.825 0.06811 0.06811 0.06811 0.06811 0.06811 0.06811 0.06811 0.06811 0.06811
    12    0.875 0.07121 0.07121 0.07121 0.07121 0.07121 0.07121 0.07121 0.07121 0.07121
    12    0.925 0.07416 0.07416 0.07416 0.07416 0.07416 0.07416 0.07416 0.07416 0.07416
    12    0.975 0.07697 0.07697 0.07697 0.07697 0.07697 0.07697 0.07697 0.07697 0.07697
    12    1.025 0.07964 0.07964 0.07964 0.07964 0.07964 0.07964 0.07964 0.07964 0.07964
    12    1.075 0.08219 0.08219 0.08219 0.08219 0.08219 0.08219 0.08219 0.08219 0.08219
    12    1.125 0.08462 0.08462 0.08462 0.08462 0.08462 0.08462 0.08462 0.08462 0.08462
    12    1.175 0.08695 0.08695 0.08695 0.08695 0.08695 0.08695 0.08695 0.08695 0.08695
    12    1.225 0.08917 0.08917 0.08917 0.08917 0.08917 0.08917 0.08917 0.08917 0.08917
    12    1.275 0.09130 0.09130 0.09130 0.09130 0.09130 0.09130 0.09130 0.09130 0.09130
    12    1.325 0.09334 0.09334 0.09334 0.09334 0.09334 0.09334 0.09334 0.09334 0.09334
    12    1.375 0.09529 0.09529 0.09529 0.09529 0.09529 0.09529 0.09529 0.09529 0.09529
    12    1.425 0.09717 0.09717 0.09717 0.09717 0.09717 0.09717 0.09717 0.09717 0.09717
    12    1.475 0.09897 0.09897 0.09897 0.09897 0.09897 0.09897 0.09897 0.09897 0.09897
    12    1.525 0.10070 0.10070 0.10070 0.10070 0.10070 0.10070 0.10070 0.10070 0.10070
    12    1.575 0.10236 0.10236 0.10236 0.10236 0.10236 0.10236 0.10236 0.10236 0.10236
    12    1.625 0.10397 0.10397 0.10397 0.10397 0.10397 0.10397 0.10397 0.10397 0.10397
    12    1.675 0.10551 0.10551 0.10551 0.10551 0.10551 0.10551 0.10551 0.10551 0.10551
    12    1.725 0.10700 0.10700 0.10700 0.10700 0.10700 0.10700 0.10700 0.10700 0.10700
    12    1.775 0.10843 0.10843 0.10843 0.10843 0.10843 0.10843 0.10843 0.10843 0.10843
    12    1.825 0.10981 0.10981 0.10981 0.10981 0.10981 0.10981 0.10981 0.10981 0.10981
    12    1.875 0.11115 0.11115 0.11115 0.11115 0.11115 0.11115 0.11115 0.11115 0.11115
    12    1.925 0.11243 0.11243 0.11243 0.11243 0.11243 0.11243 0.11243 0.11243 0.11243
    12    1.975 0.11368 0.11368 0.11368 0.11368 0.11368 0.11368 0.11368 0.11368 0.11368
    12    2.025 0.11488 0.11488 0.11488 0.11488 0.11488 0.11488 0.11488 0.11488 0.11488
    12    2.075 0.11605 0.11605 0.11605 0.11605 0.11605 0.11605 0.11605 0.11605 0.11605
    12    2.125 0.11718 0.11718 0.11718 0.11718 0.11718 0.11718 0.11718 0.11718 0.11718
    12    2.175 0.11827 0.11827 0.11827 0.11827 0.11827 0.11827 0.11827 0.11827 0.11827
    12    2.225 0.11932 0.11932 0.11932 0.11932 0.11932 0.11932 0.11932 0.11932 0.11932
    12    2.275 0.12035 0.12035 0.12035 0.12035 0.12035 0.12035 0.12035 0.12035 0.12035
    12    2.325 0.12134 0.12134 0.12134 0.12134 0.12134 0.12134 0.12134 0.12134 0.12134
    12    2.375 0.12231 0.12231 0.12231 0.12231 0.12231 0.12231 0.12231 0.12231 0.12231
    12    2.425 0.12324 0.12324 0.12324 0.12324 0.12324 0.12324 0.12324 0.12324 0.12324
    12    2.475 0.12415 0.12415 0.12415 0.12415 0.12415 0.12415 0.12415 0.12415 0.12415
    12    2.525 0.12503 0.12503 0.12503 0.12503 0.12503 0.12503 0.12503 0.12503 0.12503
    12    2.575 0.12589 0.12589 0.12589 0.12589 0.12589 0.12589 0.12589 0.12589 0.12589
    12    2.625 0.12672 0.12672 0.12672 0.12672 0.12672 0.12672 0.12672 0.12672 0.12672
    12    2.675 0.12753 0.12753 0.12753 0.12753 0.12753 0.12753 0.12753 0.12753 0.12753
    12    2.725 0.12832 0.12832 0.12832 0.12832 0.12832 0.12832 0.12832 0.12832 0.12832
    12    2.775 0.12908 0.12908 0.12908 0.12908 0.12908 0.12908 0.12908 0.12908 0.12908
    12    2.825 0.12983 0.12983 0.12983 0.12983 0.12983 0.12983 0.12983 0.12983 0.12983
    12    2.875 0.13056 0.13056 0.13056 0.13056 0.13056 0.13056 0.13056 0.13056 0.13056
    12    2.925 0.13126 0.13126 0.13126 0.13126 0.13126 0.13126 0.13126 0.13126 0.13126
    12    2.975 0.13195 0.13195 0.13195 0.13195 0.13195 0.13195 0.13195 0.13195 0.13195
    12    3.025 0.13263 0.13263 0.13263 0.13263 0.13263 0.13263 0.13263 0.13263 0.13263
    12    3.075 0.13328 0.13328 0.13328 0.13328 0.13328 0.13328 0.13328 0.13328 0.13328
    12    3.125 0.13392 0.13392 0.13392 0.13392 0.13392 0.13392 0.13392 0.13392 0.13392
    12    3.175 0.13454 0.13454 0.13454 0.13454 0.13454 0.13454 0.13454 0.13454 0.13454
    12    3.225 0.13515 0.13515 0.13515 0.13515 0.13515 0.13515 0.13515 0.13515 0.13515
    12    3.275 0.13574 0.13574 0.13574 0.13574 0.13574 0.13574 0.13574 0.13574 0.13574
    12    3.325 0.13632 0.13632 0.13632 0.13632 0.13632 0.13632 0.13632 0.13632 0.13632
    12    3.375 0.13689 0.13689 0.13689 0.13689 0.13689 0.13689 0.13689 0.13689 0.13689
    12    3.425 0.13744 0.13744 0.13744 0.13744 0.13744 0.13744 0.13744 0.13744 0.13744
    12    3.475 0.13798 0.13798 0.13798 0.13798 0.13798 0.13798 0.13798 0.13798 0.13798
    12    3.525 0.13851 0.13851 0.13851 0.13851 0.13851 0.13851 0.13851 0.13851 0.13851
    12    3.575 0.13903 0.13903 0.13903 0.13903 0.13903 0.13903 0.13903 0.13903 0.13903
    12    3.625 0.13953 0.13953 0.13953 0.13953 0.13953 0.13953 0.13953 0.13953 0.13953
    12    3.675 0.14003 0.14003 0.14003 0.14003 0.14003 0.14003 0.14003 0.14003 0.14003
    12    3.725 0.14051 0.14051 0.14051 0.14051 0.14051 0.14051 0.14051 0.14051 0.14051
    12    3.775 0.14098 0.14098 0.14098 0.14098 0.14098 0.14098 0.14098 0.14098 0.14098
    12    3.825 0.14144 0.14144 0.14144 0.14144 0.14144 0.14144 0.14144 0.14144 0.14144
    12    3.875 0.14190 0.14190 0.14190 0.14190 0.14190 0.14190 0.14190 0.14190 0.14190
    12    3.925 0.14234 0.14234 0.14234 0.14234 0.14234 0.14234 0.14234 0.14234 0.14234
    12    3.975 0.14277 0.14277 0.14277 0.14277 0.14277 0.14277 0.14277 0.14277 0.14277
    12    4.025 0.14320 0.14320 0.14320 0.14320 0.14320 0.14320 0.14320 0.14320 0.14320
    12    4.075 0.14362 0.14362 0.14362 0.14362 0.14362 0.14362 0.14362 0.14362 0.14362
    12    4.125 0.14403 0.14403 0.14403 0.14403 0.14403 0.14403 0.14403 0.14403 0.14403
    12    4.175 0.14443 0.14443 0.14443 0.14443 0.14443 0.14443 0.14443 0.14443 0.14443
    12    4.225 0.14482 0.14482 0.14482 0.14482 0.14482 0.14482 0.14482 0.14482 0.14482
    12    4.275 0.14520 0.14520 0.14520 0.14520 0.14520 0.14520 0.14520 0.14520 0.14520
    12    4.325 0.14558 0.14558 0.14558 0.14558 0.14558 0.14558 0.14558 0.14558 0.14558
    12    4.375 0.14595 0.14595 0.14595 0.14595 0.14595 0.14595 0.14595 0.14595 0.14595
    12    4.425 0.14631 0.14631 0.14631 0.14631 0.14631 0.14631 0.14631 0.14631 0.14631
    12    4.475 0.14667 0.14667 0.14667 0.14667 0.14667 0.14667 0.14667 0.14667 0.14667
    12    4.525 0.14702 0.14702 0.14702 0.14702 0.14702 0.14702 0.14702 0.14702 0.14702
    12    4.575 0.14736 0.14736 0.14736 0.14736 0.14736 0.14736 0.14736 0.14736 0.14736
    12    4.625 0.14770 0.14770 0.14770 0.14770 0.14770 0.14770 0.14770 0.14770 0.14770
    12    4.675 0.14803 0.14803 0.14803 0.14803 0.14803 0.14803 0.14803 0.14803 0.14803
    12    4.725 0.14836 0.14836 0.14836 0.14836 0.14836 0.14836 0.14836 0.14836 0.14836
    12    4.775 0.14868 0.14868 0.14868 0.14868 0.14868 0.14868 0.14868 0.14868 0.14868
    12    4.825 0.14899 0.14899 0.14899 0.14899 0.14899 0.14899 0.14899 0.14899 0.14899
    12    4.875 0.14930 0.14930 0.14930 0.14930 0.14930 0.14930 0.14930 0.14930 0.14930
    12    4.925 0.14960 0.14960 0.14960 0.14960 0.14960 0.14960 0.14960 0.14960 0.14960
    12    4.975 0.14990 0.14990 0.14990 0.14990 0.14990 0.14990 0.14990 0.14990 0.14990
    12    5.025 0.15019 0.15019 0.15019 0.15019 0.15019 0.15019 0.15019 0.15019 0.15019
    12    5.075 0.15048 0.15048 0.15048 0.15048 0.15048 0.15048 0.15048 0.15048 0.15048
    12    5.125 0.15076 0.15076 0.15076 0.15076 0.15076 0.15076 0.15076 0.15076 0.15076
    12    5.175 0.15104 0.15104 0.15104 0.15104 0.15104 0.15104 0.15104 0.15104 0.15104
    12    5.225 0.15131 0.15131 0.15131 0.15131 0.15131 0.15131 0.15131 0.15131 0.15131
    12    5.275 0.15158 0.15158 0.15158 0.15158 0.15158 0.15158 0.15158 0.15158 0.15158
    12    5.325 0.15185 0.15185 0.15185 0.15185 0.15185 0.15185 0.15185 0.15185 0.15185
    12    5.375 0.15211 0.15211 0.15211 0.15211 0.15211 0.15211 0.15211 0.15211 0.15211
    12    5.425 0.15236 0.15236 0.15236 0.15236 0.15236 0.15236 0.15236 0.15236 0.15236
    12    5.475 0.15261 0.15261 0.15261 0.15261 0.15261 0.15261 0.15261 0.15261 0.15261
    12    5.525 0.15286 0.15286 0.15286 0.15286 0.15286 0.15286 0.15286 0.15286 0.15286
    12    5.575 0.15311 0.15311 0.15311 0.15311 0.15311 0.15311 0.15311 0.15311 0.15311
    12    5.625 0.15335 0.15335 0.15335 0.15335 0.15335 0.15335 0.15335 0.15335 0.15335
    12    5.675 0.15359 0.15359 0.15359 0.15359 0.15359 0.15359 0.15359 0.15359 0.15359
    12    5.725 0.15382 0.15382 0.15382 0.15382 0.15382 0.15382 0.15382 0.15382 0.15382
    12    5.775 0.15405 0.15405 0.15405 0.15405 0.15405 0.15405 0.15405 0.15405 0.15405
    12    5.825 0.15428 0.15428 0.15428 0.15428 0.15428 0.15428 0.15428 0.15428 0.15428
    12    5.875 0.15450 0.15450 0.15450 0.15450 0.15450 0.15450 0.15450 0.15450 0.15450
    12    5.925 0.15472 0.15472 0.15472 0.15472 0.15472 0.15472 0.15472 0.15472 0.15472
    12    5.975 0.15493 0.15493 0.15493 0.15493 0.15493 0.15493 0.15493 0.15493 0.15493
    12    6.025 0.15515 0.15515 0.15515 0.15515 0.15515 0.15515 0.15515 0.15515 0.15515
    12    6.075 0.15536 0.15536 0.15536 0.15536 0.15536 0.15536 0.15536 0.15536 0.15536
    12    6.125 0.15556 0.15556 0.15556 0.15556 0.15556 0.15556 0.15556 0.15556 0.15556
    12    6.175 0.15577 0.15577 0.15577 0.15577 0.15577 0.15577 0.15577 0.15577 0.15577
    12    6.225 0.15597 0.15597 0.15597 0.15597 0.15597 0.15597 0.15597 0.15597 0.15597
    12    6.275 0.15617 0.15617 0.15617 0.15617 0.15617 0.15617 0.15617 0.15617 0.15617
    12    6.325 0.15636 0.15636 0.15636 0.15636 0.15636 0.15636 0.15636 0.15636 0.15636
    12    6.375 0.15656 0.15656 0.15656 0.15656 0.15656 0.15656 0.15656 0.15656 0.15656
    12    6.425 0.15675 0.15675 0.15675 0.15675 0.15675 0.15675 0.15675 0.15675 0.15675
    12    6.475 0.15694 0.15694 0.15694 0.15694 0.15694 0.15694 0.15694 0.15694 0.15694
    12    6.525 0.15712 0.15712 0.15712 0.15712 0.15712 0.15712 0.15712 0.15712 0.15712
    12    6.575 0.15730 0.15730 0.15730 0.15730 0.15730 0.15730 0.15730 0.15730 0.15730
    12    6.625 0.15748 0.15748 0.15748 0.15748 0.15748 0.15748 0.15748 0.15748 0.15748
    12    6.675 0.15766 0.15766 0.15766 0.15766 0.15766 0.15766 0.15766 0.15766 0.15766
    12    6.725 0.15784 0.15784 0.15784 0.15784 0.15784 0.15784 0.15784 0.15784 0.15784
    12    6.775 0.15801 0.15801 0.15801 0.15801 0.15801 0.15801 0.15801 0.15801 0.15801
    12    6.825 0.15818 0.15818 0.15818 0.15818 0.15818 0.15818 0.15818 0.15818 0.15818
    12    6.875 0.15835 0.15835 0.15835 0.15835 0.15835 0.15835 0.15835 0.15835 0.15835
    12    6.925 0.15851 0.15851 0.15851 0.15851 0.15851 0.15851 0.15851 0.15851 0.15851
    12    6.975 0.15868 0.15868 0.15868 0.15868 0.15868 0.15868 0.15868 0.15868 0.15868
    12    7.025 0.15884 0.15884 0.15884 0.15884 0.15884 0.15884 0.15884 0.15884 0.15884
    12    7.075 0.15900 0.15900 0.15900 0.15900 0.15900 0.15900 0.15900 0.15900 0.15900
    12    7.125 0.15916 0.15916 0.15916 0.15916 0.15916 0.15916 0.15916 0.15916 0.15916
    12    7.175 0.15932 0.15932 0.15932 0.15932 0.15932 0.15932 0.15932 0.15932 0.15932
    12    7.225 0.15947 0.15947 0.15947 0.15947 0.15947 0.15947 0.15947 0.15947 0.15947
    12    7.275 0.15962 0.15962 0.15962 0.15962 0.15962 0.15962 0.15962 0.15962 0.15962
    12    7.325 0.15977 0.15977 0.15977 0.15977 0.15977 0.15977 0.15977 0.15977 0.15977
    12    7.375 0.15992 0.15992 0.15992 0.15992 0.15992 0.15992 0.15992 0.15992 0.15992
    12    7.425 0.16007 0.16007 0.16007 0.16007 0.16007 0.16007 0.16007 0.16007 0.16007
    12    7.475 0.16021 0.16021 0.16021 0.16021 0.16021 0.16021 0.16021 0.16021 0.16021
    12    7.525 0.16035 0.16035 0.16035 0.16035 0.16035 0.16035 0.16035 0.16035 0.16035
    12    7.575 0.16050 0.16050 0.16050 0.16050 0.16050 0.16050 0.16050 0.16050 0.16050
    12    7.625 0.16064 0.16064 0.16064 0.16064 0.16064 0.16064 0.16064 0.16064 0.16064
    12    7.675 0.16077 0.16077 0.16077 0.16077 0.16077 0.16077 0.16077 0.16077 0.16077
    12    7.725 0.16091 0.16091 0.16091 0.16091 0.16091 0.16091 0.16091 0.16091 0.16091
    12    7.775 0.16105 0.16105 0.16105 0.16105 0.16105 0.16105 0.16105 0.16105 0.16105
    12    7.825 0.16118 0.16118 0.16118 0.16118 0.16118 0.16118 0.16118 0.16118 0.16118
    12    7.875 0.16131 0.16131 0.16131 0.16131 0.16131 0.16131 0.16131 0.16131 0.16131
    12    7.925 0.16144 0.16144 0.16144 0.16144 0.16144 0.16144 0.16144 0.16144 0.16144
    12    7.975 0.16157 0.16157 0.16157 0.16157 0.16157 0.16157 0.16157 0.16157 0.16157
    12    8.025 0.16170 0.16170 0.16170 0.16170 0.16170 0.16170 0.16170 0.16170 0.16170
    12    8.075 0.16182 0.16182 0.16182 0.16182 0.16182 0.16182 0.16182 0.16182 0.16182
    12    8.125 0.16195 0.16195 0.16195 0.16195 0.16195 0.16195 0.16195 0.16195 0.16195
    12    8.175 0.16207 0.16207 0.16207 0.16207 0.16207 0.16207 0.16207 0.16207 0.16207
    12    8.225 0.16219 0.16219 0.16219 0.16219 0.16219 0.16219 0.16219 0.16219 0.16219
    12    8.275 0.16231 0.16231 0.16231 0.16231 0.16231 0.16231 0.16231 0.16231 0.16231
    12    8.325 0.16243 0.16243 0.16243 0.16243 0.16243 0.16243 0.16243 0.16243 0.16243
    12    8.375 0.16255 0.16255 0.16255 0.16255 0.16255 0.16255 0.16255 0.16255 0.16255
    12    8.425 0.16267 0.16267 0.16267 0.16267 0.16267 0.16267 0.16267 0.16267 0.16267
    12    8.475 0.16278 0.16278 0.16278 0.16278 0.16278 0.16278 0.16278 0.16278 0.16278
    12    8.525 0.16289 0.16289 0.16289 0.16289 0.16289 0.16289 0.16289 0.16289 0.16289
    12    8.575 0.16301 0.16301 0.16301 0.16301 0.16301 0.16301 0.16301 0.16301 0.16301
    12    8.625 0.16312 0.16312 0.16312 0.16312 0.16312 0.16312 0.16312 0.16312 0.16312
    12    8.675 0.16323 0.16323 0.16323 0.16323 0.16323 0.16323 0.16323 0.16323 0.16323
    12    8.725 0.16334 0.16334 0.16334 0.16334 0.16334 0.16334 0.16334 0.16334 0.16334
    12    8.775 0.16345 0.16345 0.16345 0.16345 0.16345 0.16345 0.16345 0.16345 0.16345
    12    8.825 0.16356 0.16356 0.16356 0.16356 0.16356 0.16356 0.16356 0.16356 0.16356
    12    8.875 0.16366 0.16366 0.16366 0.16366 0.16366 0.16366 0.16366 0.16366 0.16366
    12    8.925 0.16377 0.16377 0.16377 0.16377 0.16377 0.16377 0.16377 0.16377 0.16377
    12    8.975 0.16387 0.16387 0.16387 0.16387 0.16387 0.16387 0.16387 0.16387 0.16387
    12    9.025 0.16397 0.16397 0.16397 0.16397 0.16397 0.16397 0.16397 0.16397 0.16397
    12    9.075 0.16407 0.16407 0.16407 0.16407 0.16407 0.16407 0.16407 0.16407 0.16407
    12    9.125 0.16418 0.16418 0.16418 0.16418 0.16418 0.16418 0.16418 0.16418 0.16418
    12    9.175 0.16427 0.16427 0.16427 0.16427 0.16427 0.16427 0.16427 0.16427 0.16427
    12    9.225 0.16437 0.16437 0.16437 0.16437 0.16437 0.16437 0.16437 0.16437 0.16437
    12    9.275 0.16447 0.16447 0.16447 0.16447 0.16447 0.16447 0.16447 0.16447 0.16447
    12    9.325 0.16457 0.16457 0.16457 0.16457 0.16457 0.16457 0.16457 0.16457 0.16457
    12    9.375 0.16466 0.16466 0.16466 0.16466 0.16466 0.16466 0.16466 0.16466 0.16466
    12    9.425 0.16476 0.16476 0.16476 0.16476 0.16476 0.16476 0.16476 0.16476 0.16476
    12    9.475 0.16485 0.16485 0.16485 0.16485 0.16485 0.16485 0.16485 0.16485 0.16485
    12    9.525 0.16494 0.16494 0.16494 0.16494 0.16494 0.16494 0.16494 0.16494 0.16494
    12    9.575 0.16504 0.16504 0.16504 0.16504 0.16504 0.16504 0.16504 0.16504 0.16504
    12    9.625 0.16513 0.16513 0.16513 0.16513 0.16513 0.16513 0.16513 0.16513 0.16513
    12    9.675 0.16522 0.16522 0.16522 0.16522 0.16522 0.16522 0.16522 0.16522 0.16522
    12    9.725 0.16531 0.16531 0.16531 0.16531 0.16531 0.16531 0.16531 0.16531 0.16531
    12    9.775 0.16540 0.16540 0.16540 0.16540 0.16540 0.16540 0.16540 0.16540 0.16540
    12    9.825 0.16549 0.16549 0.16549 0.16549 0.16549 0.16549 0.16549 0.16549 0.16549
    12    9.875 0.16557 0.16557 0.16557 0.16557 0.16557 0.16557 0.16557 0.16557 0.16557
    12    9.925 0.16566 0.16566 0.16566 0.16566 0.16566 0.16566 0.16566 0.16566 0.16566
    12    9.975 0.16575 0.16575 0.16575 0.16575 0.16575 0.16575 0.16575 0.16575 0.16575
