1.9	0.613784	0.308061	978.059
1.9	0.613784	0.475715	1068.86
1.9	0.613784	0.608398	1597.18
1.9	0.613784	0.718212	2252.45
1.9	0.613784	0.811893	1985.21
1.9	0.613784	0.89358	1227.35
1.9	0.613784	0.965998	472.14
1.9	0.613784	1.03104	470.254
1.9	0.613784	1.09007	289.033
1.9	0.613784	1.1441	272.764
1.9	0.613784	1.19392	212.438
1.9	0.613784	1.24013	127.817
1.9	0.613784	1.28323	68.7634
1.9	0.613784	1.3236	29.5844
1.9	0.613784	1.36157	14.2789
1.9	0.613784	1.39741	4.7304
1.9	0.613784	1.43135	1.09538
1.9	0.613784	1.46358	0.137294
1.9	0.613784	1.49425	0.000852776
1.9	0.613784	1.52353	0
1.9	0.613784	1.55152	0
1.9	0.613784	1.57833	0
1.9	0.613784	1.60407	0
1.9	0.613784	1.62881	0
1.9	0.613784	1.65262	0
1.9	0.613784	1.67558	0
1.9	0.613784	1.69775	0
1.9	0.613784	1.71917	0
1.9	0.613784	1.7399	0
1.9	0.613784	1.75997	0
1.9	0.613784	1.77944	0
1.9	0.68431	0.308061	1133
1.9	0.68431	0.475715	1258.64
1.9	0.68431	0.608398	1645.77
1.9	0.68431	0.718212	2422.04
1.9	0.68431	0.811893	3007.76
1.9	0.68431	0.89358	2722.5
1.9	0.68431	0.965998	1489.29
1.9	0.68431	1.03104	872.302
1.9	0.68431	1.09007	549.271
1.9	0.68431	1.1441	462.29
1.9	0.68431	1.19392	435.953
1.9	0.68431	1.24013	420.734
1.9	0.68431	1.28323	287.935
1.9	0.68431	1.3236	171.739
1.9	0.68431	1.36157	97.0371
1.9	0.68431	1.39741	51.1087
1.9	0.68431	1.43135	21.7613
1.9	0.68431	1.46358	8.71149
1.9	0.68431	1.49425	2.13859
1.9	0.68431	1.52353	0.0893494
1.9	0.68431	1.55152	0
1.9	0.68431	1.57833	0
1.9	0.68431	1.60407	0
1.9	0.68431	1.62881	0
1.9	0.68431	1.65262	0
1.9	0.68431	1.67558	0
1.9	0.68431	1.69775	0
1.9	0.68431	1.71917	0
1.9	0.68431	1.7399	0
1.9	0.68431	1.75997	0
1.9	0.68431	1.77944	0
1.9	0.728431	0.308061	1241.17
1.9	0.728431	0.475715	1420.72
1.9	0.728431	0.608398	1703.53
1.9	0.728431	0.718212	2557.81
1.9	0.728431	0.811893	3208.61
1.9	0.728431	0.89358	3664.41
1.9	0.728431	0.965998	3327.5
1.9	0.728431	1.03104	1685.84
1.9	0.728431	1.09007	926.809
1.9	0.728431	1.1441	636.312
1.9	0.728431	1.19392	698.874
1.9	0.728431	1.24013	687.476
1.9	0.728431	1.28323	613.797
1.9	0.728431	1.3236	465.043
1.9	0.728431	1.36157	289.367
1.9	0.728431	1.39741	169.287
1.9	0.728431	1.43135	91.976
1.9	0.728431	1.46358	44.2809
1.9	0.728431	1.49425	19.4356
1.9	0.728431	1.52353	7.51171
1.9	0.728431	1.55152	1.79905
1.9	0.728431	1.57833	0.0382122
1.9	0.728431	1.60407	0
1.9	0.728431	1.62881	0
1.9	0.728431	1.65262	0
1.9	0.728431	1.67558	0
1.9	0.728431	1.69775	0
1.9	0.728431	1.71917	0
1.9	0.728431	1.7399	0
1.9	0.728431	1.75997	0
1.9	0.728431	1.77944	0
1.9	0.760619	0.308061	1317.12
1.9	0.760619	0.475715	1543.71
1.9	0.760619	0.608398	1780.52
1.9	0.760619	0.718212	2570.05
1.9	0.760619	0.811893	3370.41
1.9	0.760619	0.89358	4162.3
1.9	0.760619	0.965998	4349.19
1.9	0.760619	1.03104	3069.12
1.9	0.760619	1.09007	1553.82
1.9	0.760619	1.1441	1114.05
1.9	0.760619	1.19392	1067.35
1.9	0.760619	1.24013	1189.17
1.9	0.760619	1.28323	892.844
1.9	0.760619	1.3236	804.898
1.9	0.760619	1.36157	641.248
1.9	0.760619	1.39741	417.188
1.9	0.760619	1.43135	233.732
1.9	0.760619	1.46358	127.855
1.9	0.760619	1.49425	65.7763
1.9	0.760619	1.52353	30.6352
1.9	0.760619	1.55152	13.765
1.9	0.760619	1.57833	4.13913
1.9	0.760619	1.60407	0.584266
1.9	0.760619	1.62881	0
1.9	0.760619	1.65262	0
1.9	0.760619	1.67558	0
1.9	0.760619	1.69775	0
1.9	0.760619	1.71917	0
1.9	0.760619	1.7399	0
1.9	0.760619	1.75997	0
1.9	0.760619	1.77944	0
1.9	0.785972	0.308061	1379.59
1.9	0.785972	0.475715	1638.63
1.9	0.785972	0.608398	1863.18
1.9	0.785972	0.718212	2589.64
1.9	0.785972	0.811893	3439.09
1.9	0.785972	0.89358	4422.12
1.9	0.785972	0.965998	5386.79
1.9	0.785972	1.03104	4817.09
1.9	0.785972	1.09007	3174.27
1.9	0.785972	1.1441	2069.34
1.9	0.785972	1.19392	1676.69
1.9	0.785972	1.24013	1565.87
1.9	0.785972	1.28323	1532.35
1.9	0.785972	1.3236	1108.93
1.9	0.785972	1.36157	1055.47
1.9	0.785972	1.39741	785.47
1.9	0.785972	1.43135	525.43
1.9	0.785972	1.46358	289.354
1.9	0.785972	1.49425	160.393
1.9	0.785972	1.52353	86.2917
1.9	0.785972	1.55152	40.9324
1.9	0.785972	1.57833	18.214
1.9	0.785972	1.60407	7.29739
1.9	0.785972	1.62881	1.33612
1.9	0.785972	1.65262	0.00887849
1.9	0.785972	1.67558	0
1.9	0.785972	1.69775	0
1.9	0.785972	1.71917	0
1.9	0.785972	1.7399	0
1.9	0.785972	1.75997	0
1.9	0.785972	1.77944	0
1.9	0.806892	0.308061	1422.12
1.9	0.806892	0.475715	1710.64
1.9	0.806892	0.608398	1946.79
1.9	0.806892	0.718212	2586.25
1.9	0.806892	0.811893	3337.11
1.9	0.806892	0.89358	4594.99
1.9	0.806892	0.965998	5768.28
1.9	0.806892	1.03104	6138.77
1.9	0.806892	1.09007	4808.58
1.9	0.806892	1.1441	2801.65
1.9	0.806892	1.19392	2349.27
1.9	0.806892	1.24013	2351.71
1.9	0.806892	1.28323	2060.82
1.9	0.806892	1.3236	1723.16
1.9	0.806892	1.36157	1633.2
1.9	0.806892	1.39741	1183.04
1.9	0.806892	1.43135	897.139
1.9	0.806892	1.46358	609.131
1.9	0.806892	1.49425	345.668
1.9	0.806892	1.52353	188.142
1.9	0.806892	1.55152	99.5465
1.9	0.806892	1.57833	47.811
1.9	0.806892	1.60407	23.402
1.9	0.806892	1.62881	8.77545
1.9	0.806892	1.65262	1.83516
1.9	0.806892	1.67558	0.0235232
1.9	0.806892	1.69775	0
1.9	0.806892	1.71917	0
1.9	0.806892	1.7399	0
1.9	0.806892	1.75997	0
1.9	0.806892	1.77944	0
1.9	0.8247	0.308061	1453
1.9	0.8247	0.475715	1771.83
1.9	0.8247	0.608398	2031.3
1.9	0.8247	0.718212	2589.52
1.9	0.8247	0.811893	3251.45
1.9	0.8247	0.89358	4716.38
1.9	0.8247	0.965998	6170.86
1.9	0.8247	1.03104	7132.35
1.9	0.8247	1.09007	6542.89
1.9	0.8247	1.1441	4744.86
1.9	0.8247	1.19392	3547.33
1.9	0.8247	1.24013	3063.21
1.9	0.8247	1.28323	2979.93
1.9	0.8247	1.3236	2588.17
1.9	0.8247	1.36157	2486.66
1.9	0.8247	1.39741	1627.05
1.9	0.8247	1.43135	1297.37
1.9	0.8247	1.46358	1004.53
1.9	0.8247	1.49425	690.042
1.9	0.8247	1.52353	387.215
1.9	0.8247	1.55152	209.153
1.9	0.8247	1.57833	107.35
1.9	0.8247	1.60407	52.8977
1.9	0.8247	1.62881	25.087
1.9	0.8247	1.65262	9.50393
1.9	0.8247	1.67558	2.01809
1.9	0.8247	1.69775	0.0333912
1.9	0.8247	1.71917	0
1.9	0.8247	1.7399	0
1.9	0.8247	1.75997	0
1.9	0.8247	1.77944	0
1.9	0.840204	0.308061	1474.55
1.9	0.840204	0.475715	1820.98
1.9	0.840204	0.608398	2123.86
1.9	0.840204	0.718212	2627.02
1.9	0.840204	0.811893	3244.43
1.9	0.840204	0.89358	4723.28
1.9	0.840204	0.965998	6435.9
1.9	0.840204	1.03104	7698.23
1.9	0.840204	1.09007	8271.17
1.9	0.840204	1.1441	6720.92
1.9	0.840204	1.19392	4921.64
1.9	0.840204	1.24013	4042.16
1.9	0.840204	1.28323	3836.1
1.9	0.840204	1.3236	3152.74
1.9	0.840204	1.36157	3700.78
1.9	0.840204	1.39741	2394.78
1.9	0.840204	1.43135	1709.57
1.9	0.840204	1.46358	1438.75
1.9	0.840204	1.49425	1121.48
1.9	0.840204	1.52353	745.017
1.9	0.840204	1.55152	409.116
1.9	0.840204	1.57833	218.412
1.9	0.840204	1.60407	109.992
1.9	0.840204	1.62881	54.1204
1.9	0.840204	1.65262	24.3945
1.9	0.840204	1.67558	9.02392
1.9	0.840204	1.69775	1.65456
1.9	0.840204	1.71917	0.00967717
1.9	0.840204	1.7399	0
1.9	0.840204	1.75997	0
1.9	0.840204	1.77944	0
1.9	0.853931	0.308061	1485.83
1.9	0.853931	0.475715	1863.34
1.9	0.853931	0.608398	2217.45
1.9	0.853931	0.718212	2675.3
1.9	0.853931	0.811893	3212.76
1.9	0.853931	0.89358	4635.43
1.9	0.853931	0.965998	6648.38
1.9	0.853931	1.03104	8198.54
1.9	0.853931	1.09007	9162.91
1.9	0.853931	1.1441	8525.29
1.9	0.853931	1.19392	6910.27
1.9	0.853931	1.24013	5344.47
1.9	0.853931	1.28323	4659.27
1.9	0.853931	1.3236	3927.95
1.9	0.853931	1.36157	4825.01
1.9	0.853931	1.39741	3386.3
1.9	0.853931	1.43135	2429.69
1.9	0.853931	1.46358	1911.95
1.9	0.853931	1.49425	1597.34
1.9	0.853931	1.52353	1215.99
1.9	0.853931	1.55152	777.601
1.9	0.853931	1.57833	412.375
1.9	0.853931	1.60407	219.827
1.9	0.853931	1.62881	106.27
1.9	0.853931	1.65262	50.26
1.9	0.853931	1.67558	22.6587
1.9	0.853931	1.69775	7.3146
1.9	0.853931	1.71917	1.00736
1.9	0.853931	1.7399	0.000472569
1.9	0.853931	1.75997	0
1.9	0.853931	1.77944	0
1.9	0.866248	0.308061	1490.28
1.9	0.866248	0.475715	1895.58
1.9	0.866248	0.608398	2297.77
1.9	0.866248	0.718212	2725.36
1.9	0.866248	0.811893	3209.73
1.9	0.866248	0.89358	4550.65
1.9	0.866248	0.965998	6786.42
1.9	0.866248	1.03104	8519.6
1.9	0.866248	1.09007	9908.49
1.9	0.866248	1.1441	10243
1.9	0.866248	1.19392	8918.49
1.9	0.866248	1.24013	7135.49
1.9	0.866248	1.28323	5903.93
1.9	0.866248	1.3236	4989.86
1.9	0.866248	1.36157	5824.52
1.9	0.866248	1.39741	4458.33
1.9	0.866248	1.43135	3354.89
1.9	0.866248	1.46358	2571.32
1.9	0.866248	1.49425	2109.8
1.9	0.866248	1.52353	1748.53
1.9	0.866248	1.55152	1314.43
1.9	0.866248	1.57833	779.453
1.9	0.866248	1.60407	396.946
1.9	0.866248	1.62881	206.163
1.9	0.866248	1.65262	96.2483
1.9	0.866248	1.67558	44.2822
1.9	0.866248	1.69775	18.663
1.9	0.866248	1.71917	4.97719
1.9	0.866248	1.7399	0.382582
1.9	0.866248	1.75997	0
1.9	0.866248	1.77944	0
1.9	0.877418	0.308061	1485.58
1.9	0.877418	0.475715	1915.81
1.9	0.877418	0.608398	2376.9
1.9	0.877418	0.718212	2805.2
1.9	0.877418	0.811893	3245.3
1.9	0.877418	0.89358	4468.98
1.9	0.877418	0.965998	6779.8
1.9	0.877418	1.03104	8769.61
1.9	0.877418	1.09007	10504
1.9	0.877418	1.1441	11303.8
1.9	0.877418	1.19392	10893
1.9	0.877418	1.24013	9046.75
1.9	0.877418	1.28323	7346.1
1.9	0.877418	1.3236	6006.71
1.9	0.877418	1.36157	6823.84
1.9	0.877418	1.39741	5392.35
1.9	0.877418	1.43135	4287.02
1.9	0.877418	1.46358	3832.99
1.9	0.877418	1.49425	2882.85
1.9	0.877418	1.52353	2329.19
1.9	0.877418	1.55152	1945.67
1.9	0.877418	1.57833	1362.31
1.9	0.877418	1.60407	753.451
1.9	0.877418	1.62881	362.335
1.9	0.877418	1.65262	179.594
1.9	0.877418	1.67558	81.1178
1.9	0.877418	1.69775	36.9499
1.9	0.877418	1.71917	13.472
1.9	0.877418	1.7399	2.67643
1.9	0.877418	1.75997	0.0379739
1.9	0.877418	1.77944	0
1.9	0.887635	0.308061	1472.52
1.9	0.887635	0.475715	1926.48
1.9	0.887635	0.608398	2441.37
1.9	0.887635	0.718212	2887.74
1.9	0.887635	0.811893	3292
1.9	0.887635	0.89358	4447.06
1.9	0.887635	0.965998	6726.99
1.9	0.887635	1.03104	8920.83
1.9	0.887635	1.09007	10865
1.9	0.887635	1.1441	12286.4
1.9	0.887635	1.19392	12687.2
1.9	0.887635	1.24013	11114.4
1.9	0.887635	1.28323	9308.76
1.9	0.887635	1.3236	7546.27
1.9	0.887635	1.36157	7858.91
1.9	0.887635	1.39741	6296.83
1.9	0.887635	1.43135	5342.18
1.9	0.887635	1.46358	5041.87
1.9	0.887635	1.49425	4213.14
1.9	0.887635	1.52353	3235.96
1.9	0.887635	1.55152	2668.26
1.9	0.887635	1.57833	2063.62
1.9	0.887635	1.60407	1346.25
1.9	0.887635	1.62881	687.342
1.9	0.887635	1.65262	315.128
1.9	0.887635	1.67558	145.917
1.9	0.887635	1.69775	66.332
1.9	0.887635	1.71917	27.4637
1.9	0.887635	1.7399	7.89002
1.9	0.887635	1.75997	0.809734
1.9	0.887635	1.77944	0
1.9	0.897051	0.308061	1461.45
1.9	0.897051	0.475715	1928.28
1.9	0.897051	0.608398	2492.44
1.9	0.897051	0.718212	2964.89
1.9	0.897051	0.811893	3341.06
1.9	0.897051	0.89358	4451.07
1.9	0.897051	0.965998	6675.87
1.9	0.897051	1.03104	8958.29
1.9	0.897051	1.09007	11100.5
1.9	0.897051	1.1441	13058
1.9	0.897051	1.19392	14171.5
1.9	0.897051	1.24013	13503.6
1.9	0.897051	1.28323	11124.7
1.9	0.897051	1.3236	9462.76
1.9	0.897051	1.36157	8990.34
1.9	0.897051	1.39741	7433.88
1.9	0.897051	1.43135	6436.55
1.9	0.897051	1.46358	6208.81
1.9	0.897051	1.49425	5647.36
1.9	0.897051	1.52353	4883.05
1.9	0.897051	1.55152	3743.15
1.9	0.897051	1.57833	2897.65
1.9	0.897051	1.60407	2088.05
1.9	0.897051	1.62881	1248.36
1.9	0.897051	1.65262	579.832
1.9	0.897051	1.67558	256.085
1.9	0.897051	1.69775	113.969
1.9	0.897051	1.71917	47.2213
1.9	0.897051	1.7399	15.9024
1.9	0.897051	1.75997	2.49918
1.9	0.897051	1.77944	0
1.9	0.905781	0.308061	1449.19
1.9	0.905781	0.475715	1921.95
1.9	0.905781	0.608398	2527.71
1.9	0.905781	0.718212	3047.34
1.9	0.905781	0.811893	3398.56
1.9	0.905781	0.89358	4470.76
1.9	0.905781	0.965998	6627.64
1.9	0.905781	1.03104	8864.97
1.9	0.905781	1.09007	11171.6
1.9	0.905781	1.1441	13553.6
1.9	0.905781	1.19392	15498
1.9	0.905781	1.24013	15566.5
1.9	0.905781	1.28323	13508.4
1.9	0.905781	1.3236	11368.7
1.9	0.905781	1.36157	10314
1.9	0.905781	1.39741	8480.68
1.9	0.905781	1.43135	7363.37
1.9	0.905781	1.46358	7331.46
1.9	0.905781	1.49425	7213
1.9	0.905781	1.52353	6657.17
1.9	0.905781	1.55152	5617.98
1.9	0.905781	1.57833	4115.96
1.9	0.905781	1.60407	2973.29
1.9	0.905781	1.62881	1983.37
1.9	0.905781	1.65262	1071.02
1.9	0.905781	1.67558	452.099
1.9	0.905781	1.69775	193.672
1.9	0.905781	1.71917	76.0768
1.9	0.905781	1.7399	25.3787
1.9	0.905781	1.75997	3.66779
1.9	0.905781	1.77944	0
1.9	0.913918	0.308061	1431.05
1.9	0.913918	0.475715	1905.52
1.9	0.913918	0.608398	2573.2
1.9	0.913918	0.718212	3119.89
1.9	0.913918	0.811893	3458.06
1.9	0.913918	0.89358	4502.24
1.9	0.913918	0.965998	6565.49
1.9	0.913918	1.03104	8669.95
1.9	0.913918	1.09007	11098.2
1.9	0.913918	1.1441	13865.9
1.9	0.913918	1.19392	16535.8
1.9	0.913918	1.24013	17573.7
1.9	0.913918	1.28323	16192.6
1.9	0.913918	1.3236	13321.9
1.9	0.913918	1.36157	12209
1.9	0.913918	1.39741	9944.42
1.9	0.913918	1.43135	8786.13
1.9	0.913918	1.46358	8649.53
1.9	0.913918	1.49425	8558.91
1.9	0.913918	1.52353	8470.17
1.9	0.913918	1.55152	8046.91
1.9	0.913918	1.57833	5875.95
1.9	0.913918	1.60407	4181.97
1.9	0.913918	1.62881	2895.5
1.9	0.913918	1.65262	1781.77
1.9	0.913918	1.67558	847.341
1.9	0.913918	1.69775	324.196
1.9	0.913918	1.71917	124.902
1.9	0.913918	1.7399	38.791
1.9	0.913918	1.75997	5.38794
1.9	0.913918	1.77944	0
1.9	0.921539	0.308061	1407.59
1.9	0.921539	0.475715	1887.09
1.9	0.921539	0.608398	2599.58
1.9	0.921539	0.718212	3182.33
1.9	0.921539	0.811893	3495.65
1.9	0.921539	0.89358	4549.3
1.9	0.921539	0.965998	6488.35
1.9	0.921539	1.03104	8436.83
1.9	0.921539	1.09007	10915.8
1.9	0.921539	1.1441	13941.8
1.9	0.921539	1.19392	17290.7
1.9	0.921539	1.24013	19322.2
1.9	0.921539	1.28323	18807
1.9	0.921539	1.3236	16028.9
1.9	0.921539	1.36157	13628.5
1.9	0.921539	1.39741	11959.6
1.9	0.921539	1.43135	10163.4
1.9	0.921539	1.46358	9838.21
1.9	0.921539	1.49425	9866.18
1.9	0.921539	1.52353	10363.4
1.9	0.921539	1.55152	10609.3
1.9	0.921539	1.57833	8720.57
1.9	0.921539	1.60407	5886.36
1.9	0.921539	1.62881	4027.56
1.9	0.921539	1.65262	2761.59
1.9	0.921539	1.67558	1504.03
1.9	0.921539	1.69775	598.915
1.9	0.921539	1.71917	203.329
1.9	0.921539	1.7399	61.9758
1.9	0.921539	1.75997	8.19022
1.9	0.921539	1.77944	0
1.9	0.928704	0.308061	1382.76
1.9	0.928704	0.475715	1862.18
1.9	0.928704	0.608398	2607.7
1.9	0.928704	0.718212	3231.49
1.9	0.928704	0.811893	3570.26
1.9	0.928704	0.89358	4588.88
1.9	0.928704	0.965998	6410.64
1.9	0.928704	1.03104	8168.01
1.9	0.928704	1.09007	10568.9
1.9	0.928704	1.1441	13816.9
1.9	0.928704	1.19392	17762.5
1.9	0.928704	1.24013	20749.5
1.9	0.928704	1.28323	21366.1
1.9	0.928704	1.3236	19013.3
1.9	0.928704	1.36157	15781.5
1.9	0.928704	1.39741	13952.1
1.9	0.928704	1.43135	11961.7
1.9	0.928704	1.46358	11458.1
1.9	0.928704	1.49425	11469.3
1.9	0.928704	1.52353	12285.7
1.9	0.928704	1.55152	13247
1.9	0.928704	1.57833	11619.6
1.9	0.928704	1.60407	8965.05
1.9	0.928704	1.62881	5734.75
1.9	0.928704	1.65262	3944.14
1.9	0.928704	1.67558	2468.91
1.9	0.928704	1.69775	1127.79
1.9	0.928704	1.71917	350.17
1.9	0.928704	1.7399	102.589
1.9	0.928704	1.75997	13.493
1.9	0.928704	1.77944	0
1.9	0.935466	0.308061	1354.16
1.9	0.935466	0.475715	1828.21
1.9	0.935466	0.608398	2612.34
1.9	0.935466	0.718212	3260.03
1.9	0.935466	0.811893	3652.9
1.9	0.935466	0.89358	4629.3
1.9	0.935466	0.965998	6347.33
1.9	0.935466	1.03104	7889.65
1.9	0.935466	1.09007	10125.2
1.9	0.935466	1.1441	13550.7
1.9	0.935466	1.19392	17870.1
1.9	0.935466	1.24013	21839.3
1.9	0.935466	1.28323	23589.2
1.9	0.935466	1.3236	22154.6
1.9	0.935466	1.36157	18730.9
1.9	0.935466	1.39741	15822.1
1.9	0.935466	1.43135	14227.1
1.9	0.935466	1.46358	13095.1
1.9	0.935466	1.49425	13225.3
1.9	0.935466	1.52353	13989.4
1.9	0.935466	1.55152	15552.5
1.9	0.935466	1.57833	14788.3
1.9	0.935466	1.60407	12295.9
1.9	0.935466	1.62881	8354.75
1.9	0.935466	1.65262	5562.67
1.9	0.935466	1.67558	3676.23
1.9	0.935466	1.69775	1987.05
1.9	0.935466	1.71917	685.723
1.9	0.935466	1.7399	165.896
1.9	0.935466	1.75997	25.2715
1.9	0.935466	1.77944	0
1.9	0.941866	0.308061	1325.25
1.9	0.941866	0.475715	1784.98
1.9	0.941866	0.608398	2598.01
1.9	0.941866	0.718212	3269.73
1.9	0.941866	0.811893	3713.69
1.9	0.941866	0.89358	4640.45
1.9	0.941866	0.965998	6276.87
1.9	0.941866	1.03104	7579.52
1.9	0.941866	1.09007	9634.54
1.9	0.941866	1.1441	13092.9
1.9	0.941866	1.19392	17750.7
1.9	0.941866	1.24013	22485.7
1.9	0.941866	1.28323	25489.6
1.9	0.941866	1.3236	25248.8
1.9	0.941866	1.36157	21988.2
1.9	0.941866	1.39741	18325.9
1.9	0.941866	1.43135	15998.2
1.9	0.941866	1.46358	15074.3
1.9	0.941866	1.49425	14841.6
1.9	0.941866	1.52353	16183.6
1.9	0.941866	1.55152	17941.5
1.9	0.941866	1.57833	17943.8
1.9	0.941866	1.60407	16091.9
1.9	0.941866	1.62881	11998.6
1.9	0.941866	1.65262	7767.59
1.9	0.941866	1.67558	5153.07
1.9	0.941866	1.69775	3218.52
1.9	0.941866	1.71917	1300.95
1.9	0.941866	1.7399	294.713
1.9	0.941866	1.75997	39.1532
1.9	0.941866	1.77944	0
1.9	0.947943	0.308061	1292.74
1.9	0.947943	0.475715	1732.1
1.9	0.947943	0.608398	2574.77
1.9	0.947943	0.718212	3257.74
1.9	0.947943	0.811893	3756.32
1.9	0.947943	0.89358	4634.43
1.9	0.947943	0.965998	6195.52
1.9	0.947943	1.03104	7278.81
1.9	0.947943	1.09007	9137.12
1.9	0.947943	1.1441	12453
1.9	0.947943	1.19392	17430.5
1.9	0.947943	1.24013	22697.2
1.9	0.947943	1.28323	26938.3
1.9	0.947943	1.3236	28057.1
1.9	0.947943	1.36157	25590
1.9	0.947943	1.39741	21363.7
1.9	0.947943	1.43135	18047.8
1.9	0.947943	1.46358	16722
1.9	0.947943	1.49425	16590.8
1.9	0.947943	1.52353	17876.6
1.9	0.947943	1.55152	20509.6
1.9	0.947943	1.57833	20576.6
1.9	0.947943	1.60407	19706.9
1.9	0.947943	1.62881	16446.1
1.9	0.947943	1.65262	11582.5
1.9	0.947943	1.67558	7197.72
1.9	0.947943	1.69775	5005.02
1.9	0.947943	1.71917	2261.78
1.9	0.947943	1.7399	595.649
1.9	0.947943	1.75997	51.0972
1.9	0.947943	1.77944	0
1.9	0.953726	0.308061	1257.17
1.9	0.953726	0.475715	1681.85
1.9	0.953726	0.608398	2532.68
1.9	0.953726	0.718212	3223.5
1.9	0.953726	0.811893	3771.24
1.9	0.953726	0.89358	4614.61
1.9	0.953726	0.965998	6099.23
1.9	0.953726	1.03104	6975.37
1.9	0.953726	1.09007	8600.5
1.9	0.953726	1.1441	11713.5
1.9	0.953726	1.19392	16807.2
1.9	0.953726	1.24013	22662.5
1.9	0.953726	1.28323	27834.6
1.9	0.953726	1.3236	30466.6
1.9	0.953726	1.36157	29206.2
1.9	0.953726	1.39741	24860.5
1.9	0.953726	1.43135	20632.8
1.9	0.953726	1.46358	18379.2
1.9	0.953726	1.49425	18043.5
1.9	0.953726	1.52353	19717.5
1.9	0.953726	1.55152	22727
1.9	0.953726	1.57833	23706.4
1.9	0.953726	1.60407	23058.7
1.9	0.953726	1.62881	21782.7
1.9	0.953726	1.65262	16645.3
1.9	0.953726	1.67558	10323
1.9	0.953726	1.69775	7529.46
1.9	0.953726	1.71917	3627.16
1.9	0.953726	1.7399	1201.66
1.9	0.953726	1.75997	111.173
1.9	0.953726	1.77944	0
1.9	0.959244	0.308061	1217.57
1.9	0.959244	0.475715	1637.6
1.9	0.959244	0.608398	2475.95
1.9	0.959244	0.718212	3156.46
1.9	0.959244	0.811893	3766.91
1.9	0.959244	0.89358	4580.22
1.9	0.959244	0.965998	5965.76
1.9	0.959244	1.03104	6682.46
1.9	0.959244	1.09007	8051.63
1.9	0.959244	1.1441	10930
1.9	0.959244	1.19392	15992.8
1.9	0.959244	1.24013	22270.1
1.9	0.959244	1.28323	28279.5
1.9	0.959244	1.3236	32247.6
1.9	0.959244	1.36157	32603.5
1.9	0.959244	1.39741	28784.9
1.9	0.959244	1.43135	23704.5
1.9	0.959244	1.46358	20297.4
1.9	0.959244	1.49425	19344.7
1.9	0.959244	1.52353	21118.7
1.9	0.959244	1.55152	25028.3
1.9	0.959244	1.57833	26343.2
1.9	0.959244	1.60407	26352.8
1.9	0.959244	1.62881	26463.1
1.9	0.959244	1.65262	23384.4
1.9	0.959244	1.67558	15151.5
1.9	0.959244	1.69775	10971.7
1.9	0.959244	1.71917	5439.26
1.9	0.959244	1.7399	2188.57
1.9	0.959244	1.75997	337.65
1.9	0.959244	1.77944	0
1.9	0.964519	0.308061	1181.71
1.9	0.964519	0.475715	1603.48
1.9	0.964519	0.608398	2399.17
1.9	0.964519	0.718212	3091.67
1.9	0.964519	0.811893	3728.28
1.9	0.964519	0.89358	4525.55
1.9	0.964519	0.965998	5803.85
1.9	0.964519	1.03104	6378.38
1.9	0.964519	1.09007	7523.84
1.9	0.964519	1.1441	10113.3
1.9	0.964519	1.19392	15028.8
1.9	0.964519	1.24013	21537.3
1.9	0.964519	1.28323	28253
1.9	0.964519	1.3236	33495.3
1.9	0.964519	1.36157	35498.5
1.9	0.964519	1.39741	32844.4
1.9	0.964519	1.43135	27303
1.9	0.964519	1.46358	22639.8
1.9	0.964519	1.49425	20653.5
1.9	0.964519	1.52353	21932.9
1.9	0.964519	1.55152	27018.4
1.9	0.964519	1.57833	28885.6
1.9	0.964519	1.60407	29101.7
1.9	0.964519	1.62881	29004.7
1.9	0.964519	1.65262	30300.8
1.9	0.964519	1.67558	22010.1
1.9	0.964519	1.69775	16122
1.9	0.964519	1.71917	7786.01
1.9	0.964519	1.7399	3575.36
1.9	0.964519	1.75997	768.09
1.9	0.964519	1.77944	0
1.9	0.969572	0.308061	1151.13
1.9	0.969572	0.475715	1555.17
1.9	0.969572	0.608398	2301.83
1.9	0.969572	0.718212	3002.61
1.9	0.969572	0.811893	3657.84
1.9	0.969572	0.89358	4525.77
1.9	0.969572	0.965998	5628.44
1.9	0.969572	1.03104	6071.46
1.9	0.969572	1.09007	7033.79
1.9	0.969572	1.1441	9320.9
1.9	0.969572	1.19392	13937.6
1.9	0.969572	1.24013	20556.8
1.9	0.969572	1.28323	27661.2
1.9	0.969572	1.3236	34117.4
1.9	0.969572	1.36157	37702.4
1.9	0.969572	1.39741	36667.1
1.9	0.969572	1.43135	31425.1
1.9	0.969572	1.46358	25596.8
1.9	0.969572	1.49425	22123.4
1.9	0.969572	1.52353	22517.6
1.9	0.969572	1.55152	26816.6
1.9	0.969572	1.57833	31767.2
1.9	0.969572	1.60407	32369.2
1.9	0.969572	1.62881	30762
1.9	0.969572	1.65262	34326.1
1.9	0.969572	1.67558	30666.2
1.9	0.969572	1.69775	23748.1
1.9	0.969572	1.71917	11001.4
1.9	0.969572	1.7399	5289.02
1.9	0.969572	1.75997	1271.13
1.9	0.969572	1.77944	0
1.9	0.97442	0.308061	1113.91
1.9	0.97442	0.475715	1493.35
1.9	0.97442	0.608398	2183.21
1.9	0.97442	0.718212	2895.42
1.9	0.97442	0.811893	3548.55
1.9	0.97442	0.89358	4467.42
1.9	0.97442	0.965998	5418.14
1.9	0.97442	1.03104	5743.69
1.9	0.97442	1.09007	6576.21
1.9	0.97442	1.1441	8609.91
1.9	0.97442	1.19392	12839.4
1.9	0.97442	1.24013	19262.2
1.9	0.97442	1.28323	26717.1
1.9	0.97442	1.3236	33956.2
1.9	0.97442	1.36157	39152.8
1.9	0.97442	1.39741	39897.2
1.9	0.97442	1.43135	35658.2
1.9	0.97442	1.46358	29142
1.9	0.97442	1.49425	24216.8
1.9	0.97442	1.52353	23040.8
1.9	0.97442	1.55152	26801.2
1.9	0.97442	1.57833	31356.4
1.9	0.97442	1.60407	35805.3
1.9	0.97442	1.62881	34174
1.9	0.97442	1.65262	36251.2
1.9	0.97442	1.67558	36876.2
1.9	0.97442	1.69775	34058.1
1.9	0.97442	1.71917	16578.6
1.9	0.97442	1.7399	7395.17
1.9	0.97442	1.75997	1903.56
1.9	0.97442	1.77944	0
1.9	0.97908	0.308061	1070.23
1.9	0.97908	0.475715	1416.31
1.9	0.97908	0.608398	2064.96
1.9	0.97908	0.718212	2763.8
1.9	0.97908	0.811893	3416.58
1.9	0.97908	0.89358	4347.44
1.9	0.97908	0.965998	5176.29
1.9	0.97908	1.03104	5449.15
1.9	0.97908	1.09007	6159.07
1.9	0.97908	1.1441	7969.59
1.9	0.97908	1.19392	11746.9
1.9	0.97908	1.24013	17722.2
1.9	0.97908	1.28323	25293.9
1.9	0.97908	1.3236	33057.4
1.9	0.97908	1.36157	39623.9
1.9	0.97908	1.39741	42380.9
1.9	0.97908	1.43135	39679.1
1.9	0.97908	1.46358	33026.2
1.9	0.97908	1.49425	26833.2
1.9	0.97908	1.52353	24107.3
1.9	0.97908	1.55152	26482
1.9	0.97908	1.57833	30899.5
1.9	0.97908	1.60407	36146.4
1.9	0.97908	1.62881	38809.3
1.9	0.97908	1.65262	39961.5
1.9	0.97908	1.67558	39327
1.9	0.97908	1.69775	44398.8
1.9	0.97908	1.71917	25107.7
1.9	0.97908	1.7399	10521.9
1.9	0.97908	1.75997	2920.31
1.9	0.97908	1.77944	0
1.9	0.983566	0.308061	1020.22
1.9	0.983566	0.475715	1326.54
1.9	0.983566	0.608398	1928.39
1.9	0.983566	0.718212	2602.3
1.9	0.983566	0.811893	3255.5
1.9	0.983566	0.89358	4170.6
1.9	0.983566	0.965998	4908.09
1.9	0.983566	1.03104	5174.51
1.9	0.983566	1.09007	5742.14
1.9	0.983566	1.1441	7326.98
1.9	0.983566	1.19392	10711
1.9	0.983566	1.24013	16195.2
1.9	0.983566	1.28323	23305.1
1.9	0.983566	1.3236	31291.3
1.9	0.983566	1.36157	38962.1
1.9	0.983566	1.39741	43702
1.9	0.983566	1.43135	43001.6
1.9	0.983566	1.46358	36959.9
1.9	0.983566	1.49425	29811.1
1.9	0.983566	1.52353	25838.8
1.9	0.983566	1.55152	26565.2
1.9	0.983566	1.57833	30254
1.9	0.983566	1.60407	35922.7
1.9	0.983566	1.62881	40505.8
1.9	0.983566	1.65262	47023.7
1.9	0.983566	1.67558	42882.3
1.9	0.983566	1.69775	50744.6
1.9	0.983566	1.71917	36112.3
1.9	0.983566	1.7399	16169.4
1.9	0.983566	1.75997	4510.82
1.9	0.983566	1.77944	0
1.9	0.98789	0.308061	963.095
1.9	0.98789	0.475715	1223.46
1.9	0.98789	0.608398	1766.79
1.9	0.98789	0.718212	2440.46
1.9	0.98789	0.811893	3063.34
1.9	0.98789	0.89358	3926.73
1.9	0.98789	0.965998	4597.31
1.9	0.98789	1.03104	4820.46
1.9	0.98789	1.09007	5344.1
1.9	0.98789	1.1441	6744.47
1.9	0.98789	1.19392	9816.66
1.9	0.98789	1.24013	14614.9
1.9	0.98789	1.28323	20835.6
1.9	0.98789	1.3236	28590.5
1.9	0.98789	1.36157	36957.2
1.9	0.98789	1.39741	43446.8
1.9	0.98789	1.43135	45122.9
1.9	0.98789	1.46358	40439.2
1.9	0.98789	1.49425	32828.5
1.9	0.98789	1.52353	27689.9
1.9	0.98789	1.55152	27009.2
1.9	0.98789	1.57833	29483.2
1.9	0.98789	1.60407	35052.3
1.9	0.98789	1.62881	40271.3
1.9	0.98789	1.65262	51966.2
1.9	0.98789	1.67558	52584.6
1.9	0.98789	1.69775	57094.7
1.9	0.98789	1.71917	44681.5
1.9	0.98789	1.7399	25386.4
1.9	0.98789	1.75997	6862.7
1.9	0.98789	1.77944	0
1.9	0.992064	0.308061	898.762
1.9	0.992064	0.475715	1101.7
1.9	0.992064	0.608398	1578.02
1.9	0.992064	0.718212	2263.1
1.9	0.992064	0.811893	2906.74
1.9	0.992064	0.89358	3602.7
1.9	0.992064	0.965998	4196.34
1.9	0.992064	1.03104	4379.46
1.9	0.992064	1.09007	4893.53
1.9	0.992064	1.1441	6175.24
1.9	0.992064	1.19392	8878.37
1.9	0.992064	1.24013	12883.6
1.9	0.992064	1.28323	18011.4
1.9	0.992064	1.3236	25021.7
1.9	0.992064	1.36157	33311.6
1.9	0.992064	1.39741	41067.4
1.9	0.992064	1.43135	45119.3
1.9	0.992064	1.46358	42804.8
1.9	0.992064	1.49425	35438.4
1.9	0.992064	1.52353	29477.9
1.9	0.992064	1.55152	27555.8
1.9	0.992064	1.57833	28646.1
1.9	0.992064	1.60407	32920.8
1.9	0.992064	1.62881	38235
1.9	0.992064	1.65262	51303.5
1.9	0.992064	1.67558	59367.3
1.9	0.992064	1.69775	68981.1
1.9	0.992064	1.71917	55923.6
1.9	0.992064	1.7399	34572.9
1.9	0.992064	1.75997	13865.4
1.9	0.992064	1.77944	0
1.9	0.996098	0.308061	833.943
1.9	0.996098	0.475715	965.599
1.9	0.996098	0.608398	1354.57
1.9	0.996098	0.718212	2017.43
1.9	0.996098	0.811893	2725.64
1.9	0.996098	0.89358	3173.99
1.9	0.996098	0.965998	3654.05
1.9	0.996098	1.03104	3825.66
1.9	0.996098	1.09007	4242.44
1.9	0.996098	1.1441	5456.38
1.9	0.996098	1.19392	7697.54
1.9	0.996098	1.24013	10899.4
1.9	0.996098	1.28323	14956.3
1.9	0.996098	1.3236	20572.9
1.9	0.996098	1.36157	27816.9
1.9	0.996098	1.39741	35723.9
1.9	0.996098	1.43135	41681.2
1.9	0.996098	1.46358	42118
1.9	0.996098	1.49425	36518.8
1.9	0.996098	1.52353	30732.8
1.9	0.996098	1.55152	27888.7
1.9	0.996098	1.57833	28093.2
1.9	0.996098	1.60407	30537.7
1.9	0.996098	1.62881	34144.9
1.9	0.996098	1.65262	45402.8
1.9	0.996098	1.67558	57905.1
1.9	0.996098	1.69775	77046.9
1.9	0.996098	1.71917	87937.3
1.9	0.996098	1.7399	46837.1
1.9	0.996098	1.75997	26315.8
1.9	0.996098	1.77944	0
1.9	1	0.308061	755.136
1.9	1	0.475715	833.992
1.9	1	0.608398	1121.28
1.9	1	0.718212	1754.89
1.9	1	0.811893	2441.85
1.9	1	0.89358	2703.13
1.9	1	0.965998	2972.24
1.9	1	1.03104	3133.58
1.9	1	1.09007	3284.06
1.9	1	1.1441	4305.71
1.9	1	1.19392	5846.45
1.9	1	1.24013	8414.23
1.9	1	1.28323	11264.3
1.9	1	1.3236	14607.5
1.9	1	1.36157	19291.3
1.9	1	1.39741	25249.3
1.9	1	1.43135	31172.9
1.9	1	1.46358	33933.9
1.9	1	1.49425	31807.2
1.9	1	1.52353	28560.3
1.9	1	1.55152	26802.6
1.9	1	1.57833	26850.5
1.9	1	1.60407	27653.3
1.9	1	1.62881	27953.5
1.9	1	1.65262	32707.5
1.9	1	1.67558	42672.2
1.9	1	1.69775	77241.2
1.9	1	1.71917	114125
1.9	1	1.7399	88943.6
1.9	1	1.75997	15590.3
1.9	1	1.77944	0
