0.1625     -1     0      0
0.1625     -1     0.0182431      8.06292
0.1625     -1     0.032681      27.1373
0.1625     -1     0.0446304      54.1894
0.1625     -1     0.0548243      82.5302
0.1625     -1     0.063713      103.445
0.1625     -1     0.0715931      126.485
0.1625     -1     0.0786704      143.007
0.1625     -1     0.0850935      150.511
0.1625     -1     0.0909731      170.162
0.1625     -1     0.096394      172.028
0.1625     -1     0.101423      168.654
0.1625     -1     0.106112      161.855
0.1625     -1     0.110505      163.159
0.1625     -1     0.114637      142.233
0.1625     -1     0.118537      125.974
0.1625     -1     0.12223      111.448
0.1625     -1     0.125737      95.4265
0.1625     -1     0.129075      101.382
0.1625     -1     0.13226      77.0722
0.1625     -1     0.135306      56.6404
0.1625     -1     0.138224      42.8865
0.1625     -1     0.141024      31.2075
0.1625     -1     0.143716      26.1586
0.1625     -1     0.146308      15.1426
0.1625     -1     0.148806      10.3558
0.1625     -1     0.151218      5.4002
0.1625     -1     0.153549      2.18205
0.1625     -1     0.155805      0.646435
0.1625     -1     0.157989      0.0811031
0.1625     -1     0.160107      1.66166e-06
0.1625     -0.634788     0      0
0.1625     -0.634788     0.0182431      8.05234
0.1625     -0.634788     0.032681      27.3012
0.1625     -0.634788     0.0446304      57.5009
0.1625     -0.634788     0.0548243      90.0222
0.1625     -0.634788     0.063713      121.408
0.1625     -0.634788     0.0715931      154.918
0.1625     -0.634788     0.0786704      180.794
0.1625     -0.634788     0.0850935      195.82
0.1625     -0.634788     0.0909731      222.494
0.1625     -0.634788     0.096394      225.914
0.1625     -0.634788     0.101423      225.56
0.1625     -0.634788     0.106112      215.847
0.1625     -0.634788     0.110505      213.212
0.1625     -0.634788     0.114637      185.302
0.1625     -0.634788     0.118537      169.067
0.1625     -0.634788     0.12223      150.367
0.1625     -0.634788     0.125737      132.795
0.1625     -0.634788     0.129075      149.489
0.1625     -0.634788     0.13226      115.007
0.1625     -0.634788     0.135306      84.1748
0.1625     -0.634788     0.138224      64.0054
0.1625     -0.634788     0.141024      47.6213
0.1625     -0.634788     0.143716      43.3919
0.1625     -0.634788     0.146308      25.2223
0.1625     -0.634788     0.148806      18.6549
0.1625     -0.634788     0.151218      10.1855
0.1625     -0.634788     0.153549      4.24988
0.1625     -0.634788     0.155805      1.32989
0.1625     -0.634788     0.157989      0.186062
0.1625     -0.634788     0.160107      4.39664e-06
0.1625     -0.406307     0      0
0.1625     -0.406307     0.0182431      8.03675
0.1625     -0.406307     0.032681      27.2727
0.1625     -0.406307     0.0446304      58.8455
0.1625     -0.406307     0.0548243      95.4457
0.1625     -0.406307     0.063713      133.58
0.1625     -0.406307     0.0715931      174.81
0.1625     -0.406307     0.0786704      208.134
0.1625     -0.406307     0.0850935      230.054
0.1625     -0.406307     0.0909731      264.819
0.1625     -0.406307     0.096394      278.176
0.1625     -0.406307     0.101423      279.02
0.1625     -0.406307     0.106112      266.062
0.1625     -0.406307     0.110505      263.71
0.1625     -0.406307     0.114637      229.449
0.1625     -0.406307     0.118537      206.788
0.1625     -0.406307     0.12223      184.91
0.1625     -0.406307     0.125737      164.528
0.1625     -0.406307     0.129075      190.376
0.1625     -0.406307     0.13226      149.02
0.1625     -0.406307     0.135306      110.579
0.1625     -0.406307     0.138224      84.5935
0.1625     -0.406307     0.141024      62.7596
0.1625     -0.406307     0.143716      59.4716
0.1625     -0.406307     0.146308      34.6219
0.1625     -0.406307     0.148806      26.0367
0.1625     -0.406307     0.151218      14.3414
0.1625     -0.406307     0.153549      6.07781
0.1625     -0.406307     0.155805      1.91999
0.1625     -0.406307     0.157989      0.269305
0.1625     -0.406307     0.160107      6.42387e-06
0.1625     -0.239626     0      0
0.1625     -0.239626     0.0182431      8.02836
0.1625     -0.239626     0.032681      27.4601
0.1625     -0.239626     0.0446304      59.845
0.1625     -0.239626     0.0548243      98.4246
0.1625     -0.239626     0.063713      142.032
0.1625     -0.239626     0.0715931      191.528
0.1625     -0.239626     0.0786704      228.914
0.1625     -0.239626     0.0850935      257.732
0.1625     -0.239626     0.0909731      298.331
0.1625     -0.239626     0.096394      322.809
0.1625     -0.239626     0.101423      331.258
0.1625     -0.239626     0.106112      317.203
0.1625     -0.239626     0.110505      314.504
0.1625     -0.239626     0.114637      272.089
0.1625     -0.239626     0.118537      244.096
0.1625     -0.239626     0.12223      218.075
0.1625     -0.239626     0.125737      194.548
0.1625     -0.239626     0.129075      228.591
0.1625     -0.239626     0.13226      180.629
0.1625     -0.239626     0.135306      135.496
0.1625     -0.239626     0.138224      104.431
0.1625     -0.239626     0.141024      78.4664
0.1625     -0.239626     0.143716      74.139
0.1625     -0.239626     0.146308      43.1912
0.1625     -0.239626     0.148806      32.3706
0.1625     -0.239626     0.151218      17.7861
0.1625     -0.239626     0.153549      7.50974
0.1625     -0.239626     0.155805      2.372
0.1625     -0.239626     0.157989      0.335406
0.1625     -0.239626     0.160107      8.01238e-06
0.1625     -0.108332     0      0
0.1625     -0.108332     0.0182431      8.01712
0.1625     -0.108332     0.032681      27.5215
0.1625     -0.108332     0.0446304      60.4124
0.1625     -0.108332     0.0548243      100.12
0.1625     -0.108332     0.063713      147.876
0.1625     -0.108332     0.0715931      204.533
0.1625     -0.108332     0.0786704      248.733
0.1625     -0.108332     0.0850935      279.9
0.1625     -0.108332     0.0909731      325.421
0.1625     -0.108332     0.096394      361.093
0.1625     -0.108332     0.101423      379.539
0.1625     -0.108332     0.106112      368.109
0.1625     -0.108332     0.110505      365.951
0.1625     -0.108332     0.114637      317.387
0.1625     -0.108332     0.118537      281.704
0.1625     -0.108332     0.12223      251.533
0.1625     -0.108332     0.125737      224.274
0.1625     -0.108332     0.129075      265.364
0.1625     -0.108332     0.13226      210.732
0.1625     -0.108332     0.135306      159.747
0.1625     -0.108332     0.138224      125.125
0.1625     -0.108332     0.141024      94.4506
0.1625     -0.108332     0.143716      89.6587
0.1625     -0.108332     0.146308      51.3681
0.1625     -0.108332     0.148806      38.4484
0.1625     -0.108332     0.151218      21.0395
0.1625     -0.108332     0.153549      8.85588
0.1625     -0.108332     0.155805      2.79562
0.1625     -0.108332     0.157989      0.397326
0.1625     -0.108332     0.160107      9.50902e-06
0.1625     -2e-20     0      0
0.1625     -2e-20     0.0182431      8.00484
0.1625     -2e-20     0.032681      27.534
0.1625     -2e-20     0.0446304      60.8841
0.1625     -2e-20     0.0548243      101.126
0.1625     -2e-20     0.063713      151.958
0.1625     -2e-20     0.0715931      214.834
0.1625     -2e-20     0.0786704      266.061
0.1625     -2e-20     0.0850935      301.006
0.1625     -2e-20     0.0909731      349.47
0.1625     -2e-20     0.096394      393.026
0.1625     -2e-20     0.101423      424.174
0.1625     -2e-20     0.106112      419.497
0.1625     -2e-20     0.110505      417.454
0.1625     -2e-20     0.114637      363.132
0.1625     -2e-20     0.118537      322.681
0.1625     -2e-20     0.12223      285.459
0.1625     -2e-20     0.125737      253.517
0.1625     -2e-20     0.129075      302.668
0.1625     -2e-20     0.13226      240.414
0.1625     -2e-20     0.135306      184.033
0.1625     -2e-20     0.138224      144.275
0.1625     -2e-20     0.141024      111.641
0.1625     -2e-20     0.143716      106.504
0.1625     -2e-20     0.146308      60.0685
0.1625     -2e-20     0.148806      44.4432
0.1625     -2e-20     0.151218      24.3524
0.1625     -2e-20     0.153549      10.2662
0.1625     -2e-20     0.155805      3.23508
0.1625     -2e-20     0.157989      0.458406
0.1625     -2e-20     0.160107      1.10786e-05
0.1625     0.0922185     0      0
0.1625     0.0922185     0.0182431      7.99188
0.1625     0.0922185     0.032681      27.5229
0.1625     0.0922185     0.0446304      61.1847
0.1625     0.0922185     0.0548243      102.217
0.1625     0.0922185     0.063713      154.922
0.1625     0.0922185     0.0715931      223.354
0.1625     0.0922185     0.0786704      281.113
0.1625     0.0922185     0.0850935      320.226
0.1625     0.0922185     0.0909731      373.04
0.1625     0.0922185     0.096394      420.465
0.1625     0.0922185     0.101423      463.053
0.1625     0.0922185     0.106112      469.992
0.1625     0.0922185     0.110505      469.806
0.1625     0.0922185     0.114637      409.751
0.1625     0.0922185     0.118537      365.277
0.1625     0.0922185     0.12223      321.574
0.1625     0.0922185     0.125737      283.386
0.1625     0.0922185     0.129075      337.892
0.1625     0.0922185     0.13226      270.445
0.1625     0.0922185     0.135306      208.616
0.1625     0.0922185     0.138224      163.81
0.1625     0.0922185     0.141024      127.896
0.1625     0.0922185     0.143716      123.888
0.1625     0.0922185     0.146308      70.7873
0.1625     0.0922185     0.148806      50.5639
0.1625     0.0922185     0.151218      27.7157
0.1625     0.0922185     0.153549      11.7254
0.1625     0.0922185     0.155805      3.70249
0.1625     0.0922185     0.157989      0.519408
0.1625     0.0922185     0.160107      1.24632e-05
0.1625     0.172502     0      0
0.1625     0.172502     0.0182431      7.97869
0.1625     0.172502     0.032681      27.475
0.1625     0.172502     0.0446304      61.3795
0.1625     0.172502     0.0548243      103.016
0.1625     0.172502     0.063713      157.121
0.1625     0.172502     0.0715931      230.037
0.1625     0.172502     0.0786704      294.54
0.1625     0.172502     0.0850935      337.993
0.1625     0.172502     0.0909731      396.009
0.1625     0.172502     0.096394      445.961
0.1625     0.172502     0.101423      497.524
0.1625     0.172502     0.106112      516.978
0.1625     0.172502     0.110505      522.997
0.1625     0.172502     0.114637      456.933
0.1625     0.172502     0.118537      408.81
0.1625     0.172502     0.12223      359.108
0.1625     0.172502     0.125737      315.833
0.1625     0.172502     0.129075      373.608
0.1625     0.172502     0.13226      299.099
0.1625     0.172502     0.135306      232.069
0.1625     0.172502     0.138224      184.438
0.1625     0.172502     0.141024      143.802
0.1625     0.172502     0.143716      142.017
0.1625     0.172502     0.146308      82.3202
0.1625     0.172502     0.148806      57.9009
0.1625     0.172502     0.151218      31.0788
0.1625     0.172502     0.153549      13.2076
0.1625     0.172502     0.155805      4.20359
0.1625     0.172502     0.157989      0.605123
0.1625     0.172502     0.160107      1.49522e-05
0.1625     0.243589     0      0
0.1625     0.243589     0.0182431      7.97088
0.1625     0.243589     0.032681      27.4282
0.1625     0.243589     0.0446304      61.4793
0.1625     0.243589     0.0548243      103.607
0.1625     0.243589     0.063713      158.76
0.1625     0.243589     0.0715931      235.277
0.1625     0.243589     0.0786704      306.241
0.1625     0.243589     0.0850935      354.563
0.1625     0.243589     0.0909731      417.524
0.1625     0.243589     0.096394      472.786
0.1625     0.243589     0.101423      528.303
0.1625     0.243589     0.106112      558.405
0.1625     0.243589     0.110505      574.676
0.1625     0.243589     0.114637      507.715
0.1625     0.243589     0.118537      452.993
0.1625     0.243589     0.12223      399.088
0.1625     0.243589     0.125737      350.907
0.1625     0.243589     0.129075      409.523
0.1625     0.243589     0.13226      327.33
0.1625     0.243589     0.135306      255.277
0.1625     0.243589     0.138224      204.206
0.1625     0.243589     0.141024      159.989
0.1625     0.243589     0.143716      159.173
0.1625     0.243589     0.146308      94.5827
0.1625     0.243589     0.148806      66.8553
0.1625     0.243589     0.151218      34.5104
0.1625     0.243589     0.153549      14.6444
0.1625     0.243589     0.155805      4.68313
0.1625     0.243589     0.157989      0.673445
0.1625     0.243589     0.160107      1.63517e-05
0.1625     0.307372     0      0
0.1625     0.307372     0.0182431      7.96463
0.1625     0.307372     0.032681      27.4118
0.1625     0.307372     0.0446304      61.4594
0.1625     0.307372     0.0548243      103.98
0.1625     0.307372     0.063713      160.305
0.1625     0.307372     0.0715931      239.476
0.1625     0.307372     0.0786704      316.394
0.1625     0.307372     0.0850935      369.921
0.1625     0.307372     0.0909731      437.798
0.1625     0.307372     0.096394      498.621
0.1625     0.307372     0.101423      557.634
0.1625     0.307372     0.106112      595.903
0.1625     0.307372     0.110505      622.155
0.1625     0.307372     0.114637      559.573
0.1625     0.307372     0.118537      498.05
0.1625     0.307372     0.12223      440.894
0.1625     0.307372     0.125737      386.999
0.1625     0.307372     0.129075      446.192
0.1625     0.307372     0.13226      357.326
0.1625     0.307372     0.135306      277.293
0.1625     0.307372     0.138224      223.347
0.1625     0.307372     0.141024      176.723
0.1625     0.307372     0.143716      175.216
0.1625     0.307372     0.146308      106.911
0.1625     0.307372     0.148806      76.4146
0.1625     0.307372     0.151218      39.0438
0.1625     0.307372     0.153549      16.0941
0.1625     0.307372     0.155805      5.12606
0.1625     0.307372     0.157989      0.730451
0.1625     0.307372     0.160107      1.7792e-05
0.1625     0.365212     0      0
0.1625     0.365212     0.0182431      7.95795
0.1625     0.365212     0.032681      27.4053
0.1625     0.365212     0.0446304      61.3449
0.1625     0.365212     0.0548243      104.321
0.1625     0.365212     0.063713      161.423
0.1625     0.365212     0.0715931      243.051
0.1625     0.365212     0.0786704      324.752
0.1625     0.365212     0.0850935      384.392
0.1625     0.365212     0.0909731      457.066
0.1625     0.365212     0.096394      523.023
0.1625     0.365212     0.101423      586.356
0.1625     0.365212     0.106112      629.776
0.1625     0.365212     0.110505      664.38
0.1625     0.365212     0.114637      610.138
0.1625     0.365212     0.118537      545.337
0.1625     0.365212     0.12223      485.065
0.1625     0.365212     0.125737      424.552
0.1625     0.365212     0.129075      483.044
0.1625     0.365212     0.13226      387.796
0.1625     0.365212     0.135306      299.297
0.1625     0.365212     0.138224      241.797
0.1625     0.365212     0.141024      192.637
0.1625     0.365212     0.143716      191.911
0.1625     0.365212     0.146308      118.474
0.1625     0.365212     0.148806      87.057
0.1625     0.365212     0.151218      45.4633
0.1625     0.365212     0.153549      17.5683
0.1625     0.365212     0.155805      5.59631
0.1625     0.365212     0.157989      0.795498
0.1625     0.365212     0.160107      1.91752e-05
0.1625     0.418124     0      0
0.1625     0.418124     0.0182431      7.95088
0.1625     0.418124     0.032681      27.4065
0.1625     0.418124     0.0446304      61.3047
0.1625     0.418124     0.0548243      104.499
0.1625     0.418124     0.063713      162.172
0.1625     0.418124     0.0715931      246.172
0.1625     0.418124     0.0786704      331.643
0.1625     0.418124     0.0850935      397.511
0.1625     0.418124     0.0909731      475.527
0.1625     0.418124     0.096394      546.437
0.1625     0.418124     0.101423      614.955
0.1625     0.418124     0.106112      661.261
0.1625     0.418124     0.110505      703.376
0.1625     0.418124     0.114637      658.011
0.1625     0.418124     0.118537      597.056
0.1625     0.418124     0.12223      531.229
0.1625     0.418124     0.125737      463.953
0.1625     0.418124     0.129075      519.046
0.1625     0.418124     0.13226      419.707
0.1625     0.418124     0.135306      321.689
0.1625     0.418124     0.138224      259.384
0.1625     0.418124     0.141024      207.295
0.1625     0.418124     0.143716      208.825
0.1625     0.418124     0.146308      128.627
0.1625     0.418124     0.148806      97.6388
0.1625     0.418124     0.151218      52.2519
0.1625     0.418124     0.153549      19.4871
0.1625     0.418124     0.155805      6.07853
0.1625     0.418124     0.157989      0.872043
0.1625     0.418124     0.160107      2.08964e-05
0.1625     0.466881     0      0
0.1625     0.466881     0.0182431      7.94354
0.1625     0.466881     0.032681      27.3996
0.1625     0.466881     0.0446304      61.2272
0.1625     0.466881     0.0548243      104.534
0.1625     0.466881     0.063713      162.875
0.1625     0.466881     0.0715931      249.038
0.1625     0.466881     0.0786704      337.453
0.1625     0.466881     0.0850935      409.234
0.1625     0.466881     0.0909731      493.088
0.1625     0.466881     0.096394      569.81
0.1625     0.466881     0.101423      642.341
0.1625     0.466881     0.106112      691.267
0.1625     0.466881     0.110505      738.584
0.1625     0.466881     0.114637      701.674
0.1625     0.466881     0.118537      648.799
0.1625     0.466881     0.12223      578.814
0.1625     0.466881     0.125737      505.052
0.1625     0.466881     0.129075      556.173
0.1625     0.466881     0.13226      452.008
0.1625     0.466881     0.135306      345.076
0.1625     0.466881     0.138224      276.387
0.1625     0.466881     0.141024      220.384
0.1625     0.466881     0.143716      225.145
0.1625     0.466881     0.146308      139.019
0.1625     0.466881     0.148806      108.053
0.1625     0.466881     0.151218      60.2545
0.1625     0.466881     0.153549      23.3462
0.1625     0.466881     0.155805      6.55482
0.1625     0.466881     0.157989      0.950445
0.1625     0.466881     0.160107      2.30676e-05
0.1625     0.512089     0      0
0.1625     0.512089     0.0182431      7.93614
0.1625     0.512089     0.032681      27.3832
0.1625     0.512089     0.0446304      61.0887
0.1625     0.512089     0.0548243      104.498
0.1625     0.512089     0.063713      163.377
0.1625     0.512089     0.0715931      251.728
0.1625     0.512089     0.0786704      342.963
0.1625     0.512089     0.0850935      419.662
0.1625     0.512089     0.0909731      509.957
0.1625     0.512089     0.096394      592.241
0.1625     0.512089     0.101423      668.591
0.1625     0.512089     0.106112      720.265
0.1625     0.512089     0.110505      770.766
0.1625     0.512089     0.114637      745.718
0.1625     0.512089     0.118537      699.201
0.1625     0.512089     0.12223      628.041
0.1625     0.512089     0.125737      547.746
0.1625     0.512089     0.129075      592.378
0.1625     0.512089     0.13226      483.641
0.1625     0.512089     0.135306      369.977
0.1625     0.512089     0.138224      294.015
0.1625     0.512089     0.141024      232.902
0.1625     0.512089     0.143716      240.869
0.1625     0.512089     0.146308      150.394
0.1625     0.512089     0.148806      117.122
0.1625     0.512089     0.151218      68.2762
0.1625     0.512089     0.153549      28.4711
0.1625     0.512089     0.155805      7.02956
0.1625     0.512089     0.157989      1.01601
0.1625     0.512089     0.160107      2.45584e-05
0.1625     0.55423     0      0
0.1625     0.55423     0.0182431      7.93061
0.1625     0.55423     0.032681      27.3614
0.1625     0.55423     0.0446304      60.9088
0.1625     0.55423     0.0548243      104.478
0.1625     0.55423     0.063713      163.905
0.1625     0.55423     0.0715931      253.92
0.1625     0.55423     0.0786704      347.699
0.1625     0.55423     0.0850935      428.809
0.1625     0.55423     0.0909731      526.896
0.1625     0.55423     0.096394      613.89
0.1625     0.55423     0.101423      693.89
0.1625     0.55423     0.106112      749.117
0.1625     0.55423     0.110505      801.002
0.1625     0.55423     0.114637      786.609
0.1625     0.55423     0.118537      747.873
0.1625     0.55423     0.12223      677.587
0.1625     0.55423     0.125737      593.72
0.1625     0.55423     0.129075      626.317
0.1625     0.55423     0.13226      513.883
0.1625     0.55423     0.135306      395.663
0.1625     0.55423     0.138224      312.016
0.1625     0.55423     0.141024      244.78
0.1625     0.55423     0.143716      254.718
0.1625     0.55423     0.146308      161.262
0.1625     0.55423     0.148806      125.471
0.1625     0.55423     0.151218      76.5419
0.1625     0.55423     0.153549      34.9741
0.1625     0.55423     0.155805      7.80386
0.1625     0.55423     0.157989      1.08607
0.1625     0.55423     0.160107      2.60847e-05
0.1625     0.593693     0      0
0.1625     0.593693     0.0182431      7.92684
0.1625     0.593693     0.032681      27.3366
0.1625     0.593693     0.0446304      60.7745
0.1625     0.593693     0.0548243      104.417
0.1625     0.593693     0.063713      164.273
0.1625     0.593693     0.0715931      255.763
0.1625     0.593693     0.0786704      351.782
0.1625     0.593693     0.0850935      436.818
0.1625     0.593693     0.0909731      543.4
0.1625     0.593693     0.096394      634.779
0.1625     0.593693     0.101423      718.471
0.1625     0.593693     0.106112      777.452
0.1625     0.593693     0.110505      832.729
0.1625     0.593693     0.114637      824.243
0.1625     0.593693     0.118537      793.305
0.1625     0.593693     0.12223      727.197
0.1625     0.593693     0.125737      643.582
0.1625     0.593693     0.129075      660.741
0.1625     0.593693     0.13226      544.645
0.1625     0.593693     0.135306      420.932
0.1625     0.593693     0.138224      330.913
0.1625     0.593693     0.141024      256.428
0.1625     0.593693     0.143716      268.202
0.1625     0.593693     0.146308      171.41
0.1625     0.593693     0.148806      135.425
0.1625     0.593693     0.151218      84.1077
0.1625     0.593693     0.153549      42.1505
0.1625     0.593693     0.155805      10.6428
0.1625     0.593693     0.157989      1.16174
0.1625     0.593693     0.160107      2.8008e-05
0.1625     0.630798     0      0
0.1625     0.630798     0.0182431      7.92843
0.1625     0.630798     0.032681      27.3052
0.1625     0.630798     0.0446304      60.6352
0.1625     0.630798     0.0548243      104.258
0.1625     0.630798     0.063713      164.452
0.1625     0.630798     0.0715931      257.284
0.1625     0.630798     0.0786704      355.235
0.1625     0.630798     0.0850935      444.238
0.1625     0.630798     0.0909731      558.694
0.1625     0.630798     0.096394      654.948
0.1625     0.630798     0.101423      742.386
0.1625     0.630798     0.106112      805.233
0.1625     0.630798     0.110505      864.211
0.1625     0.630798     0.114637      859.495
0.1625     0.630798     0.118537      835.077
0.1625     0.630798     0.12223      775.351
0.1625     0.630798     0.125737      694.089
0.1625     0.630798     0.129075      698.93
0.1625     0.630798     0.13226      574.447
0.1625     0.630798     0.135306      446.446
0.1625     0.630798     0.138224      350.702
0.1625     0.630798     0.141024      268.329
0.1625     0.630798     0.143716      281.206
0.1625     0.630798     0.146308      179.518
0.1625     0.630798     0.148806      145.818
0.1625     0.630798     0.151218      90.2125
0.1625     0.630798     0.153549      49.7542
0.1625     0.630798     0.155805      15.477
0.1625     0.630798     0.157989      1.25404
0.1625     0.630798     0.160107      2.96817e-05
0.1625     0.665812     0      0
0.1625     0.665812     0.0182431      7.92941
0.1625     0.665812     0.032681      27.2735
0.1625     0.665812     0.0446304      60.4845
0.1625     0.665812     0.0548243      104.031
0.1625     0.665812     0.063713      164.547
0.1625     0.665812     0.0715931      258.539
0.1625     0.665812     0.0786704      358.297
0.1625     0.665812     0.0850935      451.257
0.1625     0.665812     0.0909731      572.658
0.1625     0.665812     0.096394      674.465
0.1625     0.665812     0.101423      765.777
0.1625     0.665812     0.106112      834.342
0.1625     0.665812     0.110505      893.746
0.1625     0.665812     0.114637      892.637
0.1625     0.665812     0.118537      873.687
0.1625     0.665812     0.12223      824.79
0.1625     0.665812     0.125737      744.768
0.1625     0.665812     0.129075      735.287
0.1625     0.665812     0.13226      605.907
0.1625     0.665812     0.135306      471.523
0.1625     0.665812     0.138224      370.016
0.1625     0.665812     0.141024      280.486
0.1625     0.665812     0.143716      294.369
0.1625     0.665812     0.146308      186.496
0.1625     0.665812     0.148806      155.974
0.1625     0.665812     0.151218      95.986
0.1625     0.665812     0.153549      57.8276
0.1625     0.665812     0.155805      22.031
0.1625     0.665812     0.157989      1.35048
0.1625     0.665812     0.160107      3.26721e-05
0.1625     0.698958     0      0
0.1625     0.698958     0.0182431      7.93013
0.1625     0.698958     0.032681      27.24
0.1625     0.698958     0.0446304      60.315
0.1625     0.698958     0.0548243      103.704
0.1625     0.698958     0.063713      164.458
0.1625     0.698958     0.0715931      259.481
0.1625     0.698958     0.0786704      361.158
0.1625     0.698958     0.0850935      457.465
0.1625     0.698958     0.0909731      585.296
0.1625     0.698958     0.096394      693.221
0.1625     0.698958     0.101423      789.256
0.1625     0.698958     0.106112      865.232
0.1625     0.698958     0.110505      921.988
0.1625     0.698958     0.114637      925.003
0.1625     0.698958     0.118537      909.154
0.1625     0.698958     0.12223      871.803
0.1625     0.698958     0.125737      794.205
0.1625     0.698958     0.129075      771.246
0.1625     0.698958     0.13226      638.876
0.1625     0.698958     0.135306      495.903
0.1625     0.698958     0.138224      388.701
0.1625     0.698958     0.141024      293.819
0.1625     0.698958     0.143716      308.293
0.1625     0.698958     0.146308      192.176
0.1625     0.698958     0.148806      164.694
0.1625     0.698958     0.151218      104.493
0.1625     0.698958     0.153549      65.1686
0.1625     0.698958     0.155805      29.6361
0.1625     0.698958     0.157989      1.78106
0.1625     0.698958     0.160107      3.47313e-05
0.1625     0.730425     0      0
0.1625     0.730425     0.0182431      7.93189
0.1625     0.730425     0.032681      27.2037
0.1625     0.730425     0.0446304      60.1393
0.1625     0.730425     0.0548243      103.308
0.1625     0.730425     0.063713      164.176
0.1625     0.730425     0.0715931      260.409
0.1625     0.730425     0.0786704      364.174
0.1625     0.730425     0.0850935      463.15
0.1625     0.730425     0.0909731      596.62
0.1625     0.730425     0.096394      710.954
0.1625     0.730425     0.101423      813.975
0.1625     0.730425     0.106112      895.35
0.1625     0.730425     0.110505      950.164
0.1625     0.730425     0.114637      956.127
0.1625     0.730425     0.118537      945.536
0.1625     0.730425     0.12223      915.098
0.1625     0.730425     0.125737      841.666
0.1625     0.730425     0.129075      809.724
0.1625     0.730425     0.13226      670.685
0.1625     0.730425     0.135306      522.633
0.1625     0.730425     0.138224      406.495
0.1625     0.730425     0.141024      306.83
0.1625     0.730425     0.143716      322.716
0.1625     0.730425     0.146308      198.219
0.1625     0.730425     0.148806      170.692
0.1625     0.730425     0.151218      112.81
0.1625     0.730425     0.153549      70.4548
0.1625     0.730425     0.155805      38.0034
0.1625     0.730425     0.157989      4.07528
0.1625     0.730425     0.160107      3.71696e-05
0.1625     0.760374     0      0
0.1625     0.760374     0.0182431      7.93315
0.1625     0.760374     0.032681      27.1643
0.1625     0.760374     0.0446304      59.96
0.1625     0.760374     0.0548243      102.846
0.1625     0.760374     0.063713      163.722
0.1625     0.760374     0.0715931      261.042
0.1625     0.760374     0.0786704      366.956
0.1625     0.760374     0.0850935      468.206
0.1625     0.760374     0.0909731      606.832
0.1625     0.760374     0.096394      727.57
0.1625     0.760374     0.101423      841.771
0.1625     0.760374     0.106112      924.738
0.1625     0.760374     0.110505      977.155
0.1625     0.760374     0.114637      986.259
0.1625     0.760374     0.118537      983.129
0.1625     0.760374     0.12223      954.928
0.1625     0.760374     0.125737      887.917
0.1625     0.760374     0.129075      844.03
0.1625     0.760374     0.13226      702.901
0.1625     0.760374     0.135306      549.301
0.1625     0.760374     0.138224      424.786
0.1625     0.760374     0.141024      319.409
0.1625     0.760374     0.143716      339.333
0.1625     0.760374     0.146308      204.198
0.1625     0.760374     0.148806      176.132
0.1625     0.760374     0.151218      121.545
0.1625     0.760374     0.153549      75.362
0.1625     0.760374     0.155805      47.2519
0.1625     0.760374     0.157989      8.71106
0.1625     0.760374     0.160107      3.95368e-05
0.1625     0.788947     0      0
0.1625     0.788947     0.0182431      7.93532
0.1625     0.788947     0.032681      27.1216
0.1625     0.788947     0.0446304      59.8789
0.1625     0.788947     0.0548243      102.511
0.1625     0.788947     0.063713      163.273
0.1625     0.788947     0.0715931      261.446
0.1625     0.788947     0.0786704      369.275
0.1625     0.788947     0.0850935      473.034
0.1625     0.788947     0.0909731      616.235
0.1625     0.788947     0.096394      742.933
0.1625     0.788947     0.101423      868.786
0.1625     0.788947     0.106112      953.521
0.1625     0.788947     0.110505      1003.28
0.1625     0.788947     0.114637      1015.8
0.1625     0.788947     0.118537      1018.37
0.1625     0.788947     0.12223      991.898
0.1625     0.788947     0.125737      932.528
0.1625     0.788947     0.129075      874.968
0.1625     0.788947     0.13226      736.319
0.1625     0.788947     0.135306      575.527
0.1625     0.788947     0.138224      444.334
0.1625     0.788947     0.141024      330.371
0.1625     0.788947     0.143716      355.844
0.1625     0.788947     0.146308      210.087
0.1625     0.788947     0.148806      181.407
0.1625     0.788947     0.151218      126.689
0.1625     0.788947     0.153549      81.7204
0.1625     0.788947     0.155805      56.2918
0.1625     0.788947     0.157989      16.307
0.1625     0.788947     0.160107      4.2212e-05
0.1625     0.816262     0      0
0.1625     0.816262     0.0182431      7.93965
0.1625     0.816262     0.032681      27.0751
0.1625     0.816262     0.0446304      59.8183
0.1625     0.816262     0.0548243      102.119
0.1625     0.816262     0.063713      163.001
0.1625     0.816262     0.0715931      262.387
0.1625     0.816262     0.0786704      371.188
0.1625     0.816262     0.0850935      477.657
0.1625     0.816262     0.0909731      624.695
0.1625     0.816262     0.096394      759.365
0.1625     0.816262     0.101423      894.537
0.1625     0.816262     0.106112      981.386
0.1625     0.816262     0.110505      1030.04
0.1625     0.816262     0.114637      1048.8
0.1625     0.816262     0.118537      1052.04
0.1625     0.816262     0.12223      1026.02
0.1625     0.816262     0.125737      972.752
0.1625     0.816262     0.129075      906.057
0.1625     0.816262     0.13226      766.477
0.1625     0.816262     0.135306      602.882
0.1625     0.816262     0.138224      462.781
0.1625     0.816262     0.141024      343.391
0.1625     0.816262     0.143716      369.238
0.1625     0.816262     0.146308      217.416
0.1625     0.816262     0.148806      187.151
0.1625     0.816262     0.151218      129.593
0.1625     0.816262     0.153549      91.0104
0.1625     0.816262     0.155805      63.7111
0.1625     0.816262     0.157989      26.222
0.1625     0.816262     0.160107      4.53018e-05
0.1625     0.842428     0      0
0.1625     0.842428     0.0182431      7.94507
0.1625     0.842428     0.032681      27.0269
0.1625     0.842428     0.0446304      59.7982
0.1625     0.842428     0.0548243      101.694
0.1625     0.842428     0.063713      162.596
0.1625     0.842428     0.0715931      263.101
0.1625     0.842428     0.0786704      372.826
0.1625     0.842428     0.0850935      481.747
0.1625     0.842428     0.0909731      632.379
0.1625     0.842428     0.096394      778.578
0.1625     0.842428     0.101423      918.954
0.1625     0.842428     0.106112      1008.44
0.1625     0.842428     0.110505      1057.38
0.1625     0.842428     0.114637      1083.53
0.1625     0.842428     0.118537      1084.68
0.1625     0.842428     0.12223      1060.79
0.1625     0.842428     0.125737      1009.89
0.1625     0.842428     0.129075      932.15
0.1625     0.842428     0.13226      795.449
0.1625     0.842428     0.135306      630.611
0.1625     0.842428     0.138224      482.425
0.1625     0.842428     0.141024      355.676
0.1625     0.842428     0.143716      379.458
0.1625     0.842428     0.146308      226.798
0.1625     0.842428     0.148806      193.609
0.1625     0.842428     0.151218      131.57
0.1625     0.842428     0.153549      99.1695
0.1625     0.842428     0.155805      68.3951
0.1625     0.842428     0.157989      38.5548
0.1625     0.842428     0.160107      4.89614e-05
0.1625     0.867536     0      0
0.1625     0.867536     0.0182431      7.95002
0.1625     0.867536     0.032681      26.9758
0.1625     0.867536     0.0446304      59.7652
0.1625     0.867536     0.0548243      101.22
0.1625     0.867536     0.063713      162.07
0.1625     0.867536     0.0715931      263.696
0.1625     0.867536     0.0786704      373.978
0.1625     0.867536     0.0850935      485.513
0.1625     0.867536     0.0909731      639.779
0.1625     0.867536     0.096394      796.516
0.1625     0.867536     0.101423      941.96
0.1625     0.867536     0.106112      1034.82
0.1625     0.867536     0.110505      1085.9
0.1625     0.867536     0.114637      1117.76
0.1625     0.867536     0.118537      1116.52
0.1625     0.867536     0.12223      1094.62
0.1625     0.867536     0.125737      1044.01
0.1625     0.867536     0.129075      954.845
0.1625     0.867536     0.13226      823.209
0.1625     0.867536     0.135306      656.35
0.1625     0.867536     0.138224      502.28
0.1625     0.867536     0.141024      367.886
0.1625     0.867536     0.143716      381.042
0.1625     0.867536     0.146308      231.802
0.1625     0.867536     0.148806      200.555
0.1625     0.867536     0.151218      133.721
0.1625     0.867536     0.153549      102.909
0.1625     0.867536     0.155805      74.1794
0.1625     0.867536     0.157989      53.428
0.1625     0.867536     0.160107      0.0132041
0.1625     0.891668     0      0
0.1625     0.891668     0.0182431      7.95447
0.1625     0.891668     0.032681      26.9205
0.1625     0.891668     0.0446304      59.7129
0.1625     0.891668     0.0548243      100.749
0.1625     0.891668     0.063713      161.501
0.1625     0.891668     0.0715931      263.962
0.1625     0.891668     0.0786704      375.078
0.1625     0.891668     0.0850935      488.528
0.1625     0.891668     0.0909731      648.717
0.1625     0.891668     0.096394      812.706
0.1625     0.891668     0.101423      963.518
0.1625     0.891668     0.106112      1060.68
0.1625     0.891668     0.110505      1118.89
0.1625     0.891668     0.114637      1151.33
0.1625     0.891668     0.118537      1148.71
0.1625     0.891668     0.12223      1126.95
0.1625     0.891668     0.125737      1076.09
0.1625     0.891668     0.129075      977.103
0.1625     0.891668     0.13226      848.106
0.1625     0.891668     0.135306      683.639
0.1625     0.891668     0.138224      521.026
0.1625     0.891668     0.141024      380.199
0.1625     0.891668     0.143716      384.776
0.1625     0.891668     0.146308      233.185
0.1625     0.891668     0.148806      211.494
0.1625     0.891668     0.151218      137.956
0.1625     0.891668     0.153549      101.856
0.1625     0.891668     0.155805      84.7776
0.1625     0.891668     0.157989      70.8099
0.1625     0.891668     0.160107      0.0310336
0.1625     0.914898     0      0
0.1625     0.914898     0.0182431      7.95842
0.1625     0.914898     0.032681      26.862
0.1625     0.914898     0.0446304      59.6442
0.1625     0.914898     0.0548243      100.325
0.1625     0.914898     0.063713      160.906
0.1625     0.914898     0.0715931      263.783
0.1625     0.914898     0.0786704      376.115
0.1625     0.914898     0.0850935      491.004
0.1625     0.914898     0.0909731      659.502
0.1625     0.914898     0.096394      826.958
0.1625     0.914898     0.101423      983.31
0.1625     0.914898     0.106112      1085.47
0.1625     0.914898     0.110505      1153.69
0.1625     0.914898     0.114637      1184.28
0.1625     0.914898     0.118537      1184.13
0.1625     0.914898     0.12223      1158.66
0.1625     0.914898     0.125737      1105.64
0.1625     0.914898     0.129075      998.926
0.1625     0.914898     0.13226      870.523
0.1625     0.914898     0.135306      709.912
0.1625     0.914898     0.138224      542.478
0.1625     0.914898     0.141024      391.323
0.1625     0.914898     0.143716      389.263
0.1625     0.914898     0.146308      230.061
0.1625     0.914898     0.148806      219.798
0.1625     0.914898     0.151218      140.737
0.1625     0.914898     0.153549      97.8007
0.1625     0.914898     0.155805      96.9138
0.1625     0.914898     0.157989      86.281
0.1625     0.914898     0.160107      0.0379717
0.1625     0.937291     0      0
0.1625     0.937291     0.0182431      7.96175
0.1625     0.937291     0.032681      26.7971
0.1625     0.937291     0.0446304      59.5509
0.1625     0.937291     0.0548243      99.9983
0.1625     0.937291     0.063713      160.123
0.1625     0.937291     0.0715931      263.306
0.1625     0.937291     0.0786704      377.337
0.1625     0.937291     0.0850935      493.417
0.1625     0.937291     0.0909731      669.31
0.1625     0.937291     0.096394      840.368
0.1625     0.937291     0.101423      1001.4
0.1625     0.937291     0.106112      1113.78
0.1625     0.937291     0.110505      1187.94
0.1625     0.937291     0.114637      1216.94
0.1625     0.937291     0.118537      1219.17
0.1625     0.937291     0.12223      1190.04
0.1625     0.937291     0.125737      1132.92
0.1625     0.937291     0.129075      1024.49
0.1625     0.937291     0.13226      891.597
0.1625     0.937291     0.135306      734.296
0.1625     0.937291     0.138224      565.196
0.1625     0.937291     0.141024      405.412
0.1625     0.937291     0.143716      386.588
0.1625     0.937291     0.146308      228.855
0.1625     0.937291     0.148806      228.608
0.1625     0.937291     0.151218      147.593
0.1625     0.937291     0.153549      92.7498
0.1625     0.937291     0.155805      100.912
0.1625     0.937291     0.157989      99.8141
0.1625     0.937291     0.160107      0.0534019
0.1625     0.958905     0      0
0.1625     0.958905     0.0182431      7.96439
0.1625     0.958905     0.032681      26.7231
0.1625     0.958905     0.0446304      59.5067
0.1625     0.958905     0.0548243      99.9098
0.1625     0.958905     0.063713      158.964
0.1625     0.958905     0.0715931      262.372
0.1625     0.958905     0.0786704      378.478
0.1625     0.958905     0.0850935      497.887
0.1625     0.958905     0.0909731      678.502
0.1625     0.958905     0.096394      852.726
0.1625     0.958905     0.101423      1017.55
0.1625     0.958905     0.106112      1143.79
0.1625     0.958905     0.110505      1220.58
0.1625     0.958905     0.114637      1254.48
0.1625     0.958905     0.118537      1253.69
0.1625     0.958905     0.12223      1220.86
0.1625     0.958905     0.125737      1158.99
0.1625     0.958905     0.129075      1047.91
0.1625     0.958905     0.13226      915.235
0.1625     0.958905     0.135306      757.516
0.1625     0.958905     0.138224      587.913
0.1625     0.958905     0.141024      420.802
0.1625     0.958905     0.143716      379.488
0.1625     0.958905     0.146308      220.772
0.1625     0.958905     0.148806      206.561
0.1625     0.958905     0.151218      153.396
0.1625     0.958905     0.153549      83.2209
0.1625     0.958905     0.155805      89.4418
0.1625     0.958905     0.157989      119.461
0.1625     0.958905     0.160107      0.0700632
0.1625     0.979792     0      0
0.1625     0.979792     0.0182431      7.96772
0.1625     0.979792     0.032681      26.642
0.1625     0.979792     0.0446304      59.4658
0.1625     0.979792     0.0548243      100.336
0.1625     0.979792     0.063713      157.26
0.1625     0.979792     0.0715931      260.362
0.1625     0.979792     0.0786704      379.375
0.1625     0.979792     0.0850935      502.885
0.1625     0.979792     0.0909731      685.736
0.1625     0.979792     0.096394      863.079
0.1625     0.979792     0.101423      1037.01
0.1625     0.979792     0.106112      1171.65
0.1625     0.979792     0.110505      1251.65
0.1625     0.979792     0.114637      1292.37
0.1625     0.979792     0.118537      1288.96
0.1625     0.979792     0.12223      1251.15
0.1625     0.979792     0.125737      1183.75
0.1625     0.979792     0.129075      1069.74
0.1625     0.979792     0.13226      934.927
0.1625     0.979792     0.135306      779.243
0.1625     0.979792     0.138224      611.659
0.1625     0.979792     0.141024      440.754
0.1625     0.979792     0.143716      358.682
0.1625     0.979792     0.146308      203.544
0.1625     0.979792     0.148806      197.162
0.1625     0.979792     0.151218      142.12
0.1625     0.979792     0.153549      70.2236
0.1625     0.979792     0.155805      59.2751
0.1625     0.979792     0.157989      146.026
0.1625     0.979792     0.160107      0.122127
0.1625     1     0      0
0.1625     1     0.0182431      7.97261
0.1625     1     0.032681      26.5106
0.1625     1     0.0446304      59.2739
0.1625     1     0.0548243      100.747
0.1625     1     0.063713      155.975
0.1625     1     0.0715931      255.596
0.1625     1     0.0786704      385.023
0.1625     1     0.0850935      508.541
0.1625     1     0.0909731      687.651
0.1625     1     0.096394      875.766
0.1625     1     0.101423      1058.01
0.1625     1     0.106112      1194.51
0.1625     1     0.110505      1286.03
0.1625     1     0.114637      1329.58
0.1625     1     0.118537      1325.26
0.1625     1     0.12223      1281.76
0.1625     1     0.125737      1207.61
0.1625     1     0.129075      1090.25
0.1625     1     0.13226      950.716
0.1625     1     0.135306      797.841
0.1625     1     0.138224      635.547
0.1625     1     0.141024      465.02
0.1625     1     0.143716      318.24
0.1625     1     0.146308      182.302
0.1625     1     0.148806      191.81
0.1625     1     0.151218      111.648
0.1625     1     0.153549      52.6183
0.1625     1     0.155805      19.238
0.1625     1     0.157989      176.991
0.1625     1     0.160107      0.146164
