0.145     -1     0      0
0.145     -1     0.00290932      86.1848
0.145     -1     0.0052118      98.2786
0.145     -1     0.00711742      128.8
0.145     -1     0.00874308      126.223
0.145     -1     0.0101606      105.743
0.145     -1     0.0114173      85.8787
0.145     -1     0.0125459      74.1043
0.145     -1     0.0135703      77.0776
0.145     -1     0.0145079      58.9974
0.145     -1     0.0153724      45.9663
0.145     -1     0.0161744      44.0239
0.145     -1     0.0169222      34.5199
0.145     -1     0.0176228      28.2977
0.145     -1     0.0182817      22.3081
0.145     -1     0.0189037      17.4837
0.145     -1     0.0194926      13.7531
0.145     -1     0.0200518      10.6633
0.145     -1     0.0205842      8.12591
0.145     -1     0.0210922      6.10846
0.145     -1     0.0215779      4.45067
0.145     -1     0.0220432      3.19953
0.145     -1     0.0224898      2.19408
0.145     -1     0.0229191      1.42089
0.145     -1     0.0233324      0.877261
0.145     -1     0.0237309      0.491016
0.145     -1     0.0241155      0.249542
0.145     -1     0.0244872      0.101056
0.145     -1     0.0248469      0.0288779
0.145     -1     0.0251952      0.0035261
0.145     -1     0.025533      0
0.145     -0.634788     0      0
0.145     -0.634788     0.00290932      84.3909
0.145     -0.634788     0.0052118      97.2716
0.145     -0.634788     0.00711742      129.401
0.145     -0.634788     0.00874308      126.916
0.145     -0.634788     0.0101606      107.181
0.145     -0.634788     0.0114173      89.5911
0.145     -0.634788     0.0125459      78.1623
0.145     -0.634788     0.0135703      81.0978
0.145     -0.634788     0.0145079      62.8033
0.145     -0.634788     0.0153724      48.8881
0.145     -0.634788     0.0161744      45.4481
0.145     -0.634788     0.0169222      35.2051
0.145     -0.634788     0.0176228      29.3343
0.145     -0.634788     0.0182817      23.3316
0.145     -0.634788     0.0189037      18.4062
0.145     -0.634788     0.0194926      14.5198
0.145     -0.634788     0.0200518      11.3009
0.145     -0.634788     0.0205842      8.63462
0.145     -0.634788     0.0210922      6.49501
0.145     -0.634788     0.0215779      4.78085
0.145     -0.634788     0.0220432      3.39617
0.145     -0.634788     0.0224898      2.33013
0.145     -0.634788     0.0229191      1.51744
0.145     -0.634788     0.0233324      0.948446
0.145     -0.634788     0.0237309      0.527911
0.145     -0.634788     0.0241155      0.261634
0.145     -0.634788     0.0244872      0.107128
0.145     -0.634788     0.0248469      0.0305257
0.145     -0.634788     0.0251952      0.00368053
0.145     -0.634788     0.025533      0
0.145     -0.406307     0      0
0.145     -0.406307     0.00290932      83.6621
0.145     -0.406307     0.0052118      96.4108
0.145     -0.406307     0.00711742      128.698
0.145     -0.406307     0.00874308      126.857
0.145     -0.406307     0.0101606      106.95
0.145     -0.406307     0.0114173      90.421
0.145     -0.406307     0.0125459      80.692
0.145     -0.406307     0.0135703      84.7401
0.145     -0.406307     0.0145079      66.5278
0.145     -0.406307     0.0153724      52.1339
0.145     -0.406307     0.0161744      47.9332
0.145     -0.406307     0.0169222      36.9028
0.145     -0.406307     0.0176228      29.8588
0.145     -0.406307     0.0182817      23.185
0.145     -0.406307     0.0189037      18.1977
0.145     -0.406307     0.0194926      14.3064
0.145     -0.406307     0.0200518      11.1287
0.145     -0.406307     0.0205842      8.50815
0.145     -0.406307     0.0210922      6.40997
0.145     -0.406307     0.0215779      4.70728
0.145     -0.406307     0.0220432      3.35796
0.145     -0.406307     0.0224898      2.31089
0.145     -0.406307     0.0229191      1.5255
0.145     -0.406307     0.0233324      0.936571
0.145     -0.406307     0.0237309      0.529146
0.145     -0.406307     0.0241155      0.263309
0.145     -0.406307     0.0244872      0.108355
0.145     -0.406307     0.0248469      0.0314756
0.145     -0.406307     0.0251952      0.00387804
0.145     -0.406307     0.025533      0
0.145     -0.239626     0      0
0.145     -0.239626     0.00290932      82.9759
0.145     -0.239626     0.0052118      95.1494
0.145     -0.239626     0.00711742      127.748
0.145     -0.239626     0.00874308      126.485
0.145     -0.239626     0.0101606      107.216
0.145     -0.239626     0.0114173      90.6991
0.145     -0.239626     0.0125459      81.6362
0.145     -0.239626     0.0135703      86.7722
0.145     -0.239626     0.0145079      69.0864
0.145     -0.239626     0.0153724      55.0324
0.145     -0.239626     0.0161744      50.8785
0.145     -0.239626     0.0169222      38.9597
0.145     -0.239626     0.0176228      31.3922
0.145     -0.239626     0.0182817      24.1022
0.145     -0.239626     0.0189037      18.3146
0.145     -0.239626     0.0194926      14.186
0.145     -0.239626     0.0200518      10.9749
0.145     -0.239626     0.0205842      8.41805
0.145     -0.239626     0.0210922      6.33667
0.145     -0.239626     0.0215779      4.65321
0.145     -0.239626     0.0220432      3.31839
0.145     -0.239626     0.0224898      2.28362
0.145     -0.239626     0.0229191      1.49571
0.145     -0.239626     0.0233324      0.926279
0.145     -0.239626     0.0237309      0.526045
0.145     -0.239626     0.0241155      0.265907
0.145     -0.239626     0.0244872      0.11006
0.145     -0.239626     0.0248469      0.0316942
0.145     -0.239626     0.0251952      0.00384148
0.145     -0.239626     0.025533      0
0.145     -0.108332     0      0
0.145     -0.108332     0.00290932      82.3847
0.145     -0.108332     0.0052118      93.9021
0.145     -0.108332     0.00711742      126.737
0.145     -0.108332     0.00874308      125.812
0.145     -0.108332     0.0101606      107.075
0.145     -0.108332     0.0114173      90.6706
0.145     -0.108332     0.0125459      81.8501
0.145     -0.108332     0.0135703      87.5726
0.145     -0.108332     0.0145079      70.7577
0.145     -0.108332     0.0153724      57.1523
0.145     -0.108332     0.0161744      53.056
0.145     -0.108332     0.0169222      41.3486
0.145     -0.108332     0.0176228      33.5251
0.145     -0.108332     0.0182817      25.6218
0.145     -0.108332     0.0189037      19.3855
0.145     -0.108332     0.0194926      14.5914
0.145     -0.108332     0.0200518      10.9709
0.145     -0.108332     0.0205842      8.36251
0.145     -0.108332     0.0210922      6.26883
0.145     -0.108332     0.0215779      4.60851
0.145     -0.108332     0.0220432      3.29113
0.145     -0.108332     0.0224898      2.26121
0.145     -0.108332     0.0229191      1.48372
0.145     -0.108332     0.0233324      0.923133
0.145     -0.108332     0.0237309      0.528666
0.145     -0.108332     0.0241155      0.267705
0.145     -0.108332     0.0244872      0.113603
0.145     -0.108332     0.0248469      0.0326575
0.145     -0.108332     0.0251952      0.00378062
0.145     -0.108332     0.025533      0
0.145     -2e-20     0      0
0.145     -2e-20     0.00290932      81.9184
0.145     -2e-20     0.0052118      93.1611
0.145     -2e-20     0.00711742      125.694
0.145     -2e-20     0.00874308      125.22
0.145     -2e-20     0.0101606      106.807
0.145     -2e-20     0.0114173      90.5924
0.145     -2e-20     0.0125459      81.7152
0.145     -2e-20     0.0135703      87.6361
0.145     -2e-20     0.0145079      71.5624
0.145     -2e-20     0.0153724      58.5194
0.145     -2e-20     0.0161744      54.9149
0.145     -2e-20     0.0169222      43.2953
0.145     -2e-20     0.0176228      35.7325
0.145     -2e-20     0.0182817      27.7522
0.145     -2e-20     0.0189037      20.9047
0.145     -2e-20     0.0194926      15.64
0.145     -2e-20     0.0200518      11.5736
0.145     -2e-20     0.0205842      8.43642
0.145     -2e-20     0.0210922      6.25026
0.145     -2e-20     0.0215779      4.5846
0.145     -2e-20     0.0220432      3.26246
0.145     -2e-20     0.0224898      2.2485
0.145     -2e-20     0.0229191      1.4819
0.145     -2e-20     0.0233324      0.920954
0.145     -2e-20     0.0237309      0.529491
0.145     -2e-20     0.0241155      0.267849
0.145     -2e-20     0.0244872      0.113546
0.145     -2e-20     0.0248469      0.0330478
0.145     -2e-20     0.0251952      0.0039822
0.145     -2e-20     0.025533      0
0.145     0.0922185     0      0
0.145     0.0922185     0.00290932      81.6847
0.145     0.0922185     0.0052118      92.3725
0.145     0.0922185     0.00711742      124.741
0.145     0.0922185     0.00874308      124.205
0.145     0.0922185     0.0101606      106.355
0.145     0.0922185     0.0114173      90.4175
0.145     0.0922185     0.0125459      81.5823
0.145     0.0922185     0.0135703      87.6111
0.145     0.0922185     0.0145079      71.5805
0.145     0.0922185     0.0153724      59.3712
0.145     0.0922185     0.0161744      56.2827
0.145     0.0922185     0.0169222      44.9571
0.145     0.0922185     0.0176228      37.6936
0.145     0.0922185     0.0182817      29.8421
0.145     0.0922185     0.0189037      23.0211
0.145     0.0922185     0.0194926      17.1203
0.145     0.0922185     0.0200518      12.5957
0.145     0.0922185     0.0205842      9.06546
0.145     0.0922185     0.0210922      6.37094
0.145     0.0922185     0.0215779      4.58376
0.145     0.0922185     0.0220432      3.27612
0.145     0.0922185     0.0224898      2.25352
0.145     0.0922185     0.0229191      1.49621
0.145     0.0922185     0.0233324      0.928067
0.145     0.0922185     0.0237309      0.532008
0.145     0.0922185     0.0241155      0.269893
0.145     0.0922185     0.0244872      0.113549
0.145     0.0922185     0.0248469      0.0347428
0.145     0.0922185     0.0251952      0.00465742
0.145     0.0922185     0.025533      0
0.145     0.172502     0      0
0.145     0.172502     0.00290932      81.4558
0.145     0.172502     0.0052118      91.6947
0.145     0.172502     0.00711742      123.656
0.145     0.172502     0.00874308      123.354
0.145     0.172502     0.0101606      105.741
0.145     0.172502     0.0114173      90.0481
0.145     0.172502     0.0125459      81.2706
0.145     0.172502     0.0135703      87.6157
0.145     0.172502     0.0145079      71.5863
0.145     0.172502     0.0153724      59.4954
0.145     0.172502     0.0161744      57.1338
0.145     0.172502     0.0169222      46.3437
0.145     0.172502     0.0176228      39.5168
0.145     0.172502     0.0182817      31.8478
0.145     0.172502     0.0189037      25.0572
0.145     0.172502     0.0194926      19.1674
0.145     0.172502     0.0200518      13.9765
0.145     0.172502     0.0205842      10.0571
0.145     0.172502     0.0210922      7.0148
0.145     0.172502     0.0215779      4.73075
0.145     0.172502     0.0220432      3.2972
0.145     0.172502     0.0224898      2.27824
0.145     0.172502     0.0229191      1.50469
0.145     0.172502     0.0233324      0.940103
0.145     0.172502     0.0237309      0.536917
0.145     0.172502     0.0241155      0.278013
0.145     0.172502     0.0244872      0.117097
0.145     0.172502     0.0248469      0.0352053
0.145     0.172502     0.0251952      0.00458569
0.145     0.172502     0.025533      0
0.145     0.243589     0      0
0.145     0.243589     0.00290932      81.2298
0.145     0.243589     0.0052118      91.1128
0.145     0.243589     0.00711742      122.846
0.145     0.243589     0.00874308      122.656
0.145     0.243589     0.0101606      104.839
0.145     0.243589     0.0114173      89.5336
0.145     0.243589     0.0125459      81.0844
0.145     0.243589     0.0135703      87.4956
0.145     0.243589     0.0145079      71.6536
0.145     0.243589     0.0153724      59.637
0.145     0.243589     0.0161744      57.5556
0.145     0.243589     0.0169222      47.2866
0.145     0.243589     0.0176228      41.0511
0.145     0.243589     0.0182817      33.6605
0.145     0.243589     0.0189037      27.009
0.145     0.243589     0.0194926      21.1229
0.145     0.243589     0.0200518      15.9104
0.145     0.243589     0.0205842      11.3244
0.145     0.243589     0.0210922      7.93145
0.145     0.243589     0.0215779      5.31169
0.145     0.243589     0.0220432      3.41807
0.145     0.243589     0.0224898      2.28957
0.145     0.243589     0.0229191      1.50856
0.145     0.243589     0.0233324      0.945987
0.145     0.243589     0.0237309      0.538791
0.145     0.243589     0.0241155      0.280816
0.145     0.243589     0.0244872      0.117024
0.145     0.243589     0.0248469      0.0351495
0.145     0.243589     0.0251952      0.00455133
0.145     0.243589     0.025533      0
0.145     0.307372     0      0
0.145     0.307372     0.00290932      81.0253
0.145     0.307372     0.0052118      90.5369
0.145     0.307372     0.00711742      122.122
0.145     0.307372     0.00874308      121.741
0.145     0.307372     0.0101606      103.748
0.145     0.307372     0.0114173      88.9161
0.145     0.307372     0.0125459      80.8505
0.145     0.307372     0.0135703      87.4018
0.145     0.307372     0.0145079      71.5148
0.145     0.307372     0.0153724      59.6494
0.145     0.307372     0.0161744      57.6714
0.145     0.307372     0.0169222      47.8253
0.145     0.307372     0.0176228      42.2087
0.145     0.307372     0.0182817      35.3363
0.145     0.307372     0.0189037      28.8113
0.145     0.307372     0.0194926      23.0453
0.145     0.307372     0.0200518      17.7751
0.145     0.307372     0.0205842      13.1347
0.145     0.307372     0.0210922      9.06363
0.145     0.307372     0.0215779      6.16372
0.145     0.307372     0.0220432      3.90161
0.145     0.307372     0.0224898      2.35852
0.145     0.307372     0.0229191      1.5055
0.145     0.307372     0.0233324      0.941812
0.145     0.307372     0.0237309      0.537382
0.145     0.307372     0.0241155      0.278589
0.145     0.307372     0.0244872      0.116278
0.145     0.307372     0.0248469      0.0349137
0.145     0.307372     0.0251952      0.00451942
0.145     0.307372     0.025533      0
0.145     0.365212     0      0
0.145     0.365212     0.00290932      80.8775
0.145     0.365212     0.0052118      90.0026
0.145     0.365212     0.00711742      121.34
0.145     0.365212     0.00874308      120.785
0.145     0.365212     0.0101606      102.931
0.145     0.365212     0.0114173      88.1557
0.145     0.365212     0.0125459      80.3472
0.145     0.365212     0.0135703      87.1644
0.145     0.365212     0.0145079      71.4156
0.145     0.365212     0.0153724      59.7212
0.145     0.365212     0.0161744      57.7584
0.145     0.365212     0.0169222      47.9779
0.145     0.365212     0.0176228      42.9745
0.145     0.365212     0.0182817      36.6895
0.145     0.365212     0.0189037      30.572
0.145     0.365212     0.0194926      24.7644
0.145     0.365212     0.0200518      19.6378
0.145     0.365212     0.0205842      14.9273
0.145     0.365212     0.0210922      10.7693
0.145     0.365212     0.0215779      7.15943
0.145     0.365212     0.0220432      4.66747
0.145     0.365212     0.0224898      2.73385
0.145     0.365212     0.0229191      1.54257
0.145     0.365212     0.0233324      0.938608
0.145     0.365212     0.0237309      0.533654
0.145     0.365212     0.0241155      0.273868
0.145     0.365212     0.0244872      0.114093
0.145     0.365212     0.0248469      0.0342366
0.145     0.365212     0.0251952      0.00448346
0.145     0.365212     0.025533      0
0.145     0.418124     0      0
0.145     0.418124     0.00290932      80.673
0.145     0.418124     0.0052118      89.5254
0.145     0.418124     0.00711742      120.698
0.145     0.418124     0.00874308      119.987
0.145     0.418124     0.0101606      102.029
0.145     0.418124     0.0114173      87.1538
0.145     0.418124     0.0125459      79.6863
0.145     0.418124     0.0135703      87.1378
0.145     0.418124     0.0145079      71.3185
0.145     0.418124     0.0153724      59.6284
0.145     0.418124     0.0161744      58.0057
0.145     0.418124     0.0169222      48.1541
0.145     0.418124     0.0176228      43.3933
0.145     0.418124     0.0182817      37.6462
0.145     0.418124     0.0189037      32.0834
0.145     0.418124     0.0194926      26.5615
0.145     0.418124     0.0200518      21.3091
0.145     0.418124     0.0205842      16.7381
0.145     0.418124     0.0210922      12.5313
0.145     0.418124     0.0215779      8.72635
0.145     0.418124     0.0220432      5.5368
0.145     0.418124     0.0224898      3.37158
0.145     0.418124     0.0229191      1.79845
0.145     0.418124     0.0233324      0.947528
0.145     0.418124     0.0237309      0.533025
0.145     0.418124     0.0241155      0.269577
0.145     0.418124     0.0244872      0.112778
0.145     0.418124     0.0248469      0.032658
0.145     0.418124     0.0251952      0.0038134
0.145     0.418124     0.025533      0
0.145     0.466881     0      0
0.145     0.466881     0.00290932      80.4969
0.145     0.466881     0.0052118      89.1349
0.145     0.466881     0.00711742      120.157
0.145     0.466881     0.00874308      119.26
0.145     0.466881     0.0101606      101.007
0.145     0.466881     0.0114173      86.2705
0.145     0.466881     0.0125459      79.0354
0.145     0.466881     0.0135703      86.8191
0.145     0.466881     0.0145079      71.2546
0.145     0.466881     0.0153724      59.5794
0.145     0.466881     0.0161744      58.0356
0.145     0.466881     0.0169222      48.3574
0.145     0.466881     0.0176228      43.716
0.145     0.466881     0.0182817      38.3448
0.145     0.466881     0.0189037      33.2021
0.145     0.466881     0.0194926      28.1871
0.145     0.466881     0.0200518      23.0977
0.145     0.466881     0.0205842      18.3948
0.145     0.466881     0.0210922      14.3555
0.145     0.466881     0.0215779      10.3945
0.145     0.466881     0.0220432      6.91056
0.145     0.466881     0.0224898      4.0954
0.145     0.466881     0.0229191      2.30725
0.145     0.466881     0.0233324      1.10218
0.145     0.466881     0.0237309      0.534876
0.145     0.466881     0.0241155      0.270138
0.145     0.466881     0.0244872      0.113156
0.145     0.466881     0.0248469      0.0317797
0.145     0.466881     0.0251952      0.0038471
0.145     0.466881     0.025533      0
0.145     0.512089     0      0
0.145     0.512089     0.00290932      80.328
0.145     0.512089     0.0052118      88.8241
0.145     0.512089     0.00711742      119.604
0.145     0.512089     0.00874308      118.453
0.145     0.512089     0.0101606      100.085
0.145     0.512089     0.0114173      85.4813
0.145     0.512089     0.0125459      78.087
0.145     0.512089     0.0135703      86.322
0.145     0.512089     0.0145079      71.2665
0.145     0.512089     0.0153724      59.503
0.145     0.512089     0.0161744      58.0312
0.145     0.512089     0.0169222      48.5386
0.145     0.512089     0.0176228      43.9285
0.145     0.512089     0.0182817      38.6953
0.145     0.512089     0.0189037      34.1159
0.145     0.512089     0.0194926      29.5245
0.145     0.512089     0.0200518      24.8049
0.145     0.512089     0.0205842      20.06
0.145     0.512089     0.0210922      16.0437
0.145     0.512089     0.0215779      12.212
0.145     0.512089     0.0220432      8.46398
0.145     0.512089     0.0224898      5.20166
0.145     0.512089     0.0229191      2.90554
0.145     0.512089     0.0233324      1.46786
0.145     0.512089     0.0237309      0.601528
0.145     0.512089     0.0241155      0.269655
0.145     0.512089     0.0244872      0.110489
0.145     0.512089     0.0248469      0.0319184
0.145     0.512089     0.0251952      0.00385945
0.145     0.512089     0.025533      0
0.145     0.55423     0      0
0.145     0.55423     0.00290932      80.1535
0.145     0.55423     0.0052118      88.5094
0.145     0.55423     0.00711742      119.093
0.145     0.55423     0.00874308      117.649
0.145     0.55423     0.0101606      99.2354
0.145     0.55423     0.0114173      84.512
0.145     0.55423     0.0125459      77.191
0.145     0.55423     0.0135703      85.8666
0.145     0.55423     0.0145079      70.9658
0.145     0.55423     0.0153724      59.5498
0.145     0.55423     0.0161744      58.0441
0.145     0.55423     0.0169222      48.4886
0.145     0.55423     0.0176228      44.2168
0.145     0.55423     0.0182817      39.0314
0.145     0.55423     0.0189037      34.6457
0.145     0.55423     0.0194926      30.5782
0.145     0.55423     0.0200518      26.2621
0.145     0.55423     0.0205842      21.773
0.145     0.55423     0.0210922      17.7124
0.145     0.55423     0.0215779      13.8974
0.145     0.55423     0.0220432      10.2292
0.145     0.55423     0.0224898      6.54057
0.145     0.55423     0.0229191      3.79773
0.145     0.55423     0.0233324      1.96114
0.145     0.55423     0.0237309      0.825382
0.145     0.55423     0.0241155      0.275517
0.145     0.55423     0.0244872      0.110234
0.145     0.55423     0.0248469      0.0313979
0.145     0.55423     0.0251952      0.00387037
0.145     0.55423     0.025533      0
0.145     0.593693     0      0
0.145     0.593693     0.00290932      79.9672
0.145     0.593693     0.0052118      88.2183
0.145     0.593693     0.00711742      118.657
0.145     0.593693     0.00874308      117.044
0.145     0.593693     0.0101606      98.474
0.145     0.593693     0.0114173      83.5019
0.145     0.593693     0.0125459      76.3602
0.145     0.593693     0.0135703      85.1195
0.145     0.593693     0.0145079      70.476
0.145     0.593693     0.0153724      59.5508
0.145     0.593693     0.0161744      58.0154
0.145     0.593693     0.0169222      48.5489
0.145     0.593693     0.0176228      44.4308
0.145     0.593693     0.0182817      39.4195
0.145     0.593693     0.0189037      35.1027
0.145     0.593693     0.0194926      31.3385
0.145     0.593693     0.0200518      27.4328
0.145     0.593693     0.0205842      23.3101
0.145     0.593693     0.0210922      19.5457
0.145     0.593693     0.0215779      15.619
0.145     0.593693     0.0220432      11.8849
0.145     0.593693     0.0224898      8.17456
0.145     0.593693     0.0229191      4.90871
0.145     0.593693     0.0233324      2.66019
0.145     0.593693     0.0237309      1.21403
0.145     0.593693     0.0241155      0.369744
0.145     0.593693     0.0244872      0.108705
0.145     0.593693     0.0248469      0.0313786
0.145     0.593693     0.0251952      0.00386818
0.145     0.593693     0.025533      0
0.145     0.630798     0      0
0.145     0.630798     0.00290932      79.7739
0.145     0.630798     0.0052118      87.9417
0.145     0.630798     0.00711742      118.216
0.145     0.630798     0.00874308      116.462
0.145     0.630798     0.0101606      97.6511
0.145     0.630798     0.0114173      82.5618
0.145     0.630798     0.0125459      75.4794
0.145     0.630798     0.0135703      84.3842
0.145     0.630798     0.0145079      70.068
0.145     0.630798     0.0153724      59.2898
0.145     0.630798     0.0161744      58.2264
0.145     0.630798     0.0169222      48.4948
0.145     0.630798     0.0176228      44.4197
0.145     0.630798     0.0182817      39.6567
0.145     0.630798     0.0189037      35.4296
0.145     0.630798     0.0194926      31.7828
0.145     0.630798     0.0200518      28.3811
0.145     0.630798     0.0205842      24.6287
0.145     0.630798     0.0210922      21.251
0.145     0.630798     0.0215779      17.4513
0.145     0.630798     0.0220432      13.629
0.145     0.630798     0.0224898      9.77906
0.145     0.630798     0.0229191      6.34462
0.145     0.630798     0.0233324      3.53125
0.145     0.630798     0.0237309      1.76735
0.145     0.630798     0.0241155      0.628872
0.145     0.630798     0.0244872      0.125345
0.145     0.630798     0.0248469      0.0313806
0.145     0.630798     0.0251952      0.00386871
0.145     0.630798     0.025533      0
0.145     0.665812     0      0
0.145     0.665812     0.00290932      79.6043
0.145     0.665812     0.0052118      87.6788
0.145     0.665812     0.00711742      117.868
0.145     0.665812     0.00874308      115.85
0.145     0.665812     0.0101606      96.7071
0.145     0.665812     0.0114173      81.7465
0.145     0.665812     0.0125459      74.4419
0.145     0.665812     0.0135703      83.7309
0.145     0.665812     0.0145079      69.3912
0.145     0.665812     0.0153724      58.8432
0.145     0.665812     0.0161744      58.2415
0.145     0.665812     0.0169222      48.5232
0.145     0.665812     0.0176228      44.5142
0.145     0.665812     0.0182817      39.7925
0.145     0.665812     0.0189037      35.8053
0.145     0.665812     0.0194926      32.1941
0.145     0.665812     0.0200518      28.9332
0.145     0.665812     0.0205842      25.7419
0.145     0.665812     0.0210922      22.8221
0.145     0.665812     0.0215779      19.2839
0.145     0.665812     0.0220432      15.3829
0.145     0.665812     0.0224898      11.4875
0.145     0.665812     0.0229191      7.88597
0.145     0.665812     0.0233324      4.73037
0.145     0.665812     0.0237309      2.42558
0.145     0.665812     0.0241155      1.03558
0.145     0.665812     0.0244872      0.234906
0.145     0.665812     0.0248469      0.0315265
0.145     0.665812     0.0251952      0.00387206
0.145     0.665812     0.025533      0
0.145     0.698958     0      0
0.145     0.698958     0.00290932      79.4432
0.145     0.698958     0.0052118      87.4138
0.145     0.698958     0.00711742      117.505
0.145     0.698958     0.00874308      115.284
0.145     0.698958     0.0101606      96.041
0.145     0.698958     0.0114173      80.9266
0.145     0.698958     0.0125459      73.6146
0.145     0.698958     0.0135703      83.0533
0.145     0.698958     0.0145079      68.6548
0.145     0.698958     0.0153724      58.4175
0.145     0.698958     0.0161744      58.0519
0.145     0.698958     0.0169222      48.7924
0.145     0.698958     0.0176228      44.5186
0.145     0.698958     0.0182817      39.9106
0.145     0.698958     0.0189037      36.0892
0.145     0.698958     0.0194926      32.6307
0.145     0.698958     0.0200518      29.4469
0.145     0.698958     0.0205842      26.5266
0.145     0.698958     0.0210922      24.1905
0.145     0.698958     0.0215779      21.0225
0.145     0.698958     0.0220432      17.2453
0.145     0.698958     0.0224898      13.2166
0.145     0.698958     0.0229191      9.50434
0.145     0.698958     0.0233324      6.1454
0.145     0.698958     0.0237309      3.35687
0.145     0.698958     0.0241155      1.5445
0.145     0.698958     0.0244872      0.463529
0.145     0.698958     0.0248469      0.0448837
0.145     0.698958     0.0251952      0.00387795
0.145     0.698958     0.025533      0
0.145     0.730425     0      0
0.145     0.730425     0.00290932      79.2839
0.145     0.730425     0.0052118      87.1435
0.145     0.730425     0.00711742      117.139
0.145     0.730425     0.00874308      114.796
0.145     0.730425     0.0101606      95.3917
0.145     0.730425     0.0114173      80.0051
0.145     0.730425     0.0125459      72.7347
0.145     0.730425     0.0135703      82.1958
0.145     0.730425     0.0145079      67.9551
0.145     0.730425     0.0153724      57.768
0.145     0.730425     0.0161744      57.7072
0.145     0.730425     0.0169222      48.772
0.145     0.730425     0.0176228      44.6236
0.145     0.730425     0.0182817      39.9487
0.145     0.730425     0.0189037      36.1828
0.145     0.730425     0.0194926      32.9448
0.145     0.730425     0.0200518      29.7884
0.145     0.730425     0.0205842      27.0124
0.145     0.730425     0.0210922      25.2783
0.145     0.730425     0.0215779      22.5934
0.145     0.730425     0.0220432      19.0673
0.145     0.730425     0.0224898      15.0425
0.145     0.730425     0.0229191      11.2179
0.145     0.730425     0.0233324      7.63934
0.145     0.730425     0.0237309      4.5466
0.145     0.730425     0.0241155      2.23162
0.145     0.730425     0.0244872      0.816436
0.145     0.730425     0.0248469      0.123415
0.145     0.730425     0.0251952      0.00388626
0.145     0.730425     0.025533      0
0.145     0.760374     0      0
0.145     0.760374     0.00290932      79.1255
0.145     0.760374     0.0052118      86.8477
0.145     0.760374     0.00711742      116.791
0.145     0.760374     0.00874308      114.346
0.145     0.760374     0.0101606      94.6939
0.145     0.760374     0.0114173      79.0196
0.145     0.760374     0.0125459      71.9799
0.145     0.760374     0.0135703      81.4075
0.145     0.760374     0.0145079      67.2541
0.145     0.760374     0.0153724      57.0485
0.145     0.760374     0.0161744      57.3548
0.145     0.760374     0.0169222      48.5995
0.145     0.760374     0.0176228      44.8764
0.145     0.760374     0.0182817      40.0568
0.145     0.760374     0.0189037      36.3525
0.145     0.760374     0.0194926      33.1772
0.145     0.760374     0.0200518      30.2237
0.145     0.760374     0.0205842      27.5139
0.145     0.760374     0.0210922      26.0424
0.145     0.760374     0.0215779      23.9522
0.145     0.760374     0.0220432      20.8037
0.145     0.760374     0.0224898      16.8691
0.145     0.760374     0.0229191      12.9351
0.145     0.760374     0.0233324      9.33813
0.145     0.760374     0.0237309      5.90751
0.145     0.760374     0.0241155      3.09263
0.145     0.760374     0.0244872      1.29633
0.145     0.760374     0.0248469      0.300358
0.145     0.760374     0.0251952      0.00675337
0.145     0.760374     0.025533      0
0.145     0.788947     0      0
0.145     0.788947     0.00290932      78.9899
0.145     0.788947     0.0052118      86.5954
0.145     0.788947     0.00711742      116.44
0.145     0.788947     0.00874308      113.934
0.145     0.788947     0.0101606      93.985
0.145     0.788947     0.0114173      78.2801
0.145     0.788947     0.0125459      71.1939
0.145     0.788947     0.0135703      80.7284
0.145     0.788947     0.0145079      66.4243
0.145     0.788947     0.0153724      56.3354
0.145     0.788947     0.0161744      56.7845
0.145     0.788947     0.0169222      48.2633
0.145     0.788947     0.0176228      44.8124
0.145     0.788947     0.0182817      40.1848
0.145     0.788947     0.0189037      36.3636
0.145     0.788947     0.0194926      33.3966
0.145     0.788947     0.0200518      30.6011
0.145     0.788947     0.0205842      27.9096
0.145     0.788947     0.0210922      26.7379
0.145     0.788947     0.0215779      25.0394
0.145     0.788947     0.0220432      22.3711
0.145     0.788947     0.0224898      18.8178
0.145     0.788947     0.0229191      14.8322
0.145     0.788947     0.0233324      11.0425
0.145     0.788947     0.0237309      7.48267
0.145     0.788947     0.0241155      4.26422
0.145     0.788947     0.0244872      1.88854
0.145     0.788947     0.0248469      0.58536
0.145     0.788947     0.0251952      0.0404016
0.145     0.788947     0.025533      0
0.145     0.816262     0      0
0.145     0.816262     0.00290932      78.866
0.145     0.816262     0.0052118      86.3118
0.145     0.816262     0.00711742      116.06
0.145     0.816262     0.00874308      113.55
0.145     0.816262     0.0101606      93.3941
0.145     0.816262     0.0114173      77.5663
0.145     0.816262     0.0125459      70.2356
0.145     0.816262     0.0135703      80.0306
0.145     0.816262     0.0145079      65.5225
0.145     0.816262     0.0153724      55.6531
0.145     0.816262     0.0161744      56.1537
0.145     0.816262     0.0169222      47.8947
0.145     0.816262     0.0176228      44.7114
0.145     0.816262     0.0182817      40.358
0.145     0.816262     0.0189037      36.5907
0.145     0.816262     0.0194926      33.5816
0.145     0.816262     0.0200518      30.805
0.145     0.816262     0.0205842      28.3385
0.145     0.816262     0.0210922      27.1973
0.145     0.816262     0.0215779      25.8364
0.145     0.816262     0.0220432      23.7401
0.145     0.816262     0.0224898      20.567
0.145     0.816262     0.0229191      16.7942
0.145     0.816262     0.0233324      12.8905
0.145     0.816262     0.0237309      9.13184
0.145     0.816262     0.0241155      5.58019
0.145     0.816262     0.0244872      2.67483
0.145     0.816262     0.0248469      0.971285
0.145     0.816262     0.0251952      0.133174
0.145     0.816262     0.025533      0
0.145     0.842428     0      0
0.145     0.842428     0.00290932      78.721
0.145     0.842428     0.0052118      86.0648
0.145     0.842428     0.00711742      115.689
0.145     0.842428     0.00874308      113.206
0.145     0.842428     0.0101606      92.7927
0.145     0.842428     0.0114173      76.7657
0.145     0.842428     0.0125459      69.3194
0.145     0.842428     0.0135703      79.3865
0.145     0.842428     0.0145079      64.8353
0.145     0.842428     0.0153724      54.8153
0.145     0.842428     0.0161744      55.5458
0.145     0.842428     0.0169222      47.3022
0.145     0.842428     0.0176228      44.3577
0.145     0.842428     0.0182817      40.3157
0.145     0.842428     0.0189037      36.6738
0.145     0.842428     0.0194926      33.7167
0.145     0.842428     0.0200518      31.1333
0.145     0.842428     0.0205842      28.663
0.145     0.842428     0.0210922      27.7811
0.145     0.842428     0.0215779      26.6441
0.145     0.842428     0.0220432      24.8183
0.145     0.842428     0.0224898      22.2259
0.145     0.842428     0.0229191      18.7572
0.145     0.842428     0.0233324      14.8476
0.145     0.842428     0.0237309      10.913
0.145     0.842428     0.0241155      7.0857
0.145     0.842428     0.0244872      3.65865
0.145     0.842428     0.0248469      1.44708
0.145     0.842428     0.0251952      0.28243
0.145     0.842428     0.025533      0
0.145     0.867536     0      0
0.145     0.867536     0.00290932      78.5937
0.145     0.867536     0.0052118      85.7754
0.145     0.867536     0.00711742      115.306
0.145     0.867536     0.00874308      112.828
0.145     0.867536     0.0101606      92.2766
0.145     0.867536     0.0114173      76.0148
0.145     0.867536     0.0125459      68.5704
0.145     0.867536     0.0135703      78.6129
0.145     0.867536     0.0145079      64.0505
0.145     0.867536     0.0153724      53.9394
0.145     0.867536     0.0161744      54.8876
0.145     0.867536     0.0169222      46.6936
0.145     0.867536     0.0176228      43.9544
0.145     0.867536     0.0182817      40.223
0.145     0.867536     0.0189037      36.6927
0.145     0.867536     0.0194926      33.9423
0.145     0.867536     0.0200518      31.2718
0.145     0.867536     0.0205842      28.9964
0.145     0.867536     0.0210922      28.3812
0.145     0.867536     0.0215779      27.0939
0.145     0.867536     0.0220432      25.7345
0.145     0.867536     0.0224898      23.6715
0.145     0.867536     0.0229191      20.552
0.145     0.867536     0.0233324      16.9465
0.145     0.867536     0.0237309      12.8783
0.145     0.867536     0.0241155      8.70131
0.145     0.867536     0.0244872      4.83118
0.145     0.867536     0.0248469      2.00839
0.145     0.867536     0.0251952      0.427814
0.145     0.867536     0.025533      0
0.145     0.891668     0      0
0.145     0.891668     0.00290932      78.4605
0.145     0.891668     0.0052118      85.5027
0.145     0.891668     0.00711742      114.913
0.145     0.891668     0.00874308      112.457
0.145     0.891668     0.0101606      91.7919
0.145     0.891668     0.0114173      75.3909
0.145     0.891668     0.0125459      67.7918
0.145     0.891668     0.0135703      77.7697
0.145     0.891668     0.0145079      63.3817
0.145     0.891668     0.0153724      53.1248
0.145     0.891668     0.0161744      54.119
0.145     0.891668     0.0169222      46.0852
0.145     0.891668     0.0176228      43.3396
0.145     0.891668     0.0182817      39.7975
0.145     0.891668     0.0189037      36.8144
0.145     0.891668     0.0194926      33.8222
0.145     0.891668     0.0200518      31.6194
0.145     0.891668     0.0205842      29.3768
0.145     0.891668     0.0210922      28.6808
0.145     0.891668     0.0215779      27.9008
0.145     0.891668     0.0220432      26.4162
0.145     0.891668     0.0224898      24.8492
0.145     0.891668     0.0229191      22.3636
0.145     0.891668     0.0233324      18.958
0.145     0.891668     0.0237309      14.9418
0.145     0.891668     0.0241155      10.4689
0.145     0.891668     0.0244872      6.11139
0.145     0.891668     0.0248469      2.66345
0.145     0.891668     0.0251952      0.550783
0.145     0.891668     0.025533      0
0.145     0.914898     0      0
0.145     0.914898     0.00290932      78.3282
0.145     0.914898     0.0052118      85.2182
0.145     0.914898     0.00711742      114.504
0.145     0.914898     0.00874308      112.037
0.145     0.914898     0.0101606      91.3163
0.145     0.914898     0.0114173      74.7119
0.145     0.914898     0.0125459      67.0099
0.145     0.914898     0.0135703      77.1618
0.145     0.914898     0.0145079      62.5383
0.145     0.914898     0.0153724      52.315
0.145     0.914898     0.0161744      53.4281
0.145     0.914898     0.0169222      45.3604
0.145     0.914898     0.0176228      42.7816
0.145     0.914898     0.0182817      39.3106
0.145     0.914898     0.0189037      36.646
0.145     0.914898     0.0194926      33.9628
0.145     0.914898     0.0200518      31.7809
0.145     0.914898     0.0205842      29.7046
0.145     0.914898     0.0210922      29.2368
0.145     0.914898     0.0215779      28.4519
0.145     0.914898     0.0220432      27.0724
0.145     0.914898     0.0224898      25.9188
0.145     0.914898     0.0229191      23.9287
0.145     0.914898     0.0233324      21.0106
0.145     0.914898     0.0237309      17.0962
0.145     0.914898     0.0241155      12.3824
0.145     0.914898     0.0244872      7.49865
0.145     0.914898     0.0248469      3.3934
0.145     0.914898     0.0251952      0.667418
0.145     0.914898     0.025533      0
0.145     0.937291     0      0
0.145     0.937291     0.00290932      78.188
0.145     0.937291     0.0052118      84.9242
0.145     0.937291     0.00711742      114.063
0.145     0.937291     0.00874308      111.635
0.145     0.937291     0.0101606      90.8859
0.145     0.937291     0.0114173      74.1168
0.145     0.937291     0.0125459      66.2921
0.145     0.937291     0.0135703      76.4557
0.145     0.937291     0.0145079      61.5853
0.145     0.937291     0.0153724      51.4993
0.145     0.937291     0.0161744      52.6998
0.145     0.937291     0.0169222      44.5671
0.145     0.937291     0.0176228      42.1725
0.145     0.937291     0.0182817      38.5924
0.145     0.937291     0.0189037      36.1697
0.145     0.937291     0.0194926      34.0627
0.145     0.937291     0.0200518      31.7219
0.145     0.937291     0.0205842      30.0478
0.145     0.937291     0.0210922      29.6092
0.145     0.937291     0.0215779      28.854
0.145     0.937291     0.0220432      27.8936
0.145     0.937291     0.0224898      26.7354
0.145     0.937291     0.0229191      25.2716
0.145     0.937291     0.0233324      22.9848
0.145     0.937291     0.0237309      19.3083
0.145     0.937291     0.0241155      14.4551
0.145     0.937291     0.0244872      9.02946
0.145     0.937291     0.0248469      4.20969
0.145     0.937291     0.0251952      0.811606
0.145     0.937291     0.025533      0
0.145     0.958905     0      0
0.145     0.958905     0.00290932      78.0374
0.145     0.958905     0.0052118      84.61
0.145     0.958905     0.00711742      113.663
0.145     0.958905     0.00874308      111.235
0.145     0.958905     0.0101606      90.4517
0.145     0.958905     0.0114173      73.4812
0.145     0.958905     0.0125459      65.5909
0.145     0.958905     0.0135703      75.8289
0.145     0.958905     0.0145079      60.8346
0.145     0.958905     0.0153724      50.553
0.145     0.958905     0.0161744      51.7924
0.145     0.958905     0.0169222      43.976
0.145     0.958905     0.0176228      41.3688
0.145     0.958905     0.0182817      38.0617
0.145     0.958905     0.0189037      35.5827
0.145     0.958905     0.0194926      33.7652
0.145     0.958905     0.0200518      31.8536
0.145     0.958905     0.0205842      30.063
0.145     0.958905     0.0210922      30.1501
0.145     0.958905     0.0215779      29.4268
0.145     0.958905     0.0220432      28.4108
0.145     0.958905     0.0224898      27.633
0.145     0.958905     0.0229191      26.4499
0.145     0.958905     0.0233324      24.7338
0.145     0.958905     0.0237309      21.5411
0.145     0.958905     0.0241155      16.5953
0.145     0.958905     0.0244872      10.6854
0.145     0.958905     0.0248469      5.14775
0.145     0.958905     0.0251952      0.999573
0.145     0.958905     0.025533      0
0.145     0.979792     0      0
0.145     0.979792     0.00290932      77.9103
0.145     0.979792     0.0052118      84.2562
0.145     0.979792     0.00711742      113.149
0.145     0.979792     0.00874308      110.816
0.145     0.979792     0.0101606      89.919
0.145     0.979792     0.0114173      72.9171
0.145     0.979792     0.0125459      64.911
0.145     0.979792     0.0135703      75.2718
0.145     0.979792     0.0145079      59.9862
0.145     0.979792     0.0153724      49.5008
0.145     0.979792     0.0161744      50.8511
0.145     0.979792     0.0169222      43.199
0.145     0.979792     0.0176228      40.7678
0.145     0.979792     0.0182817      37.249
0.145     0.979792     0.0189037      34.7482
0.145     0.979792     0.0194926      33.2988
0.145     0.979792     0.0200518      31.7815
0.145     0.979792     0.0205842      30.479
0.145     0.979792     0.0210922      30.3739
0.145     0.979792     0.0215779      29.9041
0.145     0.979792     0.0220432      28.8709
0.145     0.979792     0.0224898      28.497
0.145     0.979792     0.0229191      27.6347
0.145     0.979792     0.0233324      26.389
0.145     0.979792     0.0237309      23.6645
0.145     0.979792     0.0241155      18.8775
0.145     0.979792     0.0244872      12.4601
0.145     0.979792     0.0248469      6.14404
0.145     0.979792     0.0251952      1.22483
0.145     0.979792     0.025533      0
0.145     1     0      0
0.145     1     0.00290932      77.7793
0.145     1     0.0052118      83.8383
0.145     1     0.00711742      112.536
0.145     1     0.00874308      110.448
0.145     1     0.0101606      89.2255
0.145     1     0.0114173      72.3389
0.145     1     0.0125459      64.1833
0.145     1     0.0135703      74.7034
0.145     1     0.0145079      59.283
0.145     1     0.0153724      48.4795
0.145     1     0.0161744      49.8996
0.145     1     0.0169222      42.0749
0.145     1     0.0176228      40.0413
0.145     1     0.0182817      36.6252
0.145     1     0.0189037      34.0966
0.145     1     0.0194926      31.8113
0.145     1     0.0200518      31.539
0.145     1     0.0205842      30.9606
0.145     1     0.0210922      31.0884
0.145     1     0.0215779      29.9878
0.145     1     0.0220432      29.1986
0.145     1     0.0224898      29.1073
0.145     1     0.0229191      29.0521
0.145     1     0.0233324      27.769
0.145     1     0.0237309      25.6065
0.145     1     0.0241155      21.2265
0.145     1     0.0244872      14.4373
0.145     1     0.0248469      7.17969
0.145     1     0.0251952      1.47919
0.145     1     0.025533      0
