0.1425     -1     0      0
0.1425     -1     0.00398346      71.4644
0.1425     -1     0.00713603      70.1284
0.1425     -1     0.00974523      61.6909
0.1425     -1     0.0119711      54.8499
0.1425     -1     0.013912      47.3777
0.1425     -1     0.0156326      41.6639
0.1425     -1     0.017178      51.8413
0.1425     -1     0.0185805      39.4265
0.1425     -1     0.0198643      30.2395
0.1425     -1     0.021048      23.2705
0.1425     -1     0.0221461      20.5615
0.1425     -1     0.02317      19.5486
0.1425     -1     0.0241293      14.5326
0.1425     -1     0.0250315      11.5334
0.1425     -1     0.0258831      9.87591
0.1425     -1     0.0266894      7.62849
0.1425     -1     0.0274551      5.72592
0.1425     -1     0.0281841      4.28336
0.1425     -1     0.0288796      3.14597
0.1425     -1     0.0295446      2.29408
0.1425     -1     0.0301818      1.63501
0.1425     -1     0.0307932      1.12185
0.1425     -1     0.031381      0.743207
0.1425     -1     0.0319469      0.459634
0.1425     -1     0.0324925      0.266139
0.1425     -1     0.0330191      0.137324
0.1425     -1     0.0335281      0.0581225
0.1425     -1     0.0340205      0.017856
0.1425     -1     0.0344975      0.00258992
0.1425     -1     0.03496      3.99629e-06
0.1425     -0.634788     0      0
0.1425     -0.634788     0.00398346      78.7216
0.1425     -0.634788     0.00713603      79.4461
0.1425     -0.634788     0.00974523      71.182
0.1425     -0.634788     0.0119711      64.8223
0.1425     -0.634788     0.013912      57.6804
0.1425     -0.634788     0.0156326      51.081
0.1425     -0.634788     0.017178      64.3967
0.1425     -0.634788     0.0185805      50.3652
0.1425     -0.634788     0.0198643      39.6273
0.1425     -0.634788     0.021048      31.1411
0.1425     -0.634788     0.0221461      27.3441
0.1425     -0.634788     0.02317      25.3189
0.1425     -0.634788     0.0241293      18.5673
0.1425     -0.634788     0.0250315      14.7203
0.1425     -0.634788     0.0258831      12.6829
0.1425     -0.634788     0.0266894      9.89959
0.1425     -0.634788     0.0274551      7.54158
0.1425     -0.634788     0.0281841      5.66157
0.1425     -0.634788     0.0288796      4.20572
0.1425     -0.634788     0.0295446      3.07887
0.1425     -0.634788     0.0301818      2.19057
0.1425     -0.634788     0.0307932      1.5057
0.1425     -0.634788     0.031381      0.993544
0.1425     -0.634788     0.0319469      0.616868
0.1425     -0.634788     0.0324925      0.352747
0.1425     -0.634788     0.0330191      0.180663
0.1425     -0.634788     0.0335281      0.0770491
0.1425     -0.634788     0.0340205      0.0241295
0.1425     -0.634788     0.0344975      0.003501
0.1425     -0.634788     0.03496      5.41825e-06
0.1425     -0.406307     0      0
0.1425     -0.406307     0.00398346      83.6451
0.1425     -0.406307     0.00713603      86.3432
0.1425     -0.406307     0.00974523      77.8961
0.1425     -0.406307     0.0119711      71.6844
0.1425     -0.406307     0.013912      64.5629
0.1425     -0.406307     0.0156326      58.5033
0.1425     -0.406307     0.017178      74.488
0.1425     -0.406307     0.0185805      58.792
0.1425     -0.406307     0.0198643      47.2265
0.1425     -0.406307     0.021048      37.8483
0.1425     -0.406307     0.0221461      33.8657
0.1425     -0.406307     0.02317      31.6411
0.1425     -0.406307     0.0241293      23.3949
0.1425     -0.406307     0.0250315      18.3581
0.1425     -0.406307     0.0258831      15.3982
0.1425     -0.406307     0.0266894      11.8467
0.1425     -0.406307     0.0274551      8.97697
0.1425     -0.406307     0.0281841      6.72872
0.1425     -0.406307     0.0288796      5.00577
0.1425     -0.406307     0.0295446      3.67239
0.1425     -0.406307     0.0301818      2.62862
0.1425     -0.406307     0.0307932      1.82113
0.1425     -0.406307     0.031381      1.20482
0.1425     -0.406307     0.0319469      0.756235
0.1425     -0.406307     0.0324925      0.436704
0.1425     -0.406307     0.0330191      0.225303
0.1425     -0.406307     0.0335281      0.0965976
0.1425     -0.406307     0.0340205      0.030035
0.1425     -0.406307     0.0344975      0.00447617
0.1425     -0.406307     0.03496      6.94428e-06
0.1425     -0.239626     0      0
0.1425     -0.239626     0.00398346      87.2571
0.1425     -0.239626     0.00713603      91.9759
0.1425     -0.239626     0.00974523      83.5001
0.1425     -0.239626     0.0119711      77.4148
0.1425     -0.239626     0.013912      70.3827
0.1425     -0.239626     0.0156326      64.2988
0.1425     -0.239626     0.017178      82.8573
0.1425     -0.239626     0.0185805      65.4408
0.1425     -0.239626     0.0198643      52.9619
0.1425     -0.239626     0.021048      43.3188
0.1425     -0.239626     0.0221461      39.5209
0.1425     -0.239626     0.02317      37.3226
0.1425     -0.239626     0.0241293      28.1556
0.1425     -0.239626     0.0250315      22.2844
0.1425     -0.239626     0.0258831      18.4308
0.1425     -0.239626     0.0266894      14.0005
0.1425     -0.239626     0.0274551      10.3051
0.1425     -0.239626     0.0281841      7.61267
0.1425     -0.239626     0.0288796      5.6718
0.1425     -0.239626     0.0295446      4.16476
0.1425     -0.239626     0.0301818      2.98511
0.1425     -0.239626     0.0307932      2.07423
0.1425     -0.239626     0.031381      1.37948
0.1425     -0.239626     0.0319469      0.863176
0.1425     -0.239626     0.0324925      0.501216
0.1425     -0.239626     0.0330191      0.257192
0.1425     -0.239626     0.0335281      0.110561
0.1425     -0.239626     0.0340205      0.034534
0.1425     -0.239626     0.0344975      0.00509826
0.1425     -0.239626     0.03496      7.92034e-06
0.1425     -0.108332     0      0
0.1425     -0.108332     0.00398346      90.2956
0.1425     -0.108332     0.00713603      96.9469
0.1425     -0.108332     0.00974523      88.8688
0.1425     -0.108332     0.0119711      82.3872
0.1425     -0.108332     0.013912      75.1018
0.1425     -0.108332     0.0156326      68.6572
0.1425     -0.108332     0.017178      89.6663
0.1425     -0.108332     0.0185805      71.4874
0.1425     -0.108332     0.0198643      57.8706
0.1425     -0.108332     0.021048      47.6829
0.1425     -0.108332     0.0221461      43.9667
0.1425     -0.108332     0.02317      42.2133
0.1425     -0.108332     0.0241293      32.4184
0.1425     -0.108332     0.0250315      25.9537
0.1425     -0.108332     0.0258831      21.7756
0.1425     -0.108332     0.0266894      16.4726
0.1425     -0.108332     0.0274551      12.0445
0.1425     -0.108332     0.0281841      8.71455
0.1425     -0.108332     0.0288796      6.27599
0.1425     -0.108332     0.0295446      4.58664
0.1425     -0.108332     0.0301818      3.28979
0.1425     -0.108332     0.0307932      2.28204
0.1425     -0.108332     0.031381      1.51521
0.1425     -0.108332     0.0319469      0.951083
0.1425     -0.108332     0.0324925      0.550147
0.1425     -0.108332     0.0330191      0.285011
0.1425     -0.108332     0.0335281      0.122791
0.1425     -0.108332     0.0340205      0.038738
0.1425     -0.108332     0.0344975      0.00560835
0.1425     -0.108332     0.03496      8.71653e-06
0.1425     -2e-20     0      0
0.1425     -2e-20     0.00398346      92.9831
0.1425     -2e-20     0.00713603      101.232
0.1425     -2e-20     0.00974523      93.6494
0.1425     -2e-20     0.0119711      86.7714
0.1425     -2e-20     0.013912      79.0264
0.1425     -2e-20     0.0156326      72.5513
0.1425     -2e-20     0.017178      95.5981
0.1425     -2e-20     0.0185805      76.735
0.1425     -2e-20     0.0198643      62.5308
0.1425     -2e-20     0.021048      51.4544
0.1425     -2e-20     0.0221461      47.6565
0.1425     -2e-20     0.02317      46.1937
0.1425     -2e-20     0.0241293      36.1916
0.1425     -2e-20     0.0250315      29.4106
0.1425     -2e-20     0.0258831      24.8605
0.1425     -2e-20     0.0266894      19.2917
0.1425     -2e-20     0.0274551      14.3166
0.1425     -2e-20     0.0281841      10.1679
0.1425     -2e-20     0.0288796      7.21866
0.1425     -2e-20     0.0295446      5.01961
0.1425     -2e-20     0.0301818      3.56701
0.1425     -2e-20     0.0307932      2.46706
0.1425     -2e-20     0.031381      1.63963
0.1425     -2e-20     0.0319469      1.02617
0.1425     -2e-20     0.0324925      0.596014
0.1425     -2e-20     0.0330191      0.309107
0.1425     -2e-20     0.0335281      0.134498
0.1425     -2e-20     0.0340205      0.0421543
0.1425     -2e-20     0.0344975      0.00626729
0.1425     -2e-20     0.03496      9.44137e-06
0.1425     0.0922185     0      0
0.1425     0.0922185     0.00398346      95.3495
0.1425     0.0922185     0.00713603      104.948
0.1425     0.0922185     0.00974523      97.8735
0.1425     0.0922185     0.0119711      90.7155
0.1425     0.0922185     0.013912      82.6532
0.1425     0.0922185     0.0156326      75.8132
0.1425     0.0922185     0.017178      100.799
0.1425     0.0922185     0.0185805      81.1615
0.1425     0.0922185     0.0198643      66.6225
0.1425     0.0922185     0.021048      54.9346
0.1425     0.0922185     0.0221461      50.9744
0.1425     0.0922185     0.02317      49.6078
0.1425     0.0922185     0.0241293      39.2248
0.1425     0.0922185     0.0250315      32.6563
0.1425     0.0922185     0.0258831      27.9948
0.1425     0.0922185     0.0266894      21.9289
0.1425     0.0922185     0.0274551      16.7795
0.1425     0.0922185     0.0281841      12.2245
0.1425     0.0922185     0.0288796      8.48581
0.1425     0.0922185     0.0295446      5.83681
0.1425     0.0922185     0.0301818      3.88788
0.1425     0.0922185     0.0307932      2.65642
0.1425     0.0922185     0.031381      1.76172
0.1425     0.0922185     0.0319469      1.1056
0.1425     0.0922185     0.0324925      0.641147
0.1425     0.0922185     0.0330191      0.332129
0.1425     0.0922185     0.0335281      0.144566
0.1425     0.0922185     0.0340205      0.0460839
0.1425     0.0922185     0.0344975      0.00670698
0.1425     0.0922185     0.03496      1.01142e-05
0.1425     0.172502     0      0
0.1425     0.172502     0.00398346      97.4169
0.1425     0.172502     0.00713603      108.209
0.1425     0.172502     0.00974523      101.688
0.1425     0.172502     0.0119711      94.5671
0.1425     0.172502     0.013912      85.9755
0.1425     0.172502     0.0156326      78.7044
0.1425     0.172502     0.017178      105.602
0.1425     0.172502     0.0185805      85.1141
0.1425     0.172502     0.0198643      70.0161
0.1425     0.172502     0.021048      58.1211
0.1425     0.172502     0.0221461      53.9315
0.1425     0.172502     0.02317      52.7844
0.1425     0.172502     0.0241293      41.9031
0.1425     0.172502     0.0250315      35.2195
0.1425     0.172502     0.0258831      30.9516
0.1425     0.172502     0.0266894      24.7303
0.1425     0.172502     0.0274551      19.193
0.1425     0.172502     0.0281841      14.4758
0.1425     0.172502     0.0288796      10.3677
0.1425     0.172502     0.0295446      6.98615
0.1425     0.172502     0.0301818      4.58906
0.1425     0.172502     0.0307932      2.89604
0.1425     0.172502     0.031381      1.89703
0.1425     0.172502     0.0319469      1.19315
0.1425     0.172502     0.0324925      0.694231
0.1425     0.172502     0.0330191      0.360179
0.1425     0.172502     0.0335281      0.157266
0.1425     0.172502     0.0340205      0.0502075
0.1425     0.172502     0.0344975      0.00779388
0.1425     0.172502     0.03496      1.10012e-05
0.1425     0.243589     0      0
0.1425     0.243589     0.00398346      99.2638
0.1425     0.243589     0.00713603      111.15
0.1425     0.243589     0.00974523      105.131
0.1425     0.243589     0.0119711      98.2542
0.1425     0.243589     0.013912      89.1164
0.1425     0.243589     0.0156326      81.4404
0.1425     0.243589     0.017178      109.875
0.1425     0.243589     0.0185805      88.6526
0.1425     0.243589     0.0198643      72.8907
0.1425     0.243589     0.021048      60.9815
0.1425     0.243589     0.0221461      56.8359
0.1425     0.243589     0.02317      55.5359
0.1425     0.243589     0.0241293      44.3759
0.1425     0.243589     0.0250315      37.4799
0.1425     0.243589     0.0258831      33.2767
0.1425     0.243589     0.0266894      27.4273
0.1425     0.243589     0.0274551      21.7922
0.1425     0.243589     0.0281841      16.7019
0.1425     0.243589     0.0288796      12.4731
0.1425     0.243589     0.0295446      8.67364
0.1425     0.243589     0.0301818      5.60806
0.1425     0.243589     0.0307932      3.48082
0.1425     0.243589     0.031381      2.05528
0.1425     0.243589     0.0319469      1.27597
0.1425     0.243589     0.0324925      0.744694
0.1425     0.243589     0.0330191      0.387983
0.1425     0.243589     0.0335281      0.169901
0.1425     0.243589     0.0340205      0.0540388
0.1425     0.243589     0.0344975      0.00815698
0.1425     0.243589     0.03496      1.19268e-05
0.1425     0.307372     0      0
0.1425     0.307372     0.00398346      100.981
0.1425     0.307372     0.00713603      113.787
0.1425     0.307372     0.00974523      108.427
0.1425     0.307372     0.0119711      101.621
0.1425     0.307372     0.013912      92.0663
0.1425     0.307372     0.0156326      83.9471
0.1425     0.307372     0.017178      113.979
0.1425     0.307372     0.0185805      91.772
0.1425     0.307372     0.0198643      75.5069
0.1425     0.307372     0.021048      63.0824
0.1425     0.307372     0.0221461      59.6742
0.1425     0.307372     0.02317      58.4318
0.1425     0.307372     0.0241293      46.5258
0.1425     0.307372     0.0250315      39.6014
0.1425     0.307372     0.0258831      35.2868
0.1425     0.307372     0.0266894      29.5734
0.1425     0.307372     0.0274551      24.4204
0.1425     0.307372     0.0281841      19.1182
0.1425     0.307372     0.0288796      14.5699
0.1425     0.307372     0.0295446      10.6611
0.1425     0.307372     0.0301818      7.10851
0.1425     0.307372     0.0307932      4.37009
0.1425     0.307372     0.031381      2.51429
0.1425     0.307372     0.0319469      1.3671
0.1425     0.307372     0.0324925      0.79231
0.1425     0.307372     0.0330191      0.411777
0.1425     0.307372     0.0335281      0.179864
0.1425     0.307372     0.0340205      0.0571566
0.1425     0.307372     0.0344975      0.00861462
0.1425     0.307372     0.03496      1.25437e-05
0.1425     0.365212     0      0
0.1425     0.365212     0.00398346      102.628
0.1425     0.365212     0.00713603      116.285
0.1425     0.365212     0.00974523      111.546
0.1425     0.365212     0.0119711      104.708
0.1425     0.365212     0.013912      95.0532
0.1425     0.365212     0.0156326      86.3552
0.1425     0.365212     0.017178      117.914
0.1425     0.365212     0.0185805      94.5484
0.1425     0.365212     0.0198643      77.8143
0.1425     0.365212     0.021048      65.1117
0.1425     0.365212     0.0221461      61.9475
0.1425     0.365212     0.02317      61.3598
0.1425     0.365212     0.0241293      48.7472
0.1425     0.365212     0.0250315      41.5846
0.1425     0.365212     0.0258831      37.2757
0.1425     0.365212     0.0266894      31.3695
0.1425     0.365212     0.0274551      26.6033
0.1425     0.365212     0.0281841      21.699
0.1425     0.365212     0.0288796      16.7937
0.1425     0.365212     0.0295446      12.675
0.1425     0.365212     0.0301818      8.99694
0.1425     0.365212     0.0307932      5.69539
0.1425     0.365212     0.031381      3.26198
0.1425     0.365212     0.0319469      1.67187
0.1425     0.365212     0.0324925      0.836809
0.1425     0.365212     0.0330191      0.433625
0.1425     0.365212     0.0335281      0.188418
0.1425     0.365212     0.0340205      0.0600792
0.1425     0.365212     0.0344975      0.00907269
0.1425     0.365212     0.03496      1.3197e-05
0.1425     0.418124     0      0
0.1425     0.418124     0.00398346      104.115
0.1425     0.418124     0.00713603      118.606
0.1425     0.418124     0.00974523      114.426
0.1425     0.418124     0.0119711      107.585
0.1425     0.418124     0.013912      97.9073
0.1425     0.418124     0.0156326      88.7273
0.1425     0.418124     0.017178      121.521
0.1425     0.418124     0.0185805      97.2572
0.1425     0.418124     0.0198643      79.9171
0.1425     0.418124     0.021048      66.8623
0.1425     0.418124     0.0221461      63.6263
0.1425     0.418124     0.02317      63.9334
0.1425     0.418124     0.0241293      51.0221
0.1425     0.418124     0.0250315      43.3752
0.1425     0.418124     0.0258831      39.2475
0.1425     0.418124     0.0266894      33.1703
0.1425     0.418124     0.0274551      28.4071
0.1425     0.418124     0.0281841      23.9478
0.1425     0.418124     0.0288796      19.3257
0.1425     0.418124     0.0295446      14.7362
0.1425     0.418124     0.0301818      10.9443
0.1425     0.418124     0.0307932      7.47267
0.1425     0.418124     0.031381      4.3953
0.1425     0.418124     0.0319469      2.23715
0.1425     0.418124     0.0324925      0.99971
0.1425     0.418124     0.0330191      0.454882
0.1425     0.418124     0.0335281      0.197688
0.1425     0.418124     0.0340205      0.0624009
0.1425     0.418124     0.0344975      0.00934711
0.1425     0.418124     0.03496      1.3907e-05
0.1425     0.466881     0      0
0.1425     0.466881     0.00398346      105.487
0.1425     0.466881     0.00713603      120.839
0.1425     0.466881     0.00974523      117.034
0.1425     0.466881     0.0119711      110.286
0.1425     0.466881     0.013912      100.561
0.1425     0.466881     0.0156326      90.955
0.1425     0.466881     0.017178      125.076
0.1425     0.466881     0.0185805      99.8509
0.1425     0.466881     0.0198643      81.6433
0.1425     0.466881     0.021048      68.4384
0.1425     0.466881     0.0221461      65.3759
0.1425     0.466881     0.02317      65.9324
0.1425     0.466881     0.0241293      53.3498
0.1425     0.466881     0.0250315      45.2642
0.1425     0.466881     0.0258831      40.8115
0.1425     0.466881     0.0266894      34.8722
0.1425     0.466881     0.0274551      30.0925
0.1425     0.466881     0.0281841      25.8328
0.1425     0.466881     0.0288796      21.644
0.1425     0.466881     0.0295446      17.1558
0.1425     0.466881     0.0301818      12.9008
0.1425     0.466881     0.0307932      9.38328
0.1425     0.466881     0.031381      5.9971
0.1425     0.466881     0.0319469      3.13049
0.1425     0.466881     0.0324925      1.39075
0.1425     0.466881     0.0330191      0.500855
0.1425     0.466881     0.0335281      0.207574
0.1425     0.466881     0.0340205      0.0657163
0.1425     0.466881     0.0344975      0.00942411
0.1425     0.466881     0.03496      1.4733e-05
0.1425     0.512089     0      0
0.1425     0.512089     0.00398346      106.776
0.1425     0.512089     0.00713603      123.142
0.1425     0.512089     0.00974523      119.455
0.1425     0.512089     0.0119711      112.902
0.1425     0.512089     0.013912      103.07
0.1425     0.512089     0.0156326      93.211
0.1425     0.512089     0.017178      128.75
0.1425     0.512089     0.0185805      102.245
0.1425     0.512089     0.0198643      83.3644
0.1425     0.512089     0.021048      69.7713
0.1425     0.512089     0.0221461      66.8125
0.1425     0.512089     0.02317      67.6216
0.1425     0.512089     0.0241293      55.1537
0.1425     0.512089     0.0250315      47.3545
0.1425     0.512089     0.0258831      42.4731
0.1425     0.512089     0.0266894      36.3317
0.1425     0.512089     0.0274551      31.675
0.1425     0.512089     0.0281841      27.4026
0.1425     0.512089     0.0288796      23.6834
0.1425     0.512089     0.0295446      19.5021
0.1425     0.512089     0.0301818      15.1686
0.1425     0.512089     0.0307932      11.4257
0.1425     0.512089     0.031381      7.84333
0.1425     0.512089     0.0319469      4.45854
0.1425     0.512089     0.0324925      2.01096
0.1425     0.512089     0.0330191      0.716018
0.1425     0.512089     0.0335281      0.215302
0.1425     0.512089     0.0340205      0.0672931
0.1425     0.512089     0.0344975      0.00986439
0.1425     0.512089     0.03496      1.53742e-05
0.1425     0.55423     0      0
0.1425     0.55423     0.00398346      108.026
0.1425     0.55423     0.00713603      125.284
0.1425     0.55423     0.00974523      121.763
0.1425     0.55423     0.0119711      115.349
0.1425     0.55423     0.013912      105.415
0.1425     0.55423     0.0156326      95.3626
0.1425     0.55423     0.017178      132.286
0.1425     0.55423     0.0185805      104.578
0.1425     0.55423     0.0198643      85.0691
0.1425     0.55423     0.021048      70.7706
0.1425     0.55423     0.0221461      68.3252
0.1425     0.55423     0.02317      69.3109
0.1425     0.55423     0.0241293      56.3489
0.1425     0.55423     0.0250315      49.2481
0.1425     0.55423     0.0258831      44.4643
0.1425     0.55423     0.0266894      37.8015
0.1425     0.55423     0.0274551      33.1972
0.1425     0.55423     0.0281841      28.9153
0.1425     0.55423     0.0288796      25.2926
0.1425     0.55423     0.0295446      21.7212
0.1425     0.55423     0.0301818      17.5739
0.1425     0.55423     0.0307932      13.6126
0.1425     0.55423     0.031381      9.92007
0.1425     0.55423     0.0319469      6.12424
0.1425     0.55423     0.0324925      3.05277
0.1425     0.55423     0.0330191      1.13854
0.1425     0.55423     0.0335281      0.275906
0.1425     0.55423     0.0340205      0.0696917
0.1425     0.55423     0.0344975      0.0103091
0.1425     0.55423     0.03496      1.60802e-05
0.1425     0.593693     0      0
0.1425     0.593693     0.00398346      109.204
0.1425     0.593693     0.00713603      127.292
0.1425     0.593693     0.00974523      123.996
0.1425     0.593693     0.0119711      117.658
0.1425     0.593693     0.013912      107.604
0.1425     0.593693     0.0156326      97.3837
0.1425     0.593693     0.017178      135.817
0.1425     0.593693     0.0185805      107.032
0.1425     0.593693     0.0198643      86.6042
0.1425     0.593693     0.021048      71.825
0.1425     0.593693     0.0221461      69.4685
0.1425     0.593693     0.02317      70.9499
0.1425     0.593693     0.0241293      57.5168
0.1425     0.593693     0.0250315      50.5486
0.1425     0.593693     0.0258831      46.4387
0.1425     0.593693     0.0266894      39.3921
0.1425     0.593693     0.0274551      34.4357
0.1425     0.593693     0.0281841      30.4686
0.1425     0.593693     0.0288796      26.8555
0.1425     0.593693     0.0295446      23.4809
0.1425     0.593693     0.0301818      19.9524
0.1425     0.593693     0.0307932      16.105
0.1425     0.593693     0.031381      12.042
0.1425     0.593693     0.0319469      8.10243
0.1425     0.593693     0.0324925      4.47592
0.1425     0.593693     0.0330191      1.89109
0.1425     0.593693     0.0335281      0.521942
0.1425     0.593693     0.0340205      0.0724575
0.1425     0.593693     0.0344975      0.0107263
0.1425     0.593693     0.03496      1.67352e-05
0.1425     0.630798     0      0
0.1425     0.630798     0.00398346      110.307
0.1425     0.630798     0.00713603      129.179
0.1425     0.630798     0.00974523      126.145
0.1425     0.630798     0.0119711      119.822
0.1425     0.630798     0.013912      109.607
0.1425     0.630798     0.0156326      99.2557
0.1425     0.630798     0.017178      139.111
0.1425     0.630798     0.0185805      109.415
0.1425     0.630798     0.0198643      88.0609
0.1425     0.630798     0.021048      72.8598
0.1425     0.630798     0.0221461      70.2639
0.1425     0.630798     0.02317      72.5059
0.1425     0.630798     0.0241293      58.4633
0.1425     0.630798     0.0250315      51.2617
0.1425     0.630798     0.0258831      48.0039
0.1425     0.630798     0.0266894      41.1363
0.1425     0.630798     0.0274551      35.7388
0.1425     0.630798     0.0281841      31.6471
0.1425     0.630798     0.0288796      28.276
0.1425     0.630798     0.0295446      24.974
0.1425     0.630798     0.0301818      21.9635
0.1425     0.630798     0.0307932      18.7247
0.1425     0.630798     0.031381      14.5154
0.1425     0.630798     0.0319469      10.2094
0.1425     0.630798     0.0324925      6.24731
0.1425     0.630798     0.0330191      3.00578
0.1425     0.630798     0.0335281      0.965591
0.1425     0.630798     0.0340205      0.119687
0.1425     0.630798     0.0344975      0.0111562
0.1425     0.630798     0.03496      1.74106e-05
0.1425     0.665812     0      0
0.1425     0.665812     0.00398346      111.431
0.1425     0.665812     0.00713603      130.99
0.1425     0.665812     0.00974523      128.249
0.1425     0.665812     0.0119711      121.953
0.1425     0.665812     0.013912      111.518
0.1425     0.665812     0.0156326      100.998
0.1425     0.665812     0.017178      142.239
0.1425     0.665812     0.0185805      111.842
0.1425     0.665812     0.0198643      89.624
0.1425     0.665812     0.021048      73.7796
0.1425     0.665812     0.0221461      71.196
0.1425     0.665812     0.02317      73.7011
0.1425     0.665812     0.0241293      59.7314
0.1425     0.665812     0.0250315      52.1774
0.1425     0.665812     0.0258831      49.0054
0.1425     0.665812     0.0266894      42.875
0.1425     0.665812     0.0274551      37.452
0.1425     0.665812     0.0281841      32.9819
0.1425     0.665812     0.0288796      29.6114
0.1425     0.665812     0.0295446      26.2968
0.1425     0.665812     0.0301818      23.5299
0.1425     0.665812     0.0307932      21.1795
0.1425     0.665812     0.031381      17.2526
0.1425     0.665812     0.0319469      12.548
0.1425     0.665812     0.0324925      8.31756
0.1425     0.665812     0.0330191      4.4802
0.1425     0.665812     0.0335281      1.70419
0.1425     0.665812     0.0340205      0.319404
0.1425     0.665812     0.0344975      0.0116281
0.1425     0.665812     0.03496      1.81111e-05
0.1425     0.698958     0      0
0.1425     0.698958     0.00398346      112.509
0.1425     0.698958     0.00713603      132.751
0.1425     0.698958     0.00974523      130.294
0.1425     0.698958     0.0119711      124.015
0.1425     0.698958     0.013912      113.303
0.1425     0.698958     0.0156326      102.666
0.1425     0.698958     0.017178      145.271
0.1425     0.698958     0.0185805      114.377
0.1425     0.698958     0.0198643      91.1143
0.1425     0.698958     0.021048      74.6519
0.1425     0.698958     0.0221461      72.061
0.1425     0.698958     0.02317      74.5879
0.1425     0.698958     0.0241293      60.6863
0.1425     0.698958     0.0250315      52.8636
0.1425     0.698958     0.0258831      49.6271
0.1425     0.698958     0.0266894      44.0643
0.1425     0.698958     0.0274551      39.1124
0.1425     0.698958     0.0281841      34.3695
0.1425     0.698958     0.0288796      30.7662
0.1425     0.698958     0.0295446      27.7899
0.1425     0.698958     0.0301818      25.0285
0.1425     0.698958     0.0307932      23.1896
0.1425     0.698958     0.031381      20.0077
0.1425     0.698958     0.0319469      15.2328
0.1425     0.698958     0.0324925      10.5509
0.1425     0.698958     0.0330191      6.3558
0.1425     0.698958     0.0335281      2.83408
0.1425     0.698958     0.0340205      0.697479
0.1425     0.698958     0.0344975      0.0270505
0.1425     0.698958     0.03496      1.88413e-05
0.1425     0.730425     0      0
0.1425     0.730425     0.00398346      113.575
0.1425     0.730425     0.00713603      134.401
0.1425     0.730425     0.00974523      132.246
0.1425     0.730425     0.0119711      126.012
0.1425     0.730425     0.013912      115.059
0.1425     0.730425     0.0156326      104.193
0.1425     0.730425     0.017178      148.102
0.1425     0.730425     0.0185805      116.638
0.1425     0.730425     0.0198643      92.6881
0.1425     0.730425     0.021048      75.6224
0.1425     0.730425     0.0221461      72.9022
0.1425     0.730425     0.02317      75.6986
0.1425     0.730425     0.0241293      61.2726
0.1425     0.730425     0.0250315      53.8952
0.1425     0.730425     0.0258831      50.3036
0.1425     0.730425     0.0266894      44.685
0.1425     0.730425     0.0274551      40.5179
0.1425     0.730425     0.0281841      35.897
0.1425     0.730425     0.0288796      31.9375
0.1425     0.730425     0.0295446      28.8853
0.1425     0.730425     0.0301818      26.4622
0.1425     0.730425     0.0307932      24.9755
0.1425     0.730425     0.031381      22.4672
0.1425     0.730425     0.0319469      18.1624
0.1425     0.730425     0.0324925      13.1055
0.1425     0.730425     0.0330191      8.51812
0.1425     0.730425     0.0335281      4.38227
0.1425     0.730425     0.0340205      1.34806
0.1425     0.730425     0.0344975      0.127426
0.1425     0.730425     0.03496      1.96066e-05
0.1425     0.760374     0      0
0.1425     0.760374     0.00398346      114.613
0.1425     0.760374     0.00713603      135.94
0.1425     0.760374     0.00974523      134.122
0.1425     0.760374     0.0119711      127.962
0.1425     0.760374     0.013912      116.793
0.1425     0.760374     0.0156326      105.643
0.1425     0.760374     0.017178      150.749
0.1425     0.760374     0.0185805      118.754
0.1425     0.760374     0.0198643      94.4197
0.1425     0.760374     0.021048      76.4738
0.1425     0.760374     0.0221461      73.7272
0.1425     0.760374     0.02317      76.6693
0.1425     0.760374     0.0241293      61.5497
0.1425     0.760374     0.0250315      54.4657
0.1425     0.760374     0.0258831      51.0837
0.1425     0.760374     0.0266894      45.131
0.1425     0.760374     0.0274551      41.4166
0.1425     0.760374     0.0281841      37.4133
0.1425     0.760374     0.0288796      33.4623
0.1425     0.760374     0.0295446      30.2278
0.1425     0.760374     0.0301818      27.7907
0.1425     0.760374     0.0307932      26.5477
0.1425     0.760374     0.031381      24.574
0.1425     0.760374     0.0319469      21.0768
0.1425     0.760374     0.0324925      16.0813
0.1425     0.760374     0.0330191      11.0094
0.1425     0.760374     0.0335281      6.29669
0.1425     0.760374     0.0340205      2.33684
0.1425     0.760374     0.0344975      0.379115
0.1425     0.760374     0.03496      2.04122e-05
0.1425     0.788947     0      0
0.1425     0.788947     0.00398346      115.592
0.1425     0.788947     0.00713603      137.495
0.1425     0.788947     0.00974523      135.999
0.1425     0.788947     0.0119711      129.826
0.1425     0.788947     0.013912      118.463
0.1425     0.788947     0.0156326      107.133
0.1425     0.788947     0.017178      153.004
0.1425     0.788947     0.0185805      120.738
0.1425     0.788947     0.0198643      96.0096
0.1425     0.788947     0.021048      77.4064
0.1425     0.788947     0.0221461      74.6534
0.1425     0.788947     0.02317      77.7213
0.1425     0.788947     0.0241293      62.0441
0.1425     0.788947     0.0250315      54.6958
0.1425     0.788947     0.0258831      51.9349
0.1425     0.788947     0.0266894      45.3726
0.1425     0.788947     0.0274551      41.7349
0.1425     0.788947     0.0281841      38.6239
0.1425     0.788947     0.0288796      34.9705
0.1425     0.788947     0.0295446      31.3975
0.1425     0.788947     0.0301818      29.144
0.1425     0.788947     0.0307932      28.3637
0.1425     0.788947     0.031381      26.4982
0.1425     0.788947     0.0319469      23.7644
0.1425     0.788947     0.0324925      19.3108
0.1425     0.788947     0.0330191      13.8018
0.1425     0.788947     0.0335281      8.60049
0.1425     0.788947     0.0340205      3.67535
0.1425     0.788947     0.0344975      0.796948
0.1425     0.788947     0.03496      0.00328694
0.1425     0.816262     0      0
0.1425     0.816262     0.00398346      116.519
0.1425     0.816262     0.00713603      138.999
0.1425     0.816262     0.00974523      137.741
0.1425     0.816262     0.0119711      131.608
0.1425     0.816262     0.013912      120.063
0.1425     0.816262     0.0156326      108.566
0.1425     0.816262     0.017178      155.066
0.1425     0.816262     0.0185805      122.477
0.1425     0.816262     0.0198643      97.4929
0.1425     0.816262     0.021048      78.5557
0.1425     0.816262     0.0221461      75.5044
0.1425     0.816262     0.02317      78.7391
0.1425     0.816262     0.0241293      62.4513
0.1425     0.816262     0.0250315      54.7214
0.1425     0.816262     0.0258831      52.3162
0.1425     0.816262     0.0266894      46.1414
0.1425     0.816262     0.0274551      42.0793
0.1425     0.816262     0.0281841      39.2899
0.1425     0.816262     0.0288796      36.3478
0.1425     0.816262     0.0295446      32.9181
0.1425     0.816262     0.0301818      30.3474
0.1425     0.816262     0.0307932      29.8722
0.1425     0.816262     0.031381      28.4293
0.1425     0.816262     0.0319469      26.1172
0.1425     0.816262     0.0324925      22.5333
0.1425     0.816262     0.0330191      17.1625
0.1425     0.816262     0.0335281      11.2162
0.1425     0.816262     0.0340205      5.34732
0.1425     0.816262     0.0344975      1.31782
0.1425     0.816262     0.03496      0.00407452
0.1425     0.842428     0      0
0.1425     0.842428     0.00398346      117.406
0.1425     0.842428     0.00713603      140.414
0.1425     0.842428     0.00974523      139.437
0.1425     0.842428     0.0119711      133.402
0.1425     0.842428     0.013912      121.621
0.1425     0.842428     0.0156326      109.922
0.1425     0.842428     0.017178      156.8
0.1425     0.842428     0.0185805      124.071
0.1425     0.842428     0.0198643      98.8315
0.1425     0.842428     0.021048      79.6132
0.1425     0.842428     0.0221461      76.5053
0.1425     0.842428     0.02317      79.84
0.1425     0.842428     0.0241293      62.8258
0.1425     0.842428     0.0250315      54.8878
0.1425     0.842428     0.0258831      52.2789
0.1425     0.842428     0.0266894      46.5576
0.1425     0.842428     0.0274551      42.152
0.1425     0.842428     0.0281841      39.4728
0.1425     0.842428     0.0288796      37.3409
0.1425     0.842428     0.0295446      34.3184
0.1425     0.842428     0.0301818      31.7387
0.1425     0.842428     0.0307932      31.4384
0.1425     0.842428     0.031381      30.1752
0.1425     0.842428     0.0319469      28.2031
0.1425     0.842428     0.0324925      25.5909
0.1425     0.842428     0.0330191      20.8373
0.1425     0.842428     0.0335281      14.2374
0.1425     0.842428     0.0340205      7.37734
0.1425     0.842428     0.0344975      1.95174
0.1425     0.842428     0.03496      0.00459436
0.1425     0.867536     0      0
0.1425     0.867536     0.00398346      118.251
0.1425     0.867536     0.00713603      141.829
0.1425     0.867536     0.00974523      141.174
0.1425     0.867536     0.0119711      135.115
0.1425     0.867536     0.013912      123.125
0.1425     0.867536     0.0156326      111.157
0.1425     0.867536     0.017178      158.072
0.1425     0.867536     0.0185805      125.434
0.1425     0.867536     0.0198643      100.006
0.1425     0.867536     0.021048      80.5427
0.1425     0.867536     0.0221461      77.6308
0.1425     0.867536     0.02317      80.9411
0.1425     0.867536     0.0241293      63.21
0.1425     0.867536     0.0250315      54.9643
0.1425     0.867536     0.0258831      52.2829
0.1425     0.867536     0.0266894      46.4665
0.1425     0.867536     0.0274551      42.5232
0.1425     0.867536     0.0281841      39.3998
0.1425     0.867536     0.0288796      37.7776
0.1425     0.867536     0.0295446      35.6177
0.1425     0.867536     0.0301818      33.3042
0.1425     0.867536     0.0307932      32.4631
0.1425     0.867536     0.031381      32.1508
0.1425     0.867536     0.0319469      30.5221
0.1425     0.867536     0.0324925      28.2284
0.1425     0.867536     0.0330191      24.64
0.1425     0.867536     0.0335281      17.8542
0.1425     0.867536     0.0340205      9.66104
0.1425     0.867536     0.0344975      2.77039
0.1425     0.867536     0.03496      0.00777579
0.1425     0.891668     0      0
0.1425     0.891668     0.00398346      119.052
0.1425     0.891668     0.00713603      143.184
0.1425     0.891668     0.00974523      142.892
0.1425     0.891668     0.0119711      136.75
0.1425     0.891668     0.013912      124.645
0.1425     0.891668     0.0156326      112.381
0.1425     0.891668     0.017178      159.01
0.1425     0.891668     0.0185805      126.512
0.1425     0.891668     0.0198643      101.056
0.1425     0.891668     0.021048      81.3349
0.1425     0.891668     0.0221461      78.7064
0.1425     0.891668     0.02317      82.3541
0.1425     0.891668     0.0241293      63.5596
0.1425     0.891668     0.0250315      54.9199
0.1425     0.891668     0.0258831      52.2228
0.1425     0.891668     0.0266894      45.9932
0.1425     0.891668     0.0274551      42.3361
0.1425     0.891668     0.0281841      39.3531
0.1425     0.891668     0.0288796      37.8059
0.1425     0.891668     0.0295446      36.4528
0.1425     0.891668     0.0301818      34.6079
0.1425     0.891668     0.0307932      34.4005
0.1425     0.891668     0.031381      33.6458
0.1425     0.891668     0.0319469      32.8678
0.1425     0.891668     0.0324925      30.9474
0.1425     0.891668     0.0330191      28.1768
0.1425     0.891668     0.0335281      21.9162
0.1425     0.891668     0.0340205      12.3177
0.1425     0.891668     0.0344975      3.72602
0.1425     0.891668     0.03496      0.0110166
0.1425     0.914898     0      0
0.1425     0.914898     0.00398346      119.811
0.1425     0.914898     0.00713603      144.497
0.1425     0.914898     0.00974523      144.557
0.1425     0.914898     0.0119711      138.412
0.1425     0.914898     0.013912      126.04
0.1425     0.914898     0.0156326      113.633
0.1425     0.914898     0.017178      159.84
0.1425     0.914898     0.0185805      127.422
0.1425     0.914898     0.0198643      101.847
0.1425     0.914898     0.021048      82.0411
0.1425     0.914898     0.0221461      79.6611
0.1425     0.914898     0.02317      83.8858
0.1425     0.914898     0.0241293      64.0398
0.1425     0.914898     0.0250315      54.8502
0.1425     0.914898     0.0258831      52.177
0.1425     0.914898     0.0266894      45.7306
0.1425     0.914898     0.0274551      41.6053
0.1425     0.914898     0.0281841      39.0962
0.1425     0.914898     0.0288796      37.4828
0.1425     0.914898     0.0295446      36.6764
0.1425     0.914898     0.0301818      35.8516
0.1425     0.914898     0.0307932      36.1526
0.1425     0.914898     0.031381      35.3873
0.1425     0.914898     0.0319469      35.1138
0.1425     0.914898     0.0324925      33.6923
0.1425     0.914898     0.0330191      31.5065
0.1425     0.914898     0.0335281      26.1102
0.1425     0.914898     0.0340205      15.524
0.1425     0.914898     0.0344975      4.81438
0.1425     0.914898     0.03496      0.0150603
0.1425     0.937291     0      0
0.1425     0.937291     0.00398346      120.526
0.1425     0.937291     0.00713603      145.781
0.1425     0.937291     0.00974523      146.167
0.1425     0.937291     0.0119711      140.093
0.1425     0.937291     0.013912      127.41
0.1425     0.937291     0.0156326      114.829
0.1425     0.937291     0.017178      160.515
0.1425     0.937291     0.0185805      128.044
0.1425     0.937291     0.0198643      102.407
0.1425     0.937291     0.021048      82.5031
0.1425     0.937291     0.0221461      80.6367
0.1425     0.937291     0.02317      85.3087
0.1425     0.937291     0.0241293      64.7555
0.1425     0.937291     0.0250315      54.8646
0.1425     0.937291     0.0258831      51.8626
0.1425     0.937291     0.0266894      45.1183
0.1425     0.937291     0.0274551      40.8459
0.1425     0.937291     0.0281841      38.1793
0.1425     0.937291     0.0288796      37.0584
0.1425     0.937291     0.0295446      36.1647
0.1425     0.937291     0.0301818      36.4438
0.1425     0.937291     0.0307932      37.4505
0.1425     0.937291     0.031381      37.4253
0.1425     0.937291     0.0319469      37.3904
0.1425     0.937291     0.0324925      36.6911
0.1425     0.937291     0.0330191      34.9411
0.1425     0.937291     0.0335281      30.1385
0.1425     0.937291     0.0340205      19.1348
0.1425     0.937291     0.0344975      5.9316
0.1425     0.937291     0.03496      0.0169706
0.1425     0.958905     0      0
0.1425     0.958905     0.00398346      121.192
0.1425     0.958905     0.00713603      147.009
0.1425     0.958905     0.00974523      147.751
0.1425     0.958905     0.0119711      141.684
0.1425     0.958905     0.013912      128.809
0.1425     0.958905     0.0156326      116.055
0.1425     0.958905     0.017178      161.272
0.1425     0.958905     0.0185805      128.387
0.1425     0.958905     0.0198643      102.696
0.1425     0.958905     0.021048      82.836
0.1425     0.958905     0.0221461      81.4977
0.1425     0.958905     0.02317      86.8078
0.1425     0.958905     0.0241293      65.367
0.1425     0.958905     0.0250315      54.9795
0.1425     0.958905     0.0258831      51.6441
0.1425     0.958905     0.0266894      44.4998
0.1425     0.958905     0.0274551      39.6081
0.1425     0.958905     0.0281841      37.0878
0.1425     0.958905     0.0288796      35.6653
0.1425     0.958905     0.0295446      35.9036
0.1425     0.958905     0.0301818      36.2135
0.1425     0.958905     0.0307932      38.6119
0.1425     0.958905     0.031381      39.3446
0.1425     0.958905     0.0319469      39.6958
0.1425     0.958905     0.0324925      39.4451
0.1425     0.958905     0.0330191      38.5044
0.1425     0.958905     0.0335281      33.9959
0.1425     0.958905     0.0340205      23.0132
0.1425     0.958905     0.0344975      7.31921
0.1425     0.958905     0.03496      0.0198292
0.1425     0.979792     0      0
0.1425     0.979792     0.00398346      121.832
0.1425     0.979792     0.00713603      148.208
0.1425     0.979792     0.00974523      149.309
0.1425     0.979792     0.0119711      143.321
0.1425     0.979792     0.013912      130.267
0.1425     0.979792     0.0156326      117.372
0.1425     0.979792     0.017178      162.241
0.1425     0.979792     0.0185805      128.879
0.1425     0.979792     0.0198643      102.775
0.1425     0.979792     0.021048      82.8676
0.1425     0.979792     0.0221461      82.2697
0.1425     0.979792     0.02317      88.2568
0.1425     0.979792     0.0241293      66.0795
0.1425     0.979792     0.0250315      55.0973
0.1425     0.979792     0.0258831      51.5624
0.1425     0.979792     0.0266894      43.5124
0.1425     0.979792     0.0274551      38.3483
0.1425     0.979792     0.0281841      35.4298
0.1425     0.979792     0.0288796      34.4476
0.1425     0.979792     0.0295446      34.274
0.1425     0.979792     0.0301818      35.7527
0.1425     0.979792     0.0307932      38.817
0.1425     0.979792     0.031381      40.9285
0.1425     0.979792     0.0319469      42.1303
0.1425     0.979792     0.0324925      42.5544
0.1425     0.979792     0.0330191      42.3845
0.1425     0.979792     0.0335281      38.0947
0.1425     0.979792     0.0340205      26.7272
0.1425     0.979792     0.0344975      9.03657
0.1425     0.979792     0.03496      0.0231613
0.1425     1     0      0
0.1425     1     0.00398346      122.469
0.1425     1     0.00713603      149.441
0.1425     1     0.00974523      151.049
0.1425     1     0.0119711      145.108
0.1425     1     0.013912      131.889
0.1425     1     0.0156326      118.805
0.1425     1     0.017178      163.262
0.1425     1     0.0185805      129.739
0.1425     1     0.0198643      103.344
0.1425     1     0.021048      82.848
0.1425     1     0.0221461      82.7939
0.1425     1     0.02317      89.9893
0.1425     1     0.0241293      66.6835
0.1425     1     0.0250315      55.2667
0.1425     1     0.0258831      51.3341
0.1425     1     0.0266894      42.9481
0.1425     1     0.0274551      36.9548
0.1425     1     0.0281841      33.2882
0.1425     1     0.0288796      32.3529
0.1425     1     0.0295446      33.0412
0.1425     1     0.0301818      33.436
0.1425     1     0.0307932      37.9569
0.1425     1     0.031381      41.9335
0.1425     1     0.0319469      44.4313
0.1425     1     0.0324925      45.3639
0.1425     1     0.0330191      46.0848
0.1425     1     0.0335281      43.3526
0.1425     1     0.0340205      30.3206
0.1425     1     0.0344975      11.2845
0.1425     1     0.03496      0.036282
