0.375     -1     0      0
0.375     -1     0.0304753      97.5319
0.375     -1     0.0545939      137.957
0.375     -1     0.0745554      159.258
0.375     -1     0.0915844      167.338
0.375     -1     0.106433      157.917
0.375     -1     0.119597      141.482
0.375     -1     0.13142      118.936
0.375     -1     0.142149      100.283
0.375     -1     0.151971      81.4518
0.375     -1     0.161027      62.784
0.375     -1     0.169427      48.4674
0.375     -1     0.177261      36.713
0.375     -1     0.1846      27.0561
0.375     -1     0.191502      19.3669
0.375     -1     0.198017      13.6007
0.375     -1     0.204186      9.44957
0.375     -1     0.210044      6.62532
0.375     -1     0.215621      4.46445
0.375     -1     0.220942      2.96321
0.375     -1     0.22603      1.88525
0.375     -1     0.230904      1.16716
0.375     -1     0.235582      0.686056
0.375     -1     0.240079      0.381197
0.375     -1     0.244409      0.195613
0.375     -1     0.248582      0.0908404
0.375     -1     0.252611      0.0354935
0.375     -1     0.256505      0.0106325
0.375     -1     0.260273      0.00206362
0.375     -1     0.263922      0.000160256
0.375     -1     0.26746      0
0.375     -0.634788     0      0
0.375     -0.634788     0.0304753      109.166
0.375     -0.634788     0.0545939      173.97
0.375     -0.634788     0.0745554      210.749
0.375     -0.634788     0.0915844      234.174
0.375     -0.634788     0.106433      236.782
0.375     -0.634788     0.119597      223.845
0.375     -0.634788     0.13142      205.046
0.375     -0.634788     0.142149      188.036
0.375     -0.634788     0.151971      167.337
0.375     -0.634788     0.161027      137.697
0.375     -0.634788     0.169427      114.021
0.375     -0.634788     0.177261      92.6925
0.375     -0.634788     0.1846      73.8871
0.375     -0.634788     0.191502      57.1362
0.375     -0.634788     0.198017      42.8089
0.375     -0.634788     0.204186      31.4012
0.375     -0.634788     0.210044      22.7155
0.375     -0.634788     0.215621      15.7907
0.375     -0.634788     0.220942      10.6189
0.375     -0.634788     0.22603      6.97681
0.375     -0.634788     0.230904      4.4615
0.375     -0.634788     0.235582      2.79074
0.375     -0.634788     0.240079      1.68132
0.375     -0.634788     0.244409      0.956756
0.375     -0.634788     0.248582      0.500538
0.375     -0.634788     0.252611      0.231304
0.375     -0.634788     0.256505      0.0880242
0.375     -0.634788     0.260273      0.0238563
0.375     -0.634788     0.263922      0.00275657
0.375     -0.634788     0.26746      1.13939e-08
0.375     -0.406307     0      0
0.375     -0.406307     0.0304753      116.123
0.375     -0.406307     0.0545939      195.297
0.375     -0.406307     0.0745554      250.661
0.375     -0.406307     0.0915844      301.023
0.375     -0.406307     0.106433      307.329
0.375     -0.406307     0.119597      300.666
0.375     -0.406307     0.13142      284.027
0.375     -0.406307     0.142149      273.811
0.375     -0.406307     0.151971      257.798
0.375     -0.406307     0.161027      220.425
0.375     -0.406307     0.169427      188.52
0.375     -0.406307     0.177261      159.888
0.375     -0.406307     0.1846      134.808
0.375     -0.406307     0.191502      109.54
0.375     -0.406307     0.198017      87.704
0.375     -0.406307     0.204186      67.2644
0.375     -0.406307     0.210044      50.4574
0.375     -0.406307     0.215621      35.9822
0.375     -0.406307     0.220942      24.8419
0.375     -0.406307     0.22603      16.4105
0.375     -0.406307     0.230904      10.4544
0.375     -0.406307     0.235582      6.34782
0.375     -0.406307     0.240079      3.65425
0.375     -0.406307     0.244409      2.02609
0.375     -0.406307     0.248582      1.07698
0.375     -0.406307     0.252611      0.515251
0.375     -0.406307     0.256505      0.203812
0.375     -0.406307     0.260273      0.0569064
0.375     -0.406307     0.263922      0.006836
0.375     -0.406307     0.26746      3.07206e-08
0.375     -0.239626     0      0
0.375     -0.239626     0.0304753      121.27
0.375     -0.239626     0.0545939      209.612
0.375     -0.239626     0.0745554      282.007
0.375     -0.239626     0.0915844      350.438
0.375     -0.239626     0.106433      381.743
0.375     -0.239626     0.119597      377.537
0.375     -0.239626     0.13142      365.495
0.375     -0.239626     0.142149      358.523
0.375     -0.239626     0.151971      352.16
0.375     -0.239626     0.161027      311.264
0.375     -0.239626     0.169427      274.452
0.375     -0.239626     0.177261      238.551
0.375     -0.239626     0.1846      204.492
0.375     -0.239626     0.191502      171.849
0.375     -0.239626     0.198017      147.714
0.375     -0.239626     0.204186      115.832
0.375     -0.239626     0.210044      90.2695
0.375     -0.239626     0.215621      66.9247
0.375     -0.239626     0.220942      48.2848
0.375     -0.239626     0.22603      32.8119
0.375     -0.239626     0.230904      21.4603
0.375     -0.239626     0.235582      13.3281
0.375     -0.239626     0.240079      7.79445
0.375     -0.239626     0.244409      4.11295
0.375     -0.239626     0.248582      1.96848
0.375     -0.239626     0.252611      0.842613
0.375     -0.239626     0.256505      0.326498
0.375     -0.239626     0.260273      0.0920581
0.375     -0.239626     0.263922      0.0112252
0.375     -0.239626     0.26746      5.13077e-08
0.375     -0.108332     0      0
0.375     -0.108332     0.0304753      126.261
0.375     -0.108332     0.0545939      220.179
0.375     -0.108332     0.0745554      304.621
0.375     -0.108332     0.0915844      389.577
0.375     -0.108332     0.106433      448.668
0.375     -0.108332     0.119597      458.799
0.375     -0.108332     0.13142      447.905
0.375     -0.108332     0.142149      453.019
0.375     -0.108332     0.151971      449.914
0.375     -0.108332     0.161027      405.491
0.375     -0.108332     0.169427      366.28
0.375     -0.108332     0.177261      331.487
0.375     -0.108332     0.1846      288.742
0.375     -0.108332     0.191502      242.795
0.375     -0.108332     0.198017      222.559
0.375     -0.108332     0.204186      177.308
0.375     -0.108332     0.210044      140.827
0.375     -0.108332     0.215621      108.042
0.375     -0.108332     0.220942      81.5857
0.375     -0.108332     0.22603      58.189
0.375     -0.108332     0.230904      39.8351
0.375     -0.108332     0.235582      25.9686
0.375     -0.108332     0.240079      15.932
0.375     -0.108332     0.244409      8.87276
0.375     -0.108332     0.248582      4.47612
0.375     -0.108332     0.252611      1.91066
0.375     -0.108332     0.256505      0.609492
0.375     -0.108332     0.260273      0.141352
0.375     -0.108332     0.263922      0.0173825
0.375     -0.108332     0.26746      8.13297e-08
0.375     -2e-20     0      0
0.375     -2e-20     0.0304753      130.616
0.375     -2e-20     0.0545939      228.346
0.375     -2e-20     0.0745554      324.897
0.375     -2e-20     0.0915844      426.22
0.375     -2e-20     0.106433      503.619
0.375     -2e-20     0.119597      535.635
0.375     -2e-20     0.13142      537.012
0.375     -2e-20     0.142149      545.562
0.375     -2e-20     0.151971      562.16
0.375     -2e-20     0.161027      504.336
0.375     -2e-20     0.169427      465.983
0.375     -2e-20     0.177261      432.995
0.375     -2e-20     0.1846      385.863
0.375     -2e-20     0.191502      330.995
0.375     -2e-20     0.198017      312.858
0.375     -2e-20     0.204186      249.897
0.375     -2e-20     0.210044      202.596
0.375     -2e-20     0.215621      159.475
0.375     -2e-20     0.220942      123.913
0.375     -2e-20     0.22603      92.2411
0.375     -2e-20     0.230904      66.1596
0.375     -2e-20     0.235582      45.5287
0.375     -2e-20     0.240079      29.8639
0.375     -2e-20     0.244409      17.7804
0.375     -2e-20     0.248582      9.86422
0.375     -2e-20     0.252611      4.63675
0.375     -2e-20     0.256505      1.73081
0.375     -2e-20     0.260273      0.420067
0.375     -2e-20     0.263922      0.0321911
0.375     -2e-20     0.26746      1.14432e-07
0.375     0.0922185     0      0
0.375     0.0922185     0.0304753      134.725
0.375     0.0922185     0.0545939      236.022
0.375     0.0922185     0.0745554      342.017
0.375     0.0922185     0.0915844      458.188
0.375     0.0922185     0.106433      549.033
0.375     0.0922185     0.119597      609.585
0.375     0.0922185     0.13142      620.857
0.375     0.0922185     0.142149      645.656
0.375     0.0922185     0.151971      667.833
0.375     0.0922185     0.161027      613.914
0.375     0.0922185     0.169427      572.164
0.375     0.0922185     0.177261      544
0.375     0.0922185     0.1846      496.486
0.375     0.0922185     0.191502      432.304
0.375     0.0922185     0.198017      426.883
0.375     0.0922185     0.204186      337.168
0.375     0.0922185     0.210044      273.639
0.375     0.0922185     0.215621      220.914
0.375     0.0922185     0.220942      175.972
0.375     0.0922185     0.22603      134.361
0.375     0.0922185     0.230904      100.13
0.375     0.0922185     0.235582      71.4688
0.375     0.0922185     0.240079      49.3133
0.375     0.0922185     0.244409      31.1958
0.375     0.0922185     0.248582      18.5487
0.375     0.0922185     0.252611      9.58412
0.375     0.0922185     0.256505      4.02087
0.375     0.0922185     0.260273      1.22933
0.375     0.0922185     0.263922      0.179602
0.375     0.0922185     0.26746      1.01394e-06
0.375     0.172502     0      0
0.375     0.172502     0.0304753      138.795
0.375     0.172502     0.0545939      243.859
0.375     0.172502     0.0745554      355.783
0.375     0.172502     0.0915844      492.6
0.375     0.172502     0.106433      589.734
0.375     0.172502     0.119597      668.595
0.375     0.172502     0.13142      712.117
0.375     0.172502     0.142149      751.406
0.375     0.172502     0.151971      785.749
0.375     0.172502     0.161027      728.285
0.375     0.172502     0.169427      689.081
0.375     0.172502     0.177261      659.703
0.375     0.172502     0.1846      616.665
0.375     0.172502     0.191502      548.915
0.375     0.172502     0.198017      559.65
0.375     0.172502     0.204186      446.778
0.375     0.172502     0.210044      359.285
0.375     0.172502     0.215621      290.456
0.375     0.172502     0.220942      237.448
0.375     0.172502     0.22603      185.479
0.375     0.172502     0.230904      141.814
0.375     0.172502     0.235582      105.624
0.375     0.172502     0.240079      74.4851
0.375     0.172502     0.244409      48.9711
0.375     0.172502     0.248582      30.455
0.375     0.172502     0.252611      16.6699
0.375     0.172502     0.256505      7.43991
0.375     0.172502     0.260273      2.38146
0.375     0.172502     0.263922      0.305473
0.375     0.172502     0.26746      1.58692e-06
0.375     0.243589     0      0
0.375     0.243589     0.0304753      142.642
0.375     0.243589     0.0545939      251.325
0.375     0.243589     0.0745554      365.974
0.375     0.243589     0.0915844      518.842
0.375     0.243589     0.106433      631.832
0.375     0.243589     0.119597      715.768
0.375     0.243589     0.13142      799.618
0.375     0.243589     0.142149      861.302
0.375     0.243589     0.151971      903.928
0.375     0.243589     0.161027      846.53
0.375     0.243589     0.169427      808.984
0.375     0.243589     0.177261      790.343
0.375     0.243589     0.1846      743.705
0.375     0.243589     0.191502      675.196
0.375     0.243589     0.198017      713.103
0.375     0.243589     0.204186      575.1
0.375     0.243589     0.210044      465.73
0.375     0.243589     0.215621      374.085
0.375     0.243589     0.220942      307.119
0.375     0.243589     0.22603      245.161
0.375     0.243589     0.230904      191.248
0.375     0.243589     0.235582      147.994
0.375     0.243589     0.240079      106.575
0.375     0.243589     0.244409      71.0272
0.375     0.243589     0.248582      45.1001
0.375     0.243589     0.252611      25.452
0.375     0.243589     0.256505      11.9625
0.375     0.243589     0.260273      4.08478
0.375     0.243589     0.263922      0.624443
0.375     0.243589     0.26746      3.49115e-06
0.375     0.307372     0      0
0.375     0.307372     0.0304753      146.626
0.375     0.307372     0.0545939      257.266
0.375     0.307372     0.0745554      377.45
0.375     0.307372     0.0915844      537.194
0.375     0.307372     0.106433      674.223
0.375     0.307372     0.119597      756.116
0.375     0.307372     0.13142      859.966
0.375     0.307372     0.142149      974.548
0.375     0.307372     0.151971      1044.61
0.375     0.307372     0.161027      977.433
0.375     0.307372     0.169427      932.155
0.375     0.307372     0.177261      921
0.375     0.307372     0.1846      883.569
0.375     0.307372     0.191502      810.952
0.375     0.307372     0.198017      881.023
0.375     0.307372     0.204186      723.125
0.375     0.307372     0.210044      591.72
0.375     0.307372     0.215621      477.668
0.375     0.307372     0.220942      389.155
0.375     0.307372     0.22603      311.424
0.375     0.307372     0.230904      247.991
0.375     0.307372     0.235582      199.76
0.375     0.307372     0.240079      146.856
0.375     0.307372     0.244409      97.8133
0.375     0.307372     0.248582      61.8915
0.375     0.307372     0.252611      34.9063
0.375     0.307372     0.256505      16.3542
0.375     0.307372     0.260273      5.50826
0.375     0.307372     0.263922      0.795045
0.375     0.307372     0.26746      4.41689e-06
0.375     0.365212     0      0
0.375     0.365212     0.0304753      150.483
0.375     0.365212     0.0545939      263.93
0.375     0.365212     0.0745554      388.482
0.375     0.365212     0.0915844      551.199
0.375     0.365212     0.106433      708.738
0.375     0.365212     0.119597      802.682
0.375     0.365212     0.13142      908.692
0.375     0.365212     0.142149      1073.79
0.375     0.365212     0.151971      1182.97
0.375     0.365212     0.161027      1117.54
0.375     0.365212     0.169427      1068.2
0.375     0.365212     0.177261      1059.82
0.375     0.365212     0.1846      1029.32
0.375     0.365212     0.191502      954.33
0.375     0.365212     0.198017      1062.58
0.375     0.365212     0.204186      886.454
0.375     0.365212     0.210044      736.825
0.375     0.365212     0.215621      600.934
0.375     0.365212     0.220942      489.434
0.375     0.365212     0.22603      389.205
0.375     0.365212     0.230904      312.007
0.375     0.365212     0.235582      261.651
0.375     0.365212     0.240079      195.334
0.375     0.365212     0.244409      130.078
0.375     0.365212     0.248582      82.7781
0.375     0.365212     0.252611      45.8421
0.375     0.365212     0.256505      20.8909
0.375     0.365212     0.260273      6.81536
0.375     0.365212     0.263922      0.975928
0.375     0.365212     0.26746      5.45693e-06
0.375     0.418124     0      0
0.375     0.418124     0.0304753      154.031
0.375     0.418124     0.0545939      270.416
0.375     0.418124     0.0745554      398.733
0.375     0.418124     0.0915844      565.825
0.375     0.418124     0.106433      734.55
0.375     0.418124     0.119597      849.083
0.375     0.418124     0.13142      950.914
0.375     0.418124     0.142149      1147.61
0.375     0.418124     0.151971      1325.07
0.375     0.418124     0.161027      1268.86
0.375     0.418124     0.169427      1217.96
0.375     0.418124     0.177261      1209.38
0.375     0.418124     0.1846      1176.45
0.375     0.418124     0.191502      1107.64
0.375     0.418124     0.198017      1253.19
0.375     0.418124     0.204186      1064.93
0.375     0.418124     0.210044      900.397
0.375     0.418124     0.215621      742.529
0.375     0.418124     0.220942      610.529
0.375     0.418124     0.22603      483.202
0.375     0.418124     0.230904      384.729
0.375     0.418124     0.235582      333.135
0.375     0.418124     0.240079      254.093
0.375     0.418124     0.244409      168.977
0.375     0.418124     0.248582      107.368
0.375     0.418124     0.252611      60.4288
0.375     0.418124     0.256505      26.6647
0.375     0.418124     0.260273      8.45524
0.375     0.418124     0.263922      1.19124
0.375     0.418124     0.26746      6.6348e-06
0.375     0.466881     0      0
0.375     0.466881     0.0304753      157.507
0.375     0.466881     0.0545939      277.625
0.375     0.466881     0.0745554      407.875
0.375     0.466881     0.0915844      579.95
0.375     0.466881     0.106433      749.737
0.375     0.466881     0.119597      887.395
0.375     0.466881     0.13142      996.934
0.375     0.466881     0.142149      1212.13
0.375     0.466881     0.151971      1437.08
0.375     0.466881     0.161027      1422.3
0.375     0.466881     0.169427      1373.46
0.375     0.466881     0.177261      1381.18
0.375     0.466881     0.1846      1344.96
0.375     0.466881     0.191502      1264.83
0.375     0.466881     0.198017      1457.75
0.375     0.466881     0.204186      1249.95
0.375     0.466881     0.210044      1079.78
0.375     0.466881     0.215621      905.068
0.375     0.466881     0.220942      749.008
0.375     0.466881     0.22603      597.03
0.375     0.466881     0.230904      472.491
0.375     0.466881     0.235582      415.112
0.375     0.466881     0.240079      322.451
0.375     0.466881     0.244409      214.694
0.375     0.466881     0.248582      137.401
0.375     0.466881     0.252611      79.5688
0.375     0.466881     0.256505      35.4562
0.375     0.466881     0.260273      11.1118
0.375     0.466881     0.263922      1.5865
0.375     0.466881     0.26746      9.18801e-06
0.375     0.512089     0      0
0.375     0.512089     0.0304753      161.123
0.375     0.512089     0.0545939      284.234
0.375     0.512089     0.0745554      416.337
0.375     0.512089     0.0915844      591.279
0.375     0.512089     0.106433      766.061
0.375     0.512089     0.119597      916.46
0.375     0.512089     0.13142      1043.98
0.375     0.512089     0.142149      1274.02
0.375     0.512089     0.151971      1535.13
0.375     0.512089     0.161027      1567.94
0.375     0.512089     0.169427      1541.49
0.375     0.512089     0.177261      1561.65
0.375     0.512089     0.1846      1526.57
0.375     0.512089     0.191502      1438.36
0.375     0.512089     0.198017      1666.67
0.375     0.512089     0.204186      1454.4
0.375     0.512089     0.210044      1265.66
0.375     0.512089     0.215621      1085.03
0.375     0.512089     0.220942      910.769
0.375     0.512089     0.22603      727.82
0.375     0.512089     0.230904      579.044
0.375     0.512089     0.235582      511.847
0.375     0.512089     0.240079      399.224
0.375     0.512089     0.244409      267.238
0.375     0.512089     0.248582      172.026
0.375     0.512089     0.252611      103.32
0.375     0.512089     0.256505      47.8381
0.375     0.512089     0.260273      15.2112
0.375     0.512089     0.263922      2.13807
0.375     0.512089     0.26746      1.13529e-05
0.375     0.55423     0      0
0.375     0.55423     0.0304753      164.869
0.375     0.55423     0.0545939      290.48
0.375     0.55423     0.0745554      423.34
0.375     0.55423     0.0915844      600.789
0.375     0.55423     0.106433      782.606
0.375     0.55423     0.119597      940.659
0.375     0.55423     0.13142      1086.19
0.375     0.55423     0.142149      1330.25
0.375     0.55423     0.151971      1605.01
0.375     0.55423     0.161027      1696.41
0.375     0.55423     0.169427      1707.92
0.375     0.55423     0.177261      1748.38
0.375     0.55423     0.1846      1732.94
0.375     0.55423     0.191502      1633.29
0.375     0.55423     0.198017      1885.87
0.375     0.55423     0.204186      1666.15
0.375     0.55423     0.210044      1470.83
0.375     0.55423     0.215621      1275.78
0.375     0.55423     0.220942      1090.88
0.375     0.55423     0.22603      884.353
0.375     0.55423     0.230904      702.592
0.375     0.55423     0.235582      627.243
0.375     0.55423     0.240079      488.5
0.375     0.55423     0.244409      326.786
0.375     0.55423     0.248582      211.793
0.375     0.55423     0.252611      132.246
0.375     0.55423     0.256505      64.1864
0.375     0.55423     0.260273      20.9486
0.375     0.55423     0.263922      2.90507
0.375     0.55423     0.26746      1.56167e-05
0.375     0.593693     0      0
0.375     0.593693     0.0304753      168.546
0.375     0.593693     0.0545939      297.283
0.375     0.593693     0.0745554      430.183
0.375     0.593693     0.0915844      607.781
0.375     0.593693     0.106433      795.689
0.375     0.593693     0.119597      963.696
0.375     0.593693     0.13142      1123.17
0.375     0.593693     0.142149      1388.51
0.375     0.593693     0.151971      1670.76
0.375     0.593693     0.161027      1801.68
0.375     0.593693     0.169427      1889.23
0.375     0.593693     0.177261      1947.52
0.375     0.593693     0.1846      1941.31
0.375     0.593693     0.191502      1846.86
0.375     0.593693     0.198017      2129.26
0.375     0.593693     0.204186      1884.84
0.375     0.593693     0.210044      1690.37
0.375     0.593693     0.215621      1476.15
0.375     0.593693     0.220942      1285.44
0.375     0.593693     0.22603      1061.04
0.375     0.593693     0.230904      850.272
0.375     0.593693     0.235582      761.588
0.375     0.593693     0.240079      593.66
0.375     0.593693     0.244409      394.492
0.375     0.593693     0.248582      256.457
0.375     0.593693     0.252611      167.127
0.375     0.593693     0.256505      85.3583
0.375     0.593693     0.260273      28.2778
0.375     0.593693     0.263922      3.91308
0.375     0.593693     0.26746      2.07954e-05
0.375     0.630798     0      0
0.375     0.630798     0.0304753      172.067
0.375     0.630798     0.0545939      303.706
0.375     0.630798     0.0745554      436.376
0.375     0.630798     0.0915844      615.869
0.375     0.630798     0.106433      805.77
0.375     0.630798     0.119597      976.546
0.375     0.630798     0.13142      1160.46
0.375     0.630798     0.142149      1443.37
0.375     0.630798     0.151971      1728.31
0.375     0.630798     0.161027      1889.8
0.375     0.630798     0.169427      2023.36
0.375     0.630798     0.177261      2180.79
0.375     0.630798     0.1846      2168.5
0.375     0.630798     0.191502      2074.7
0.375     0.630798     0.198017      2394.74
0.375     0.630798     0.204186      2134.86
0.375     0.630798     0.210044      1913.68
0.375     0.630798     0.215621      1697.89
0.375     0.630798     0.220942      1484.82
0.375     0.630798     0.22603      1250.79
0.375     0.630798     0.230904      1021.22
0.375     0.630798     0.235582      918.645
0.375     0.630798     0.240079      716.776
0.375     0.630798     0.244409      472.866
0.375     0.630798     0.248582      307.351
0.375     0.630798     0.252611      207.231
0.375     0.630798     0.256505      110.663
0.375     0.630798     0.260273      37.1274
0.375     0.630798     0.263922      5.24178
0.375     0.630798     0.26746      3.01028e-05
0.375     0.665812     0      0
0.375     0.665812     0.0304753      175.992
0.375     0.665812     0.0545939      309.777
0.375     0.665812     0.0745554      442.47
0.375     0.665812     0.0915844      623.355
0.375     0.665812     0.106433      815.481
0.375     0.665812     0.119597      991.857
0.375     0.665812     0.13142      1194.32
0.375     0.665812     0.142149      1499.3
0.375     0.665812     0.151971      1783.51
0.375     0.665812     0.161027      1972.56
0.375     0.665812     0.169427      2135.8
0.375     0.665812     0.177261      2394.36
0.375     0.665812     0.1846      2445.66
0.375     0.665812     0.191502      2322.71
0.375     0.665812     0.198017      2653.88
0.375     0.665812     0.204186      2423.07
0.375     0.665812     0.210044      2164.82
0.375     0.665812     0.215621      1927.82
0.375     0.665812     0.220942      1708.38
0.375     0.665812     0.22603      1450.18
0.375     0.665812     0.230904      1208.7
0.375     0.665812     0.235582      1107.1
0.375     0.665812     0.240079      859.11
0.375     0.665812     0.244409      565.716
0.375     0.665812     0.248582      366.59
0.375     0.665812     0.252611      253.137
0.375     0.665812     0.256505      139.362
0.375     0.665812     0.260273      47.2593
0.375     0.665812     0.263922      6.63419
0.375     0.665812     0.26746      3.77831e-05
0.375     0.698958     0      0
0.375     0.698958     0.0304753      179.743
0.375     0.698958     0.0545939      315.524
0.375     0.698958     0.0745554      447.89
0.375     0.698958     0.0915844      629.318
0.375     0.698958     0.106433      819.159
0.375     0.698958     0.119597      1002.87
0.375     0.698958     0.13142      1211.48
0.375     0.698958     0.142149      1550.65
0.375     0.698958     0.151971      1853.03
0.375     0.698958     0.161027      2042.01
0.375     0.698958     0.169427      2244.14
0.375     0.698958     0.177261      2547.11
0.375     0.698958     0.1846      2721.64
0.375     0.698958     0.191502      2633.3
0.375     0.698958     0.198017      2924.55
0.375     0.698958     0.204186      2724.6
0.375     0.698958     0.210044      2471.32
0.375     0.698958     0.215621      2174.4
0.375     0.698958     0.220942      1949.25
0.375     0.698958     0.22603      1662.05
0.375     0.698958     0.230904      1406.73
0.375     0.698958     0.235582      1319.91
0.375     0.698958     0.240079      1037.23
0.375     0.698958     0.244409      673.654
0.375     0.698958     0.248582      435.642
0.375     0.698958     0.252611      305.681
0.375     0.698958     0.256505      170.306
0.375     0.698958     0.260273      58.473
0.375     0.698958     0.263922      8.20228
0.375     0.698958     0.26746      4.70704e-05
0.375     0.730425     0      0
0.375     0.730425     0.0304753      183.261
0.375     0.730425     0.0545939      321.494
0.375     0.730425     0.0745554      454.297
0.375     0.730425     0.0915844      635.33
0.375     0.730425     0.106433      824.648
0.375     0.730425     0.119597      1010.96
0.375     0.730425     0.13142      1218.07
0.375     0.730425     0.142149      1587.91
0.375     0.730425     0.151971      1925.31
0.375     0.730425     0.161027      2115.58
0.375     0.730425     0.169427      2338.82
0.375     0.730425     0.177261      2681.99
0.375     0.730425     0.1846      2953.2
0.375     0.730425     0.191502      2961.6
0.375     0.730425     0.198017      3250.32
0.375     0.730425     0.204186      3024.88
0.375     0.730425     0.210044      2810.26
0.375     0.730425     0.215621      2486.16
0.375     0.730425     0.220942      2191.39
0.375     0.730425     0.22603      1903.09
0.375     0.730425     0.230904      1615.66
0.375     0.730425     0.235582      1553.24
0.375     0.730425     0.240079      1242.88
0.375     0.730425     0.244409      808.071
0.375     0.730425     0.248582      516.14
0.375     0.730425     0.252611      366.13
0.375     0.730425     0.256505      203.475
0.375     0.730425     0.260273      69.7272
0.375     0.730425     0.263922      9.83282
0.375     0.730425     0.26746      5.35336e-05
0.375     0.760374     0      0
0.375     0.760374     0.0304753      186.535
0.375     0.760374     0.0545939      327.323
0.375     0.760374     0.0745554      460.228
0.375     0.760374     0.0915844      640.983
0.375     0.760374     0.106433      828.949
0.375     0.760374     0.119597      1016.57
0.375     0.760374     0.13142      1221.75
0.375     0.760374     0.142149      1612.08
0.375     0.760374     0.151971      1988.45
0.375     0.760374     0.161027      2201.09
0.375     0.760374     0.169427      2429.96
0.375     0.760374     0.177261      2813.18
0.375     0.760374     0.1846      3129.14
0.375     0.760374     0.191502      3256.41
0.375     0.760374     0.198017      3605.93
0.375     0.760374     0.204186      3425.8
0.375     0.760374     0.210044      3170.27
0.375     0.760374     0.215621      2842.14
0.375     0.760374     0.220942      2495.05
0.375     0.760374     0.22603      2148.6
0.375     0.760374     0.230904      1841.82
0.375     0.760374     0.235582      1794.95
0.375     0.760374     0.240079      1469.92
0.375     0.760374     0.244409      972.149
0.375     0.760374     0.248582      611.129
0.375     0.760374     0.252611      433.484
0.375     0.760374     0.256505      238.133
0.375     0.760374     0.260273      81.3858
0.375     0.760374     0.263922      11.7845
0.375     0.760374     0.26746      6.84522e-05
0.375     0.788947     0      0
0.375     0.788947     0.0304753      189.543
0.375     0.788947     0.0545939      333.703
0.375     0.788947     0.0745554      465.93
0.375     0.788947     0.0915844      648.424
0.375     0.788947     0.106433      830.955
0.375     0.788947     0.119597      1013.75
0.375     0.788947     0.13142      1218.82
0.375     0.788947     0.142149      1618.11
0.375     0.788947     0.151971      2026.18
0.375     0.788947     0.161027      2295.95
0.375     0.788947     0.169427      2516.32
0.375     0.788947     0.177261      2935.6
0.375     0.788947     0.1846      3277.07
0.375     0.788947     0.191502      3493.76
0.375     0.788947     0.198017      3939.8
0.375     0.788947     0.204186      3881.75
0.375     0.788947     0.210044      3618.78
0.375     0.788947     0.215621      3249.48
0.375     0.788947     0.220942      2861.26
0.375     0.788947     0.22603      2419.11
0.375     0.788947     0.230904      2089.87
0.375     0.788947     0.235582      2067.85
0.375     0.788947     0.240079      1704.21
0.375     0.788947     0.244409      1157.47
0.375     0.788947     0.248582      741.581
0.375     0.788947     0.252611      509.395
0.375     0.788947     0.256505      276.199
0.375     0.788947     0.260273      93.9129
0.375     0.788947     0.263922      13.4482
0.375     0.788947     0.26746      7.69103e-05
0.375     0.816262     0      0
0.375     0.816262     0.0304753      192.306
0.375     0.816262     0.0545939      339.711
0.375     0.816262     0.0745554      471.855
0.375     0.816262     0.0915844      654.9
0.375     0.816262     0.106433      830.409
0.375     0.816262     0.119597      1012.62
0.375     0.816262     0.13142      1216.68
0.375     0.816262     0.142149      1612.84
0.375     0.816262     0.151971      2047.47
0.375     0.816262     0.161027      2367.66
0.375     0.816262     0.169427      2623.18
0.375     0.816262     0.177261      3057.57
0.375     0.816262     0.1846      3439.45
0.375     0.816262     0.191502      3687.24
0.375     0.816262     0.198017      4184.95
0.375     0.816262     0.204186      4353.27
0.375     0.816262     0.210044      4170.19
0.375     0.816262     0.215621      3718.53
0.375     0.816262     0.220942      3293.95
0.375     0.816262     0.22603      2776.04
0.375     0.816262     0.230904      2357.7
0.375     0.816262     0.235582      2348.74
0.375     0.816262     0.240079      1975.51
0.375     0.816262     0.244409      1354.82
0.375     0.816262     0.248582      893.652
0.375     0.816262     0.252611      608.322
0.375     0.816262     0.256505      319.396
0.375     0.816262     0.260273      108.799
0.375     0.816262     0.263922      15.5567
0.375     0.816262     0.26746      8.64824e-05
0.375     0.842428     0      0
0.375     0.842428     0.0304753      194.831
0.375     0.842428     0.0545939      344.957
0.375     0.842428     0.0745554      479.994
0.375     0.842428     0.0915844      662.21
0.375     0.842428     0.106433      833.456
0.375     0.842428     0.119597      1005.17
0.375     0.842428     0.13142      1206.01
0.375     0.842428     0.142149      1598.96
0.375     0.842428     0.151971      2043.44
0.375     0.842428     0.161027      2405.04
0.375     0.842428     0.169427      2732.05
0.375     0.842428     0.177261      3185.77
0.375     0.842428     0.1846      3601.46
0.375     0.842428     0.191502      3860.81
0.375     0.842428     0.198017      4378.97
0.375     0.842428     0.204186      4759.22
0.375     0.842428     0.210044      4785.42
0.375     0.842428     0.215621      4321.16
0.375     0.842428     0.220942      3802.41
0.375     0.842428     0.22603      3226.67
0.375     0.842428     0.230904      2696.43
0.375     0.842428     0.235582      2661.6
0.375     0.842428     0.240079      2261.73
0.375     0.842428     0.244409      1568.34
0.375     0.842428     0.248582      1063.11
0.375     0.842428     0.252611      745.354
0.375     0.842428     0.256505      370.242
0.375     0.842428     0.260273      125.794
0.375     0.842428     0.263922      18.276
0.375     0.842428     0.26746      0.000105974
0.375     0.867536     0      0
0.375     0.867536     0.0304753      197.106
0.375     0.867536     0.0545939      349.417
0.375     0.867536     0.0745554      489.241
0.375     0.867536     0.0915844      667.373
0.375     0.867536     0.106433      836.262
0.375     0.867536     0.119597      991.63
0.375     0.867536     0.13142      1192.83
0.375     0.867536     0.142149      1585.26
0.375     0.867536     0.151971      2021.33
0.375     0.867536     0.161027      2417.23
0.375     0.867536     0.169427      2801.04
0.375     0.867536     0.177261      3329
0.375     0.867536     0.1846      3773.4
0.375     0.867536     0.191502      4073.44
0.375     0.867536     0.198017      4581.04
0.375     0.867536     0.204186      5069.14
0.375     0.867536     0.210044      5380.62
0.375     0.867536     0.215621      5034.79
0.375     0.867536     0.220942      4452.33
0.375     0.867536     0.22603      3776.27
0.375     0.867536     0.230904      3145.86
0.375     0.867536     0.235582      3031.84
0.375     0.867536     0.240079      2562.18
0.375     0.867536     0.244409      1807.99
0.375     0.867536     0.248582      1233.83
0.375     0.867536     0.252611      900.97
0.375     0.867536     0.256505      464.321
0.375     0.867536     0.260273      144.103
0.375     0.867536     0.263922      20.8722
0.375     0.867536     0.26746      0.000120237
0.375     0.891668     0      0
0.375     0.891668     0.0304753      199.254
0.375     0.891668     0.0545939      354.733
0.375     0.891668     0.0745554      497.934
0.375     0.891668     0.0915844      670.621
0.375     0.891668     0.106433      837.001
0.375     0.891668     0.119597      987.252
0.375     0.891668     0.13142      1175.3
0.375     0.891668     0.142149      1554.47
0.375     0.891668     0.151971      1991.66
0.375     0.891668     0.161027      2394.74
0.375     0.891668     0.169427      2828.08
0.375     0.891668     0.177261      3461.3
0.375     0.891668     0.1846      3957.18
0.375     0.891668     0.191502      4298.11
0.375     0.891668     0.198017      4828.68
0.375     0.891668     0.204186      5372.49
0.375     0.891668     0.210044      5860.9
0.375     0.891668     0.215621      5768.32
0.375     0.891668     0.220942      5247.43
0.375     0.891668     0.22603      4476.59
0.375     0.891668     0.230904      3713.09
0.375     0.891668     0.235582      3509.68
0.375     0.891668     0.240079      2921.05
0.375     0.891668     0.244409      2041.96
0.375     0.891668     0.248582      1429.89
0.375     0.891668     0.252611      1056.66
0.375     0.891668     0.256505      587.211
0.375     0.891668     0.260273      176.325
0.375     0.891668     0.263922      23.4013
0.375     0.891668     0.26746      0.000135133
0.375     0.914898     0      0
0.375     0.914898     0.0304753      201.094
0.375     0.914898     0.0545939      359.197
0.375     0.914898     0.0745554      507.085
0.375     0.914898     0.0915844      677.973
0.375     0.914898     0.106433      834.948
0.375     0.914898     0.119597      984.385
0.375     0.914898     0.13142      1149.59
0.375     0.914898     0.142149      1522.86
0.375     0.914898     0.151971      1955.62
0.375     0.914898     0.161027      2347.62
0.375     0.914898     0.169427      2818.54
0.375     0.914898     0.177261      3528.52
0.375     0.914898     0.1846      4138.76
0.375     0.914898     0.191502      4530.4
0.375     0.914898     0.198017      5153.37
0.375     0.914898     0.204186      5734.63
0.375     0.914898     0.210044      6290.81
0.375     0.914898     0.215621      6383.33
0.375     0.914898     0.220942      6092.66
0.375     0.914898     0.22603      5357.7
0.375     0.914898     0.230904      4467
0.375     0.914898     0.235582      4093.97
0.375     0.914898     0.240079      3376.52
0.375     0.914898     0.244409      2317.31
0.375     0.914898     0.248582      1592.6
0.375     0.914898     0.252611      1241.29
0.375     0.914898     0.256505      721.909
0.375     0.914898     0.260273      274.081
0.375     0.914898     0.263922      27.0233
0.375     0.914898     0.26746      0.000156779
0.375     0.937291     0      0
0.375     0.937291     0.0304753      202.551
0.375     0.937291     0.0545939      363.537
0.375     0.937291     0.0745554      514.996
0.375     0.937291     0.0915844      686.664
0.375     0.937291     0.106433      831.273
0.375     0.937291     0.119597      974.713
0.375     0.937291     0.13142      1132.07
0.375     0.937291     0.142149      1482.91
0.375     0.937291     0.151971      1897.03
0.375     0.937291     0.161027      2297.93
0.375     0.937291     0.169427      2766.61
0.375     0.937291     0.177261      3551.36
0.375     0.937291     0.1846      4267.23
0.375     0.937291     0.191502      4774.17
0.375     0.937291     0.198017      5515.85
0.375     0.937291     0.204186      6148.94
0.375     0.937291     0.210044      6758.7
0.375     0.937291     0.215621      6904.95
0.375     0.937291     0.220942      6855.69
0.375     0.937291     0.22603      6327.18
0.375     0.937291     0.230904      5434.4
0.375     0.937291     0.235582      4802.87
0.375     0.937291     0.240079      3892.66
0.375     0.937291     0.244409      2675.3
0.375     0.937291     0.248582      1762.67
0.375     0.937291     0.252611      1386.91
0.375     0.937291     0.256505      862.827
0.375     0.937291     0.260273      402.65
0.375     0.937291     0.263922      66.3873
0.375     0.937291     0.26746      0.000187549
0.375     0.958905     0      0
0.375     0.958905     0.0304753      203.627
0.375     0.958905     0.0545939      367.833
0.375     0.958905     0.0745554      520.609
0.375     0.958905     0.0915844      692.257
0.375     0.958905     0.106433      837.133
0.375     0.958905     0.119597      958.659
0.375     0.958905     0.13142      1109.4
0.375     0.958905     0.142149      1438.29
0.375     0.958905     0.151971      1841.66
0.375     0.958905     0.161027      2217.4
0.375     0.958905     0.169427      2696.22
0.375     0.958905     0.177261      3510.82
0.375     0.958905     0.1846      4329.1
0.375     0.958905     0.191502      4963.56
0.375     0.958905     0.198017      5882.31
0.375     0.958905     0.204186      6633.84
0.375     0.958905     0.210044      7257.78
0.375     0.958905     0.215621      7537.56
0.375     0.958905     0.220942      7542.09
0.375     0.958905     0.22603      7152.32
0.375     0.958905     0.230904      6518.2
0.375     0.958905     0.235582      5696.15
0.375     0.958905     0.240079      4487.79
0.375     0.958905     0.244409      3074.6
0.375     0.958905     0.248582      1975.48
0.375     0.958905     0.252611      1517.09
0.375     0.958905     0.256505      973.326
0.375     0.958905     0.260273      508.907
0.375     0.958905     0.263922      230.729
0.375     0.958905     0.26746      0.000225199
0.375     0.979792     0      0
0.375     0.979792     0.0304753      205.302
0.375     0.979792     0.0545939      372.02
0.375     0.979792     0.0745554      523.892
0.375     0.979792     0.0915844      693.051
0.375     0.979792     0.106433      840.207
0.375     0.979792     0.119597      953.302
0.375     0.979792     0.13142      1076
0.375     0.979792     0.142149      1385.66
0.375     0.979792     0.151971      1764.1
0.375     0.979792     0.161027      2122.89
0.375     0.979792     0.169427      2591.32
0.375     0.979792     0.177261      3427.39
0.375     0.979792     0.1846      4300.01
0.375     0.979792     0.191502      5063.45
0.375     0.979792     0.198017      6140.51
0.375     0.979792     0.204186      7070.84
0.375     0.979792     0.210044      7951.17
0.375     0.979792     0.215621      8277.34
0.375     0.979792     0.220942      8213.21
0.375     0.979792     0.22603      7961.52
0.375     0.979792     0.230904      7404.35
0.375     0.979792     0.235582      6492
0.375     0.979792     0.240079      5135.81
0.375     0.979792     0.244409      3553.34
0.375     0.979792     0.248582      2192.74
0.375     0.979792     0.252611      1662.16
0.375     0.979792     0.256505      1046.97
0.375     0.979792     0.260273      587.075
0.375     0.979792     0.263922      409.034
0.375     0.979792     0.26746      0.119962
0.375     1     0      0
0.375     1     0.0304753      207.862
0.375     1     0.0545939      380.49
0.375     1     0.0745554      520.381
0.375     1     0.0915844      697.565
0.375     1     0.106433      834.503
0.375     1     0.119597      947.721
0.375     1     0.13142      1049.6
0.375     1     0.142149      1335.84
0.375     1     0.151971      1660.75
0.375     1     0.161027      1970.84
0.375     1     0.169427      2438.75
0.375     1     0.177261      3277.83
0.375     1     0.1846      4200.39
0.375     1     0.191502      5124.85
0.375     1     0.198017      6309.61
0.375     1     0.204186      7541.98
0.375     1     0.210044      8653.3
0.375     1     0.215621      9104.56
0.375     1     0.220942      9179.15
0.375     1     0.22603      8835.7
0.375     1     0.230904      8139.71
0.375     1     0.235582      7052.74
0.375     1     0.240079      5611.84
0.375     1     0.244409      4075.45
0.375     1     0.248582      2494.88
0.375     1     0.252611      1384.07
0.375     1     0.256505      890.586
0.375     1     0.260273      360.318
0.375     1     0.263922      233.544
0.375     1     0.26746      0.717623
