                0.23             -1.0000              0.0000              0.0000
          0.23000000             -1.0000              0.0126            475.1183
          0.23000000             -1.0000              0.0226            707.1309
          0.23000000             -1.0000              0.0308            833.0121
          0.23000000             -1.0000              0.0378           1187.5139
          0.23000000             -1.0000              0.0440           1211.9927
          0.23000000             -1.0000              0.0494           1150.4609
          0.23000000             -1.0000              0.0543           1065.9072
          0.23000000             -1.0000              0.0587            958.9788
          0.23000000             -1.0000              0.0628            873.3211
          0.23000000             -1.0000              0.0665            762.7915
          0.23000000             -1.0000              0.0700            667.6638
          0.23000000             -1.0000              0.0733            584.0080
          0.23000000             -1.0000              0.0763            513.9762
          0.23000000             -1.0000              0.0791            546.8552
          0.23000000             -1.0000              0.0818            469.8374
          0.23000000             -1.0000              0.0844            345.6216
          0.23000000             -1.0000              0.0868            272.8676
          0.23000000             -1.0000              0.0891            214.2572
          0.23000000             -1.0000              0.0913            170.8678
          0.23000000             -1.0000              0.0934            132.2598
          0.23000000             -1.0000              0.0954             98.4943
          0.23000000             -1.0000              0.0974             71.4075
          0.23000000             -1.0000              0.0992             48.9067
          0.23000000             -1.0000              0.1010             32.2910
          0.23000000             -1.0000              0.1027             19.7283
          0.23000000             -1.0000              0.1044             10.6443
          0.23000000             -1.0000              0.1060              4.7014
          0.23000000             -1.0000              0.1076              1.4560
          0.23000000             -1.0000              0.1091              0.1913
          0.23000000             -1.0000              0.1105              0.0000
          0.23000000             -0.6348              0.0000              0.0000
          0.23000000             -0.6348              0.0126            455.8534
          0.23000000             -0.6348              0.0226            714.5354
          0.23000000             -0.6348              0.0308            860.4494
          0.23000000             -0.6348              0.0378           1180.6304
          0.23000000             -0.6348              0.0440           1237.8835
          0.23000000             -0.6348              0.0494           1222.4086
          0.23000000             -0.6348              0.0543           1174.9584
          0.23000000             -0.6348              0.0587           1108.4491
          0.23000000             -0.6348              0.0628           1049.3144
          0.23000000             -0.6348              0.0665            930.6937
          0.23000000             -0.6348              0.0700            824.7050
          0.23000000             -0.6348              0.0733            730.0097
          0.23000000             -0.6348              0.0763            644.5876
          0.23000000             -0.6348              0.0791            730.6656
          0.23000000             -0.6348              0.0818            635.5671
          0.23000000             -0.6348              0.0844            478.1412
          0.23000000             -0.6348              0.0868            382.0723
          0.23000000             -0.6348              0.0891            306.0674
          0.23000000             -0.6348              0.0913            244.0242
          0.23000000             -0.6348              0.0934            213.0982
          0.23000000             -0.6348              0.0954            147.3852
          0.23000000             -0.6348              0.0974            101.5764
          0.23000000             -0.6348              0.0992             70.0994
          0.23000000             -0.6348              0.1010             44.0675
          0.23000000             -0.6348              0.1027             25.5842
          0.23000000             -0.6348              0.1044             13.3048
          0.23000000             -0.6348              0.1060              5.7621
          0.23000000             -0.6348              0.1076              1.7603
          0.23000000             -0.6348              0.1091              0.2291
          0.23000000             -0.6348              0.1105              0.0000
          0.23000000             -0.4063              0.0000              0.0000
          0.23000000             -0.4063              0.0126            443.5515
          0.23000000             -0.4063              0.0226            707.6611
          0.23000000             -0.4063              0.0308            867.0625
          0.23000000             -0.4063              0.0378           1162.0784
          0.23000000             -0.4063              0.0440           1246.0396
          0.23000000             -0.4063              0.0494           1242.1308
          0.23000000             -0.4063              0.0543           1228.3276
          0.23000000             -0.4063              0.0587           1180.0906
          0.23000000             -0.4063              0.0628           1132.7945
          0.23000000             -0.4063              0.0665           1038.2899
          0.23000000             -0.4063              0.0700            938.4130
          0.23000000             -0.4063              0.0733            833.7363
          0.23000000             -0.4063              0.0763            738.6578
          0.23000000             -0.4063              0.0791            857.1007
          0.23000000             -0.4063              0.0818            747.8505
          0.23000000             -0.4063              0.0844            566.9885
          0.23000000             -0.4063              0.0868            455.5705
          0.23000000             -0.4063              0.0891            366.7999
          0.23000000             -0.4063              0.0913            293.7955
          0.23000000             -0.4063              0.0934            284.5342
          0.23000000             -0.4063              0.0954            191.5604
          0.23000000             -0.4063              0.0974            129.8142
          0.23000000             -0.4063              0.0992             97.6494
          0.23000000             -0.4063              0.1010             63.6811
          0.23000000             -0.4063              0.1027             35.6633
          0.23000000             -0.4063              0.1044             17.8265
          0.23000000             -0.4063              0.1060              7.5850
          0.23000000             -0.4063              0.1076              2.2987
          0.23000000             -0.4063              0.1091              0.2926
          0.23000000             -0.4063              0.1105              0.0000
          0.23000000             -0.2396              0.0000              0.0000
          0.23000000             -0.2396              0.0126            434.6981
          0.23000000             -0.2396              0.0226            695.3085
          0.23000000             -0.2396              0.0308            875.9651
          0.23000000             -0.2396              0.0378           1126.8399
          0.23000000             -0.2396              0.0440           1245.3772
          0.23000000             -0.2396              0.0494           1262.4483
          0.23000000             -0.2396              0.0543           1253.9035
          0.23000000             -0.2396              0.0587           1219.4753
          0.23000000             -0.2396              0.0628           1193.3276
          0.23000000             -0.2396              0.0665           1099.5028
          0.23000000             -0.2396              0.0700           1014.4567
          0.23000000             -0.2396              0.0733            917.5703
          0.23000000             -0.2396              0.0763            819.4820
          0.23000000             -0.2396              0.0791            955.6592
          0.23000000             -0.2396              0.0818            837.2333
          0.23000000             -0.2396              0.0844            639.0384
          0.23000000             -0.2396              0.0868            513.4480
          0.23000000             -0.2396              0.0891            415.9403
          0.23000000             -0.2396              0.0913            335.7496
          0.23000000             -0.2396              0.0934            348.0113
          0.23000000             -0.2396              0.0954            231.8523
          0.23000000             -0.2396              0.0974            157.0913
          0.23000000             -0.2396              0.0992            127.6358
          0.23000000             -0.2396              0.1010             85.4401
          0.23000000             -0.2396              0.1027             47.0306
          0.23000000             -0.2396              0.1044             22.9945
          0.23000000             -0.2396              0.1060              9.7439
          0.23000000             -0.2396              0.1076              2.9700
          0.23000000             -0.2396              0.1091              0.3901
          0.23000000             -0.2396              0.1105              0.0000
          0.23000000             -0.1083              0.0000              0.0000
          0.23000000             -0.1083              0.0126            426.4004
          0.23000000             -0.1083              0.0226            687.0128
          0.23000000             -0.1083              0.0308            878.3864
          0.23000000             -0.1083              0.0378           1109.0607
          0.23000000             -0.1083              0.0440           1229.6833
          0.23000000             -0.1083              0.0494           1273.1162
          0.23000000             -0.1083              0.0543           1275.7829
          0.23000000             -0.1083              0.0587           1246.5100
          0.23000000             -0.1083              0.0628           1223.1904
          0.23000000             -0.1083              0.0665           1147.7079
          0.23000000             -0.1083              0.0700           1064.2747
          0.23000000             -0.1083              0.0733            978.8519
          0.23000000             -0.1083              0.0763            885.1493
          0.23000000             -0.1083              0.0791           1045.6858
          0.23000000             -0.1083              0.0818            912.1168
          0.23000000             -0.1083              0.0844            698.7134
          0.23000000             -0.1083              0.0868            565.3715
          0.23000000             -0.1083              0.0891            460.7112
          0.23000000             -0.1083              0.0913            372.6950
          0.23000000             -0.1083              0.0934            402.3936
          0.23000000             -0.1083              0.0954            268.8981
          0.23000000             -0.1083              0.0974            183.5289
          0.23000000             -0.1083              0.0992            156.4842
          0.23000000             -0.1083              0.1010            107.4901
          0.23000000             -0.1083              0.1027             59.6238
          0.23000000             -0.1083              0.1044             29.2899
          0.23000000             -0.1083              0.1060             12.3140
          0.23000000             -0.1083              0.1076              3.6773
          0.23000000             -0.1083              0.1091              0.4773
          0.23000000             -0.1083              0.1105              0.0000
          0.23000000             -0.0000              0.0000              0.0000
          0.23000000             -0.0000              0.0126            418.5833
          0.23000000             -0.0000              0.0226            677.6576
          0.23000000             -0.0000              0.0308            874.1908
          0.23000000             -0.0000              0.0378           1096.2988
          0.23000000             -0.0000              0.0440           1222.5325
          0.23000000             -0.0000              0.0494           1271.7136
          0.23000000             -0.0000              0.0543           1291.3417
          0.23000000             -0.0000              0.0587           1269.3270
          0.23000000             -0.0000              0.0628           1252.7381
          0.23000000             -0.0000              0.0665           1175.5358
          0.23000000             -0.0000              0.0700           1102.4682
          0.23000000             -0.0000              0.0733           1023.0311
          0.23000000             -0.0000              0.0763            935.7876
          0.23000000             -0.0000              0.0791           1117.8048
          0.23000000             -0.0000              0.0818            981.1382
          0.23000000             -0.0000              0.0844            752.2905
          0.23000000             -0.0000              0.0868            608.2680
          0.23000000             -0.0000              0.0891            499.4974
          0.23000000             -0.0000              0.0913            404.9494
          0.23000000             -0.0000              0.0934            449.8780
          0.23000000             -0.0000              0.0954            299.8914
          0.23000000             -0.0000              0.0974            205.8303
          0.23000000             -0.0000              0.0992            178.9498
          0.23000000             -0.0000              0.1010            126.0926
          0.23000000             -0.0000              0.1027             70.6417
          0.23000000             -0.0000              0.1044             35.3009
          0.23000000             -0.0000              0.1060             15.2581
          0.23000000             -0.0000              0.1076              4.5532
          0.23000000             -0.0000              0.1091              0.5716
          0.23000000             -0.0000              0.1105              0.0000
          0.23000000              0.0922              0.0000              0.0000
          0.23000000              0.0922              0.0126            411.3044
          0.23000000              0.0922              0.0226            667.9068
          0.23000000              0.0922              0.0308            867.5970
          0.23000000              0.0922              0.0378           1084.3286
          0.23000000              0.0922              0.0440           1219.2746
          0.23000000              0.0922              0.0494           1282.2126
          0.23000000              0.0922              0.0543           1302.1780
          0.23000000              0.0922              0.0587           1284.3647
          0.23000000              0.0922              0.0628           1270.5522
          0.23000000              0.0922              0.0665           1205.7931
          0.23000000              0.0922              0.0700           1131.6828
          0.23000000              0.0922              0.0733           1052.2238
          0.23000000              0.0922              0.0763            974.7358
          0.23000000              0.0922              0.0791           1173.3104
          0.23000000              0.0922              0.0818           1040.3318
          0.23000000              0.0922              0.0844            804.8417
          0.23000000              0.0922              0.0868            648.7835
          0.23000000              0.0922              0.0891            532.3290
          0.23000000              0.0922              0.0913            433.1250
          0.23000000              0.0922              0.0934            488.1315
          0.23000000              0.0922              0.0954            324.7673
          0.23000000              0.0922              0.0974            222.8705
          0.23000000              0.0922              0.0992            195.6066
          0.23000000              0.0922              0.1010            137.7450
          0.23000000              0.0922              0.1027             77.9545
          0.23000000              0.0922              0.1044             39.5266
          0.23000000              0.0922              0.1060             17.1987
          0.23000000              0.0922              0.1076              5.3754
          0.23000000              0.0922              0.1091              0.7082
          0.23000000              0.0922              0.1105              0.0000
          0.23000000              0.1725              0.0000              0.0000
          0.23000000              0.1725              0.0126            404.8602
          0.23000000              0.1725              0.0226            658.5073
          0.23000000              0.1725              0.0308            858.8300
          0.23000000              0.1725              0.0378           1072.5340
          0.23000000              0.1725              0.0440           1217.0536
          0.23000000              0.1725              0.0494           1291.5659
          0.23000000              0.1725              0.0543           1316.9695
          0.23000000              0.1725              0.0587           1298.1706
          0.23000000              0.1725              0.0628           1285.8963
          0.23000000              0.1725              0.0665           1220.2417
          0.23000000              0.1725              0.0700           1158.6166
          0.23000000              0.1725              0.0733           1081.8158
          0.23000000              0.1725              0.0763           1000.7671
          0.23000000              0.1725              0.0791           1217.6270
          0.23000000              0.1725              0.0818           1090.2656
          0.23000000              0.1725              0.0844            850.4963
          0.23000000              0.1725              0.0868            691.2194
          0.23000000              0.1725              0.0891            563.5235
          0.23000000              0.1725              0.0913            457.7746
          0.23000000              0.1725              0.0934            520.7089
          0.23000000              0.1725              0.0954            346.2863
          0.23000000              0.1725              0.0974            237.3523
          0.23000000              0.1725              0.0992            207.5502
          0.23000000              0.1725              0.1010            145.1874
          0.23000000              0.1725              0.1027             82.3426
          0.23000000              0.1725              0.1044             41.7153
          0.23000000              0.1725              0.1060             18.3111
          0.23000000              0.1725              0.1076              5.6694
          0.23000000              0.1725              0.1091              0.7427
          0.23000000              0.1725              0.1105              0.0000
          0.23000000              0.2436              0.0000              0.0000
          0.23000000              0.2436              0.0126            398.8934
          0.23000000              0.2436              0.0226            650.6968
          0.23000000              0.2436              0.0308            850.3257
          0.23000000              0.2436              0.0378           1059.9722
          0.23000000              0.2436              0.0440           1218.0773
          0.23000000              0.2436              0.0494           1302.7123
          0.23000000              0.2436              0.0543           1332.6071
          0.23000000              0.2436              0.0587           1320.5263
          0.23000000              0.2436              0.0628           1299.1256
          0.23000000              0.2436              0.0665           1235.4047
          0.23000000              0.2436              0.0700           1175.4856
          0.23000000              0.2436              0.0733           1105.5971
          0.23000000              0.2436              0.0763           1027.3310
          0.23000000              0.2436              0.0791           1251.1937
          0.23000000              0.2436              0.0818           1130.0203
          0.23000000              0.2436              0.0844            892.0649
          0.23000000              0.2436              0.0868            728.2792
          0.23000000              0.2436              0.0891            598.5835
          0.23000000              0.2436              0.0913            483.7137
          0.23000000              0.2436              0.0934            548.1852
          0.23000000              0.2436              0.0954            365.1001
          0.23000000              0.2436              0.0974            250.0028
          0.23000000              0.2436              0.0992            216.5874
          0.23000000              0.2436              0.1010            150.7789
          0.23000000              0.2436              0.1027             85.2520
          0.23000000              0.2436              0.1044             43.1177
          0.23000000              0.2436              0.1060             18.7947
          0.23000000              0.2436              0.1076              5.8241
          0.23000000              0.2436              0.1091              0.7758
          0.23000000              0.2436              0.1105              0.0000
          0.23000000              0.3074              0.0000              0.0000
          0.23000000              0.3074              0.0126            393.4962
          0.23000000              0.3074              0.0226            643.1012
          0.23000000              0.3074              0.0308            842.8202
          0.23000000              0.3074              0.0378           1045.7033
          0.23000000              0.3074              0.0440           1219.4716
          0.23000000              0.3074              0.0494           1312.1382
          0.23000000              0.3074              0.0543           1348.8695
          0.23000000              0.3074              0.0587           1340.8339
          0.23000000              0.3074              0.0628           1324.3576
          0.23000000              0.3074              0.0665           1247.5406
          0.23000000              0.3074              0.0700           1190.0762
          0.23000000              0.3074              0.0733           1125.8268
          0.23000000              0.3074              0.0763           1047.6782
          0.23000000              0.3074              0.0791           1279.6218
          0.23000000              0.3074              0.0818           1159.9459
          0.23000000              0.3074              0.0844            925.2995
          0.23000000              0.3074              0.0868            766.1928
          0.23000000              0.3074              0.0891            629.0844
          0.23000000              0.3074              0.0913            512.5466
          0.23000000              0.3074              0.0934            574.8343
          0.23000000              0.3074              0.0954            381.4431
          0.23000000              0.3074              0.0974            261.1277
          0.23000000              0.3074              0.0992            224.3172
          0.23000000              0.3074              0.1010            155.4081
          0.23000000              0.3074              0.1027             87.6869
          0.23000000              0.3074              0.1044             44.1311
          0.23000000              0.3074              0.1060             19.3286
          0.23000000              0.3074              0.1076              6.0054
          0.23000000              0.3074              0.1091              0.7878
          0.23000000              0.3074              0.1105              0.0000
          0.23000000              0.3652              0.0000              0.0000
          0.23000000              0.3652              0.0126            388.1270
          0.23000000              0.3652              0.0226            635.5793
          0.23000000              0.3652              0.0308            835.3752
          0.23000000              0.3652              0.0378           1030.9709
          0.23000000              0.3652              0.0440           1217.0613
          0.23000000              0.3652              0.0494           1323.9251
          0.23000000              0.3652              0.0543           1368.8373
          0.23000000              0.3652              0.0587           1362.0006
          0.23000000              0.3652              0.0628           1348.3768
          0.23000000              0.3652              0.0665           1270.8139
          0.23000000              0.3652              0.0700           1202.3811
          0.23000000              0.3652              0.0733           1138.4917
          0.23000000              0.3652              0.0763           1067.8381
          0.23000000              0.3652              0.0791           1307.3901
          0.23000000              0.3652              0.0818           1186.5501
          0.23000000              0.3652              0.0844            954.0246
          0.23000000              0.3652              0.0868            791.6667
          0.23000000              0.3652              0.0891            660.2031
          0.23000000              0.3652              0.0913            539.9523
          0.23000000              0.3652              0.0934            605.0462
          0.23000000              0.3652              0.0954            396.9100
          0.23000000              0.3652              0.0974            270.7551
          0.23000000              0.3652              0.0992            231.4004
          0.23000000              0.3652              0.1010            160.1383
          0.23000000              0.3652              0.1027             90.2525
          0.23000000              0.3652              0.1044             45.4320
          0.23000000              0.3652              0.1060             19.7333
          0.23000000              0.3652              0.1076              6.1660
          0.23000000              0.3652              0.1091              0.8076
          0.23000000              0.3652              0.1105              0.0000
          0.23000000              0.4181              0.0000              0.0000
          0.23000000              0.4181              0.0126            383.4497
          0.23000000              0.4181              0.0226            628.1408
          0.23000000              0.4181              0.0308            827.5954
          0.23000000              0.4181              0.0378           1016.8468
          0.23000000              0.4181              0.0440           1210.6144
          0.23000000              0.4181              0.0494           1334.9773
          0.23000000              0.4181              0.0543           1387.9880
          0.23000000              0.4181              0.0587           1383.2936
          0.23000000              0.4181              0.0628           1374.0470
          0.23000000              0.4181              0.0665           1297.3813
          0.23000000              0.4181              0.0700           1217.0145
          0.23000000              0.4181              0.0733           1152.3047
          0.23000000              0.4181              0.0763           1080.1089
          0.23000000              0.4181              0.0791           1328.9092
          0.23000000              0.4181              0.0818           1209.2588
          0.23000000              0.4181              0.0844            978.2807
          0.23000000              0.4181              0.0868            815.2688
          0.23000000              0.4181              0.0891            685.4454
          0.23000000              0.4181              0.0913            567.2937
          0.23000000              0.4181              0.0934            634.4186
          0.23000000              0.4181              0.0954            415.8898
          0.23000000              0.4181              0.0974            279.6950
          0.23000000              0.4181              0.0992            238.3044
          0.23000000              0.4181              0.1010            164.6481
          0.23000000              0.4181              0.1027             92.7938
          0.23000000              0.4181              0.1044             46.5464
          0.23000000              0.4181              0.1060             20.2068
          0.23000000              0.4181              0.1076              6.2739
          0.23000000              0.4181              0.1091              0.8231
          0.23000000              0.4181              0.1105              0.0000
          0.23000000              0.4669              0.0000              0.0000
          0.23000000              0.4669              0.0126            379.0040
          0.23000000              0.4669              0.0226            620.5679
          0.23000000              0.4669              0.0308            820.0768
          0.23000000              0.4669              0.0378           1003.3270
          0.23000000              0.4669              0.0440           1201.1834
          0.23000000              0.4669              0.0494           1345.4358
          0.23000000              0.4669              0.0543           1409.0302
          0.23000000              0.4669              0.0587           1406.1422
          0.23000000              0.4669              0.0628           1399.2016
          0.23000000              0.4669              0.0665           1323.3081
          0.23000000              0.4669              0.0700           1241.3699
          0.23000000              0.4669              0.0733           1166.3397
          0.23000000              0.4669              0.0763           1093.7813
          0.23000000              0.4669              0.0791           1345.6440
          0.23000000              0.4669              0.0818           1227.7811
          0.23000000              0.4669              0.0844            999.7617
          0.23000000              0.4669              0.0868            836.8744
          0.23000000              0.4669              0.0891            704.8957
          0.23000000              0.4669              0.0913            591.2227
          0.23000000              0.4669              0.0934            662.3702
          0.23000000              0.4669              0.0954            437.5663
          0.23000000              0.4669              0.0974            292.1953
          0.23000000              0.4669              0.0992            244.5026
          0.23000000              0.4669              0.1010            168.8093
          0.23000000              0.4669              0.1027             95.3972
          0.23000000              0.4669              0.1044             47.9923
          0.23000000              0.4669              0.1060             20.7859
          0.23000000              0.4669              0.1076              6.3730
          0.23000000              0.4669              0.1091              0.8314
          0.23000000              0.4669              0.1105              0.0000
          0.23000000              0.5121              0.0000              0.0000
          0.23000000              0.5121              0.0126            374.5503
          0.23000000              0.5121              0.0226            613.0915
          0.23000000              0.5121              0.0308            812.7798
          0.23000000              0.5121              0.0378            991.7714
          0.23000000              0.5121              0.0440           1192.4536
          0.23000000              0.5121              0.0494           1353.3177
          0.23000000              0.5121              0.0543           1430.3693
          0.23000000              0.5121              0.0587           1433.7220
          0.23000000              0.5121              0.0628           1425.3516
          0.23000000              0.5121              0.0665           1350.6987
          0.23000000              0.5121              0.0700           1267.3256
          0.23000000              0.5121              0.0733           1184.2981
          0.23000000              0.5121              0.0763           1106.8891
          0.23000000              0.5121              0.0791           1355.6918
          0.23000000              0.5121              0.0818           1246.6966
          0.23000000              0.5121              0.0844           1015.3002
          0.23000000              0.5121              0.0868            858.6708
          0.23000000              0.5121              0.0891            721.4322
          0.23000000              0.5121              0.0913            608.6801
          0.23000000              0.5121              0.0934            688.9291
          0.23000000              0.5121              0.0954            459.7394
          0.23000000              0.5121              0.0974            309.1640
          0.23000000              0.5121              0.0992            251.6913
          0.23000000              0.5121              0.1010            172.9710
          0.23000000              0.5121              0.1027             97.7490
          0.23000000              0.5121              0.1044             49.5681
          0.23000000              0.5121              0.1060             21.4457
          0.23000000              0.5121              0.1076              6.6275
          0.23000000              0.5121              0.1091              0.8790
          0.23000000              0.5121              0.1105              0.0000
          0.23000000              0.5542              0.0000              0.0000
          0.23000000              0.5542              0.0126            370.0289
          0.23000000              0.5542              0.0226            605.9007
          0.23000000              0.5542              0.0308            805.6867
          0.23000000              0.5542              0.0378            982.4770
          0.23000000              0.5542              0.0440           1183.8459
          0.23000000              0.5542              0.0494           1355.0583
          0.23000000              0.5542              0.0543           1450.6307
          0.23000000              0.5542              0.0587           1460.4002
          0.23000000              0.5542              0.0628           1454.0541
          0.23000000              0.5542              0.0665           1379.1248
          0.23000000              0.5542              0.0700           1293.6340
          0.23000000              0.5542              0.0733           1207.4225
          0.23000000              0.5542              0.0763           1123.4294
          0.23000000              0.5542              0.0791           1368.9968
          0.23000000              0.5542              0.0818           1257.3080
          0.23000000              0.5542              0.0844           1027.8068
          0.23000000              0.5542              0.0868            874.9835
          0.23000000              0.5542              0.0891            738.7019
          0.23000000              0.5542              0.0913            622.3425
          0.23000000              0.5542              0.0934            709.6042
          0.23000000              0.5542              0.0954            481.7862
          0.23000000              0.5542              0.0974            326.7429
          0.23000000              0.5542              0.0992            264.8191
          0.23000000              0.5542              0.1010            176.8797
          0.23000000              0.5542              0.1027            100.0587
          0.23000000              0.5542              0.1044             50.6744
          0.23000000              0.5542              0.1060             22.0751
          0.23000000              0.5542              0.1076              6.8689
          0.23000000              0.5542              0.1091              0.9027
          0.23000000              0.5542              0.1105              0.0000
          0.23000000              0.5937              0.0000              0.0000
          0.23000000              0.5937              0.0126            365.4615
          0.23000000              0.5937              0.0226            598.9378
          0.23000000              0.5937              0.0308            799.3505
          0.23000000              0.5937              0.0378            975.4393
          0.23000000              0.5937              0.0440           1175.7262
          0.23000000              0.5937              0.0494           1353.9163
          0.23000000              0.5937              0.0543           1468.5574
          0.23000000              0.5937              0.0587           1489.6290
          0.23000000              0.5937              0.0628           1485.0295
          0.23000000              0.5937              0.0665           1409.7575
          0.23000000              0.5937              0.0700           1320.8375
          0.23000000              0.5937              0.0733           1232.0882
          0.23000000              0.5937              0.0763           1145.3490
          0.23000000              0.5937              0.0791           1380.5197
          0.23000000              0.5937              0.0818           1268.0519
          0.23000000              0.5937              0.0844           1038.7283
          0.23000000              0.5937              0.0868            886.0893
          0.23000000              0.5937              0.0891            752.8955
          0.23000000              0.5937              0.0913            636.0724
          0.23000000              0.5937              0.0934            724.7674
          0.23000000              0.5937              0.0954            500.5386
          0.23000000              0.5937              0.0974            344.7406
          0.23000000              0.5937              0.0992            279.6788
          0.23000000              0.5937              0.1010            184.1539
          0.23000000              0.5937              0.1027            101.8864
          0.23000000              0.5937              0.1044             51.7162
          0.23000000              0.5937              0.1060             22.5145
          0.23000000              0.5937              0.1076              6.9341
          0.23000000              0.5937              0.1091              0.9005
          0.23000000              0.5937              0.1105              0.0000
          0.23000000              0.6308              0.0000              0.0000
          0.23000000              0.6308              0.0126            360.8121
          0.23000000              0.6308              0.0226            591.8297
          0.23000000              0.6308              0.0308            793.1326
          0.23000000              0.6308              0.0378            968.4212
          0.23000000              0.6308              0.0440           1169.3692
          0.23000000              0.6308              0.0494           1351.8566
          0.23000000              0.6308              0.0543           1481.6389
          0.23000000              0.6308              0.0587           1519.7526
          0.23000000              0.6308              0.0628           1519.0213
          0.23000000              0.6308              0.0665           1442.8236
          0.23000000              0.6308              0.0700           1350.4229
          0.23000000              0.6308              0.0733           1259.4536
          0.23000000              0.6308              0.0763           1170.1520
          0.23000000              0.6308              0.0791           1394.5109
          0.23000000              0.6308              0.0818           1278.1082
          0.23000000              0.6308              0.0844           1045.9960
          0.23000000              0.6308              0.0868            895.6184
          0.23000000              0.6308              0.0891            762.9325
          0.23000000              0.6308              0.0913            648.6193
          0.23000000              0.6308              0.0934            738.4556
          0.23000000              0.6308              0.0954            513.8953
          0.23000000              0.6308              0.0974            361.7409
          0.23000000              0.6308              0.0992            295.8619
          0.23000000              0.6308              0.1010            196.9159
          0.23000000              0.6308              0.1027            104.4246
          0.23000000              0.6308              0.1044             52.6041
          0.23000000              0.6308              0.1060             22.8280
          0.23000000              0.6308              0.1076              7.0873
          0.23000000              0.6308              0.1091              0.9204
          0.23000000              0.6308              0.1105              0.0000
          0.23000000              0.6658              0.0000              0.0000
          0.23000000              0.6658              0.0126            356.1030
          0.23000000              0.6658              0.0226            584.7987
          0.23000000              0.6658              0.0308            786.8160
          0.23000000              0.6658              0.0378            962.1060
          0.23000000              0.6658              0.0440           1163.5484
          0.23000000              0.6658              0.0494           1348.4588
          0.23000000              0.6658              0.0543           1489.6091
          0.23000000              0.6658              0.0587           1546.1548
          0.23000000              0.6658              0.0628           1552.8325
          0.23000000              0.6658              0.0665           1477.8216
          0.23000000              0.6658              0.0700           1381.5152
          0.23000000              0.6658              0.0733           1289.8880
          0.23000000              0.6658              0.0763           1195.8327
          0.23000000              0.6658              0.0791           1410.6813
          0.23000000              0.6658              0.0818           1289.2591
          0.23000000              0.6658              0.0844           1056.8128
          0.23000000              0.6658              0.0868            899.9216
          0.23000000              0.6658              0.0891            769.1634
          0.23000000              0.6658              0.0913            657.0869
          0.23000000              0.6658              0.0934            753.3000
          0.23000000              0.6658              0.0954            522.7079
          0.23000000              0.6658              0.0974            375.0353
          0.23000000              0.6658              0.0992            312.6284
          0.23000000              0.6658              0.1010            209.8553
          0.23000000              0.6658              0.1027            113.3291
          0.23000000              0.6658              0.1044             53.4163
          0.23000000              0.6658              0.1060             23.2328
          0.23000000              0.6658              0.1076              7.2369
          0.23000000              0.6658              0.1091              0.9618
          0.23000000              0.6658              0.1105              0.0000
          0.23000000              0.6990              0.0000              0.0000
          0.23000000              0.6990              0.0126            351.3851
          0.23000000              0.6990              0.0226            577.7833
          0.23000000              0.6990              0.0308            780.2361
          0.23000000              0.6990              0.0378            955.7111
          0.23000000              0.6990              0.0440           1158.5044
          0.23000000              0.6990              0.0494           1346.6146
          0.23000000              0.6990              0.0543           1495.9046
          0.23000000              0.6990              0.0587           1566.3253
          0.23000000              0.6990              0.0628           1585.3632
          0.23000000              0.6990              0.0665           1514.1850
          0.23000000              0.6990              0.0700           1416.1053
          0.23000000              0.6990              0.0733           1324.3532
          0.23000000              0.6990              0.0763           1224.8387
          0.23000000              0.6990              0.0791           1425.4758
          0.23000000              0.6990              0.0818           1302.6010
          0.23000000              0.6990              0.0844           1066.6553
          0.23000000              0.6990              0.0868            903.8395
          0.23000000              0.6990              0.0891            773.7758
          0.23000000              0.6990              0.0913            661.3543
          0.23000000              0.6990              0.0934            764.4513
          0.23000000              0.6990              0.0954            532.4378
          0.23000000              0.6990              0.0974            382.7875
          0.23000000              0.6990              0.0992            327.4651
          0.23000000              0.6990              0.1010            225.3427
          0.23000000              0.6990              0.1027            124.5903
          0.23000000              0.6990              0.1044             56.2690
          0.23000000              0.6990              0.1060             23.6512
          0.23000000              0.6990              0.1076              7.3647
          0.23000000              0.6990              0.1091              0.9960
          0.23000000              0.6990              0.1105              0.0000
          0.23000000              0.7304              0.0000              0.0000
          0.23000000              0.7304              0.0126            346.6600
          0.23000000              0.7304              0.0226            570.9224
          0.23000000              0.7304              0.0308            773.5043
          0.23000000              0.7304              0.0378            949.3271
          0.23000000              0.7304              0.0440           1153.4047
          0.23000000              0.7304              0.0494           1344.6058
          0.23000000              0.7304              0.0543           1500.2468
          0.23000000              0.7304              0.0587           1582.2518
          0.23000000              0.7304              0.0628           1613.0094
          0.23000000              0.7304              0.0665           1550.1154
          0.23000000              0.7304              0.0700           1459.2700
          0.23000000              0.7304              0.0733           1362.9041
          0.23000000              0.7304              0.0763           1256.5045
          0.23000000              0.7304              0.0791           1438.0464
          0.23000000              0.7304              0.0818           1320.8757
          0.23000000              0.7304              0.0844           1079.3592
          0.23000000              0.7304              0.0868            908.8890
          0.23000000              0.7304              0.0891            774.5472
          0.23000000              0.7304              0.0913            663.9643
          0.23000000              0.7304              0.0934            773.1475
          0.23000000              0.7304              0.0954            542.2572
          0.23000000              0.7304              0.0974            388.4208
          0.23000000              0.7304              0.0992            337.9328
          0.23000000              0.7304              0.1010            239.6477
          0.23000000              0.7304              0.1027            138.1587
          0.23000000              0.7304              0.1044             65.3487
          0.23000000              0.7304              0.1060             23.9302
          0.23000000              0.7304              0.1076              7.4877
          0.23000000              0.7304              0.1091              1.0232
          0.23000000              0.7304              0.1105              0.0000
          0.23000000              0.7604              0.0000              0.0000
          0.23000000              0.7604              0.0126            341.9510
          0.23000000              0.7604              0.0226            564.5895
          0.23000000              0.7604              0.0308            766.3519
          0.23000000              0.7604              0.0378            943.2558
          0.23000000              0.7604              0.0440           1148.1885
          0.23000000              0.7604              0.0494           1343.1453
          0.23000000              0.7604              0.0543           1503.3710
          0.23000000              0.7604              0.0587           1594.2401
          0.23000000              0.7604              0.0628           1634.6320
          0.23000000              0.7604              0.0665           1582.9767
          0.23000000              0.7604              0.0700           1503.4093
          0.23000000              0.7604              0.0733           1404.1489
          0.23000000              0.7604              0.0763           1291.6472
          0.23000000              0.7604              0.0791           1447.8961
          0.23000000              0.7604              0.0818           1337.1831
          0.23000000              0.7604              0.0844           1093.1114
          0.23000000              0.7604              0.0868            915.5433
          0.23000000              0.7604              0.0891            777.0357
          0.23000000              0.7604              0.0913            661.7183
          0.23000000              0.7604              0.0934            777.2672
          0.23000000              0.7604              0.0954            548.1368
          0.23000000              0.7604              0.0974            396.1995
          0.23000000              0.7604              0.0992            343.0853
          0.23000000              0.7604              0.1010            252.5959
          0.23000000              0.7604              0.1027            153.4201
          0.23000000              0.7604              0.1044             77.7745
          0.23000000              0.7604              0.1060             26.9040
          0.23000000              0.7604              0.1076              7.5617
          0.23000000              0.7604              0.1091              1.0311
          0.23000000              0.7604              0.1105              0.0000
          0.23000000              0.7889              0.0000              0.0000
          0.23000000              0.7889              0.0126            337.2438
          0.23000000              0.7889              0.0226            558.7137
          0.23000000              0.7889              0.0308            758.7521
          0.23000000              0.7889              0.0378            938.1254
          0.23000000              0.7889              0.0440           1144.8840
          0.23000000              0.7889              0.0494           1341.6681
          0.23000000              0.7889              0.0543           1505.4447
          0.23000000              0.7889              0.0587           1600.6668
          0.23000000              0.7889              0.0628           1651.6034
          0.23000000              0.7889              0.0665           1617.7823
          0.23000000              0.7889              0.0700           1550.2108
          0.23000000              0.7889              0.0733           1448.5611
          0.23000000              0.7889              0.0763           1331.2101
          0.23000000              0.7889              0.0791           1456.4286
          0.23000000              0.7889              0.0818           1351.6695
          0.23000000              0.7889              0.0844           1104.7354
          0.23000000              0.7889              0.0868            927.3387
          0.23000000              0.7889              0.0891            779.7381
          0.23000000              0.7889              0.0913            659.2605
          0.23000000              0.7889              0.0934            779.0284
          0.23000000              0.7889              0.0954            548.9533
          0.23000000              0.7889              0.0974            401.1154
          0.23000000              0.7889              0.0992            350.8330
          0.23000000              0.7889              0.1010            259.9714
          0.23000000              0.7889              0.1027            168.2134
          0.23000000              0.7889              0.1044             93.7144
          0.23000000              0.7889              0.1060             37.2470
          0.23000000              0.7889              0.1076              7.7270
          0.23000000              0.7889              0.1091              1.0459
          0.23000000              0.7889              0.1105              0.0000
          0.23000000              0.8163              0.0000              0.0000
          0.23000000              0.8163              0.0126            332.6012
          0.23000000              0.8163              0.0226            552.6828
          0.23000000              0.8163              0.0308            750.9413
          0.23000000              0.8163              0.0378            933.2822
          0.23000000              0.8163              0.0440           1142.1010
          0.23000000              0.8163              0.0494           1339.5506
          0.23000000              0.8163              0.0543           1506.8736
          0.23000000              0.8163              0.0587           1604.9822
          0.23000000              0.8163              0.0628           1663.0924
          0.23000000              0.8163              0.0665           1652.1947
          0.23000000              0.8163              0.0700           1594.5577
          0.23000000              0.8163              0.0733           1494.3409
          0.23000000              0.8163              0.0763           1373.6078
          0.23000000              0.8163              0.0791           1472.2620
          0.23000000              0.8163              0.0818           1360.5130
          0.23000000              0.8163              0.0844           1114.4996
          0.23000000              0.8163              0.0868            938.8127
          0.23000000              0.8163              0.0891            785.1075
          0.23000000              0.8163              0.0913            655.9392
          0.23000000              0.8163              0.0934            778.3850
          0.23000000              0.8163              0.0954            546.6870
          0.23000000              0.8163              0.0974            402.2826
          0.23000000              0.8163              0.0992            359.9318
          0.23000000              0.8163              0.1010            265.2880
          0.23000000              0.8163              0.1027            179.6569
          0.23000000              0.8163              0.1044            110.4537
          0.23000000              0.8163              0.1060             50.9886
          0.23000000              0.8163              0.1076             10.1741
          0.23000000              0.8163              0.1091              1.0712
          0.23000000              0.8163              0.1105              0.0000
          0.23000000              0.8424              0.0000              0.0000
          0.23000000              0.8424              0.0126            328.5384
          0.23000000              0.8424              0.0226            546.2956
          0.23000000              0.8424              0.0308            743.1972
          0.23000000              0.8424              0.0378            929.1347
          0.23000000              0.8424              0.0440           1139.4687
          0.23000000              0.8424              0.0494           1337.2075
          0.23000000              0.8424              0.0543           1506.8392
          0.23000000              0.8424              0.0587           1606.3881
          0.23000000              0.8424              0.0628           1677.5991
          0.23000000              0.8424              0.0665           1682.0235
          0.23000000              0.8424              0.0700           1633.1973
          0.23000000              0.8424              0.0733           1539.4930
          0.23000000              0.8424              0.0763           1419.7915
          0.23000000              0.8424              0.0791           1487.0810
          0.23000000              0.8424              0.0818           1370.1395
          0.23000000              0.8424              0.0844           1125.1767
          0.23000000              0.8424              0.0868            948.2943
          0.23000000              0.8424              0.0891            792.4868
          0.23000000              0.8424              0.0913            652.9886
          0.23000000              0.8424              0.0934            779.2316
          0.23000000              0.8424              0.0954            540.7902
          0.23000000              0.8424              0.0974            398.7084
          0.23000000              0.8424              0.0992            363.5849
          0.23000000              0.8424              0.1010            275.6004
          0.23000000              0.8424              0.1027            184.4164
          0.23000000              0.8424              0.1044            127.1966
          0.23000000              0.8424              0.1060             69.2389
          0.23000000              0.8424              0.1076             20.0268
          0.23000000              0.8424              0.1091              1.0875
          0.23000000              0.8424              0.1105              0.0000
          0.23000000              0.8675              0.0000              0.0000
          0.23000000              0.8675              0.0126            324.6496
          0.23000000              0.8675              0.0226            539.8389
          0.23000000              0.8675              0.0308            735.7181
          0.23000000              0.8675              0.0378            924.2860
          0.23000000              0.8675              0.0440           1135.9928
          0.23000000              0.8675              0.0494           1333.9640
          0.23000000              0.8675              0.0543           1505.7724
          0.23000000              0.8675              0.0587           1606.9066
          0.23000000              0.8675              0.0628           1690.8368
          0.23000000              0.8675              0.0665           1703.1411
          0.23000000              0.8675              0.0700           1666.7496
          0.23000000              0.8675              0.0733           1581.7886
          0.23000000              0.8675              0.0763           1474.8210
          0.23000000              0.8675              0.0791           1505.7916
          0.23000000              0.8675              0.0818           1378.9508
          0.23000000              0.8675              0.0844           1135.9554
          0.23000000              0.8675              0.0868            956.5435
          0.23000000              0.8675              0.0891            797.2678
          0.23000000              0.8675              0.0913            652.9241
          0.23000000              0.8675              0.0934            782.5878
          0.23000000              0.8675              0.0954            534.2475
          0.23000000              0.8675              0.0974            390.5428
          0.23000000              0.8675              0.0992            363.8228
          0.23000000              0.8675              0.1010            281.7464
          0.23000000              0.8675              0.1027            192.7878
          0.23000000              0.8675              0.1044            138.4236
          0.23000000              0.8675              0.1060             89.1561
          0.23000000              0.8675              0.1076             35.1451
          0.23000000              0.8675              0.1091              1.5335
          0.23000000              0.8675              0.1105              0.0000
          0.23000000              0.8917              0.0000              0.0000
          0.23000000              0.8917              0.0126            321.0839
          0.23000000              0.8917              0.0226            533.2564
          0.23000000              0.8917              0.0308            728.4346
          0.23000000              0.8917              0.0378            919.1120
          0.23000000              0.8917              0.0440           1131.8285
          0.23000000              0.8917              0.0494           1330.3107
          0.23000000              0.8917              0.0543           1504.2760
          0.23000000              0.8917              0.0587           1619.6517
          0.23000000              0.8917              0.0628           1701.3351
          0.23000000              0.8917              0.0665           1718.5101
          0.23000000              0.8917              0.0700           1693.4054
          0.23000000              0.8917              0.0733           1623.7080
          0.23000000              0.8917              0.0763           1524.9991
          0.23000000              0.8917              0.0791           1525.8516
          0.23000000              0.8917              0.0818           1394.3336
          0.23000000              0.8917              0.0844           1147.2127
          0.23000000              0.8917              0.0868            965.2015
          0.23000000              0.8917              0.0891            798.7802
          0.23000000              0.8917              0.0913            651.3419
          0.23000000              0.8917              0.0934            789.8297
          0.23000000              0.8917              0.0954            528.0015
          0.23000000              0.8917              0.0974            379.4809
          0.23000000              0.8917              0.0992            358.9730
          0.23000000              0.8917              0.1010            283.3281
          0.23000000              0.8917              0.1027            202.0666
          0.23000000              0.8917              0.1044            143.4166
          0.23000000              0.8917              0.1060            108.0151
          0.23000000              0.8917              0.1076             56.8016
          0.23000000              0.8917              0.1091              7.8471
          0.23000000              0.8917              0.1105              0.0000
          0.23000000              0.9149              0.0000              0.0000
          0.23000000              0.9149              0.0126            317.8997
          0.23000000              0.9149              0.0226            526.8804
          0.23000000              0.9149              0.0308            720.7379
          0.23000000              0.9149              0.0378            912.5392
          0.23000000              0.9149              0.0440           1126.5093
          0.23000000              0.9149              0.0494           1325.5925
          0.23000000              0.9149              0.0543           1504.8300
          0.23000000              0.9149              0.0587           1630.1779
          0.23000000              0.9149              0.0628           1707.6144
          0.23000000              0.9149              0.0665           1728.8828
          0.23000000              0.9149              0.0700           1711.3471
          0.23000000              0.9149              0.0733           1663.6772
          0.23000000              0.9149              0.0763           1568.9197
          0.23000000              0.9149              0.0791           1538.4491
          0.23000000              0.9149              0.0818           1411.9184
          0.23000000              0.9149              0.0844           1161.9652
          0.23000000              0.9149              0.0868            974.0054
          0.23000000              0.9149              0.0891            799.4866
          0.23000000              0.9149              0.0913            647.1158
          0.23000000              0.9149              0.0934            793.4808
          0.23000000              0.9149              0.0954            525.6694
          0.23000000              0.9149              0.0974            368.3858
          0.23000000              0.9149              0.0992            350.3181
          0.23000000              0.9149              0.1010            278.2608
          0.23000000              0.9149              0.1027            204.3197
          0.23000000              0.9149              0.1044            153.9961
          0.23000000              0.9149              0.1060            118.1245
          0.23000000              0.9149              0.1076             82.7095
          0.23000000              0.9149              0.1091             22.3942
          0.23000000              0.9149              0.1105              0.0000
          0.23000000              0.9373              0.0000              0.0000
          0.23000000              0.9373              0.0126            314.8058
          0.23000000              0.9373              0.0226            519.8862
          0.23000000              0.9373              0.0308            712.5778
          0.23000000              0.9373              0.0378            905.1370
          0.23000000              0.9373              0.0440           1121.0148
          0.23000000              0.9373              0.0494           1319.7919
          0.23000000              0.9373              0.0543           1513.6394
          0.23000000              0.9373              0.0587           1635.0283
          0.23000000              0.9373              0.0628           1712.1745
          0.23000000              0.9373              0.0665           1737.2816
          0.23000000              0.9373              0.0700           1735.1239
          0.23000000              0.9373              0.0733           1692.8729
          0.23000000              0.9373              0.0763           1604.2736
          0.23000000              0.9373              0.0791           1557.8626
          0.23000000              0.9373              0.0818           1419.0781
          0.23000000              0.9373              0.0844           1177.7615
          0.23000000              0.9373              0.0868            982.7551
          0.23000000              0.9373              0.0891            799.5832
          0.23000000              0.9373              0.0913            641.6635
          0.23000000              0.9373              0.0934            783.6464
          0.23000000              0.9373              0.0954            521.7095
          0.23000000              0.9373              0.0974            358.8962
          0.23000000              0.9373              0.0992            341.3625
          0.23000000              0.9373              0.1010            269.8412
          0.23000000              0.9373              0.1027            199.2542
          0.23000000              0.9373              0.1044            161.2880
          0.23000000              0.9373              0.1060            128.1166
          0.23000000              0.9373              0.1076            108.9043
          0.23000000              0.9373              0.1091             46.9932
          0.23000000              0.9373              0.1105              0.0000
          0.23000000              0.9589              0.0000              0.0000
          0.23000000              0.9589              0.0126            311.7488
          0.23000000              0.9589              0.0226            512.1820
          0.23000000              0.9589              0.0308            704.8197
          0.23000000              0.9589              0.0378            896.8962
          0.23000000              0.9589              0.0440           1113.4787
          0.23000000              0.9589              0.0494           1323.3509
          0.23000000              0.9589              0.0543           1518.0851
          0.23000000              0.9589              0.0587           1636.9213
          0.23000000              0.9589              0.0628           1714.1356
          0.23000000              0.9589              0.0665           1749.0309
          0.23000000              0.9589              0.0700           1750.8755
          0.23000000              0.9589              0.0733           1712.6940
          0.23000000              0.9589              0.0763           1638.1230
          0.23000000              0.9589              0.0791           1563.8349
          0.23000000              0.9589              0.0818           1429.8067
          0.23000000              0.9589              0.0844           1187.8710
          0.23000000              0.9589              0.0868            991.4871
          0.23000000              0.9589              0.0891            801.1033
          0.23000000              0.9589              0.0913            637.2215
          0.23000000              0.9589              0.0934            755.6037
          0.23000000              0.9589              0.0954            505.6082
          0.23000000              0.9589              0.0974            349.5755
          0.23000000              0.9589              0.0992            334.4401
          0.23000000              0.9589              0.1010            258.0422
          0.23000000              0.9589              0.1027            187.1487
          0.23000000              0.9589              0.1044            156.8502
          0.23000000              0.9589              0.1060            142.7425
          0.23000000              0.9589              0.1076            125.6172
          0.23000000              0.9589              0.1091             83.5265
          0.23000000              0.9589              0.1105              0.0000
          0.23000000              0.9798              0.0000              0.0000
          0.23000000              0.9798              0.0126            308.7547
          0.23000000              0.9798              0.0226            505.6302
          0.23000000              0.9798              0.0308            695.9486
          0.23000000              0.9798              0.0378            887.3264
          0.23000000              0.9798              0.0440           1108.1249
          0.23000000              0.9798              0.0494           1328.8104
          0.23000000              0.9798              0.0543           1519.4630
          0.23000000              0.9798              0.0587           1635.9575
          0.23000000              0.9798              0.0628           1718.5148
          0.23000000              0.9798              0.0665           1759.7393
          0.23000000              0.9798              0.0700           1759.5233
          0.23000000              0.9798              0.0733           1730.4926
          0.23000000              0.9798              0.0763           1659.9475
          0.23000000              0.9798              0.0791           1562.8761
          0.23000000              0.9798              0.0818           1430.9986
          0.23000000              0.9798              0.0844           1198.1686
          0.23000000              0.9798              0.0868            999.9528
          0.23000000              0.9798              0.0891            802.2717
          0.23000000              0.9798              0.0913            632.9987
          0.23000000              0.9798              0.0934            726.7731
          0.23000000              0.9798              0.0954            479.4649
          0.23000000              0.9798              0.0974            330.6972
          0.23000000              0.9798              0.0992            328.5971
          0.23000000              0.9798              0.1010            246.1089
          0.23000000              0.9798              0.1027            163.6890
          0.23000000              0.9798              0.1044            137.6806
          0.23000000              0.9798              0.1060            142.2509
          0.23000000              0.9798              0.1076            146.0211
          0.23000000              0.9798              0.1091            123.8095
          0.23000000              0.9798              0.1105              0.0000
          0.23000000              1.0000              0.0000              0.0000
          0.23000000              1.0000              0.0126            305.8469
          0.23000000              1.0000              0.0226            499.7200
          0.23000000              1.0000              0.0308            680.4886
          0.23000000              1.0000              0.0378            876.9296
          0.23000000              1.0000              0.0440           1115.2631
          0.23000000              1.0000              0.0494           1321.3634
          0.23000000              1.0000              0.0543           1510.0609
          0.23000000              1.0000              0.0587           1647.8266
          0.23000000              1.0000              0.0628           1719.8895
          0.23000000              1.0000              0.0665           1762.9802
          0.23000000              1.0000              0.0700           1768.4735
          0.23000000              1.0000              0.0733           1738.9134
          0.23000000              1.0000              0.0763           1674.4660
          0.23000000              1.0000              0.0791           1553.9890
          0.23000000              1.0000              0.0818           1419.7998
          0.23000000              1.0000              0.0844           1199.6088
          0.23000000              1.0000              0.0868           1006.6179
          0.23000000              1.0000              0.0891            805.3949
          0.23000000              1.0000              0.0913            628.3955
          0.23000000              1.0000              0.0934            685.5402
          0.23000000              1.0000              0.0954            438.8003
          0.23000000              1.0000              0.0974            289.7781
          0.23000000              1.0000              0.0992            294.7844
          0.23000000              1.0000              0.1010            229.6881
          0.23000000              1.0000              0.1027            130.2556
          0.23000000              1.0000              0.1044             90.8794
          0.23000000              1.0000              0.1060            113.1727
          0.23000000              1.0000              0.1076            165.2522
          0.23000000              1.0000              0.1091            171.0312
          0.23000000              1.0000              0.1105              0.0000
