0.145	-1	0	0
0.145	-1	0.00256543	19.274
0.145	-1	0.00459576	29.0498
0.145	-1	0.00627614	32.5226
0.145	-1	0.00770965	29.4288
0.145	-1	0.00895962	24.8965
0.145	-1	0.0100678	21.0089
0.145	-1	0.011063	21.1427
0.145	-1	0.0119662	20.4826
0.145	-1	0.0127931	17.5478
0.145	-1	0.0135554	14.4971
0.145	-1	0.0142625	12.2484
0.145	-1	0.014922	11.024
0.145	-1	0.0155398	9.38014
0.145	-1	0.0161208	7.76225
0.145	-1	0.0166693	6.63514
0.145	-1	0.0171886	5.2467
0.145	-1	0.0176817	4.10224
0.145	-1	0.0181511	3.04746
0.145	-1	0.0185991	2.21724
0.145	-1	0.0190274	1.58826
0.145	-1	0.0194377	1.10168
0.145	-1	0.0198315	0.743972
0.145	-1	0.0202101	0.46814
0.145	-1	0.0205745	0.280586
0.145	-1	0.0209259	0.15304
0.145	-1	0.021265	0.0775288
0.145	-1	0.0215928	0.0315619
0.145	-1	0.02191	0.00970881
0.145	-1	0.0222172	0.00118107
0.145	-1	0.022515	0
0.145	-0.634788	0	0
0.145	-0.634788	0.00256543	18.532
0.145	-0.634788	0.00459576	28.8367
0.145	-0.634788	0.00627614	33.0711
0.145	-0.634788	0.00770965	31.2665
0.145	-0.634788	0.00895962	27.4
0.145	-0.634788	0.0100678	24.1236
0.145	-0.634788	0.011063	25.1795
0.145	-0.634788	0.0119662	24.8427
0.145	-0.634788	0.0127931	22.0367
0.145	-0.634788	0.0135554	18.5471
0.145	-0.634788	0.0142625	15.8182
0.145	-0.634788	0.014922	14.5468
0.145	-0.634788	0.0155398	12.6302
0.145	-0.634788	0.0161208	10.7243
0.145	-0.634788	0.0166693	9.34326
0.145	-0.634788	0.0171886	7.56117
0.145	-0.634788	0.0176817	6.03503
0.145	-0.634788	0.0181511	4.61501
0.145	-0.634788	0.0185991	3.39239
0.145	-0.634788	0.0190274	2.44986
0.145	-0.634788	0.0194377	1.7292
0.145	-0.634788	0.0198315	1.18124
0.145	-0.634788	0.0202101	0.773365
0.145	-0.634788	0.0205745	0.477021
0.145	-0.634788	0.0209259	0.269468
0.145	-0.634788	0.021265	0.134989
0.145	-0.634788	0.0215928	0.0558064
0.145	-0.634788	0.02191	0.0165338
0.145	-0.634788	0.0222172	0.00207057
0.145	-0.634788	0.022515	0
0.145	-0.406307	0	0
0.145	-0.406307	0.00256543	18.0459
0.145	-0.406307	0.00459576	28.3187
0.145	-0.406307	0.00627614	33.075
0.145	-0.406307	0.00770965	31.8152
0.145	-0.406307	0.00895962	28.6207
0.145	-0.406307	0.0100678	25.8643
0.145	-0.406307	0.011063	27.6684
0.145	-0.406307	0.0119662	27.9128
0.145	-0.406307	0.0127931	25.2796
0.145	-0.406307	0.0135554	21.7148
0.145	-0.406307	0.0142625	18.8284
0.145	-0.406307	0.014922	17.5322
0.145	-0.406307	0.0155398	15.2376
0.145	-0.406307	0.0161208	12.8765
0.145	-0.406307	0.0166693	11.2269
0.145	-0.406307	0.0171886	9.12713
0.145	-0.406307	0.0176817	7.3531
0.145	-0.406307	0.0181511	5.6498
0.145	-0.406307	0.0185991	4.17809
0.145	-0.406307	0.0190274	3.03432
0.145	-0.406307	0.0194377	2.15658
0.145	-0.406307	0.0198315	1.48464
0.145	-0.406307	0.0202101	0.982179
0.145	-0.406307	0.0205745	0.609316
0.145	-0.406307	0.0209259	0.347827
0.145	-0.406307	0.021265	0.176519
0.145	-0.406307	0.0215928	0.0735555
0.145	-0.406307	0.02191	0.0216013
0.145	-0.406307	0.0222172	0.00274672
0.145	-0.406307	0.022515	0
0.145	-0.239626	0	0
0.145	-0.239626	0.00256543	17.6203
0.145	-0.239626	0.00459576	27.7399
0.145	-0.239626	0.00627614	32.8375
0.145	-0.239626	0.00770965	31.9764
0.145	-0.239626	0.00895962	29.1507
0.145	-0.239626	0.0100678	26.8062
0.145	-0.239626	0.011063	29.3335
0.145	-0.239626	0.0119662	30.1423
0.145	-0.239626	0.0127931	27.7354
0.145	-0.239626	0.0135554	24.2842
0.145	-0.239626	0.0142625	21.374
0.145	-0.239626	0.014922	20.1091
0.145	-0.239626	0.0155398	17.5135
0.145	-0.239626	0.0161208	14.8162
0.145	-0.239626	0.0166693	12.8453
0.145	-0.239626	0.0171886	10.3483
0.145	-0.239626	0.0176817	8.30376
0.145	-0.239626	0.0181511	6.40937
0.145	-0.239626	0.0185991	4.77014
0.145	-0.239626	0.0190274	3.47916
0.145	-0.239626	0.0194377	2.48308
0.145	-0.239626	0.0198315	1.71369
0.145	-0.239626	0.0202101	1.13616
0.145	-0.239626	0.0205745	0.707749
0.145	-0.239626	0.0209259	0.406132
0.145	-0.239626	0.021265	0.207203
0.145	-0.239626	0.0215928	0.0874002
0.145	-0.239626	0.02191	0.0261154
0.145	-0.239626	0.0222172	0.00327132
0.145	-0.239626	0.022515	0
0.145	-0.108332	0	0
0.145	-0.108332	0.00256543	17.236
0.145	-0.108332	0.00459576	27.2378
0.145	-0.108332	0.00627614	32.468
0.145	-0.108332	0.00770965	31.9507
0.145	-0.108332	0.00895962	29.335
0.145	-0.108332	0.0100678	27.329
0.145	-0.108332	0.011063	30.4637
0.145	-0.108332	0.0119662	31.7822
0.145	-0.108332	0.0127931	29.7262
0.145	-0.108332	0.0135554	26.3339
0.145	-0.108332	0.0142625	23.6157
0.145	-0.108332	0.014922	22.3204
0.145	-0.108332	0.0155398	19.6292
0.145	-0.108332	0.0161208	16.5997
0.145	-0.108332	0.0166693	14.3603
0.145	-0.108332	0.0171886	11.5486
0.145	-0.108332	0.0176817	9.18966
0.145	-0.108332	0.0181511	7.01507
0.145	-0.108332	0.0185991	5.21622
0.145	-0.108332	0.0190274	3.81777
0.145	-0.108332	0.0194377	2.73765
0.145	-0.108332	0.0198315	1.90233
0.145	-0.108332	0.0202101	1.26799
0.145	-0.108332	0.0205745	0.795708
0.145	-0.108332	0.0209259	0.458278
0.145	-0.108332	0.021265	0.235449
0.145	-0.108332	0.0215928	0.100138
0.145	-0.108332	0.02191	0.0300282
0.145	-0.108332	0.0222172	0.00386836
0.145	-0.108332	0.022515	0
0.145	-2e-20	0	0
0.145	-2e-20	0.00256543	16.9013
0.145	-2e-20	0.00459576	26.7265
0.145	-2e-20	0.00627614	32.024
0.145	-2e-20	0.00770965	31.7108
0.145	-2e-20	0.00895962	29.3578
0.145	-2e-20	0.0100678	27.5626
0.145	-2e-20	0.011063	31.244
0.145	-2e-20	0.0119662	33.0032
0.145	-2e-20	0.0127931	31.2527
0.145	-2e-20	0.0135554	28.1703
0.145	-2e-20	0.0142625	25.4656
0.145	-2e-20	0.014922	24.3282
0.145	-2e-20	0.0155398	21.473
0.145	-2e-20	0.0161208	18.2515
0.145	-2e-20	0.0166693	15.8028
0.145	-2e-20	0.0171886	12.6868
0.145	-2e-20	0.0176817	10.07
0.145	-2e-20	0.0181511	7.63544
0.145	-2e-20	0.0185991	5.60279
0.145	-2e-20	0.0190274	4.06959
0.145	-2e-20	0.0194377	2.92127
0.145	-2e-20	0.0198315	2.04003
0.145	-2e-20	0.0202101	1.36392
0.145	-2e-20	0.0205745	0.860221
0.145	-2e-20	0.0209259	0.499262
0.145	-2e-20	0.021265	0.257839
0.145	-2e-20	0.0215928	0.110162
0.145	-2e-20	0.02191	0.0329327
0.145	-2e-20	0.0222172	0.00423616
0.145	-2e-20	0.022515	0
0.145	0.0922185	0	0
0.145	0.0922185	0.00256543	16.5987
0.145	0.0922185	0.00459576	26.2256
0.145	0.0922185	0.00627614	31.5307
0.145	0.0922185	0.00770965	31.4041
0.145	0.0922185	0.00895962	29.3449
0.145	0.0922185	0.0100678	27.6729
0.145	0.0922185	0.011063	31.7028
0.145	0.0922185	0.0119662	33.9155
0.145	0.0922185	0.0127931	32.5039
0.145	0.0922185	0.0135554	29.6291
0.145	0.0922185	0.0142625	27.1394
0.145	0.0922185	0.014922	26.0036
0.145	0.0922185	0.0155398	23.1722
0.145	0.0922185	0.0161208	19.7824
0.145	0.0922185	0.0166693	17.1768
0.145	0.0922185	0.0171886	13.8214
0.145	0.0922185	0.0176817	10.9449
0.145	0.0922185	0.0181511	8.28272
0.145	0.0922185	0.0185991	6.0399
0.145	0.0922185	0.0190274	4.32054
0.145	0.0922185	0.0194377	3.05617
0.145	0.0922185	0.0198315	2.12731
0.145	0.0922185	0.0202101	1.42491
0.145	0.0922185	0.0205745	0.900489
0.145	0.0922185	0.0209259	0.524186
0.145	0.0922185	0.021265	0.270912
0.145	0.0922185	0.0215928	0.116255
0.145	0.0922185	0.02191	0.0352693
0.145	0.0922185	0.0222172	0.00447319
0.145	0.0922185	0.022515	0
0.145	0.172502	0	0
0.145	0.172502	0.00256543	16.3167
0.145	0.172502	0.00459576	25.7434
0.145	0.172502	0.00627614	31.0873
0.145	0.172502	0.00770965	31.0462
0.145	0.172502	0.00895962	29.1443
0.145	0.172502	0.0100678	27.6963
0.145	0.172502	0.011063	32.0047
0.145	0.172502	0.0119662	34.5541
0.145	0.172502	0.0127931	33.4523
0.145	0.172502	0.0135554	30.8798
0.145	0.172502	0.0142625	28.5387
0.145	0.172502	0.014922	27.555
0.145	0.172502	0.0155398	24.6776
0.145	0.172502	0.0161208	21.2225
0.145	0.172502	0.0166693	18.4173
0.145	0.172502	0.0171886	14.9611
0.145	0.172502	0.0176817	11.857
0.145	0.172502	0.0181511	8.98126
0.145	0.172502	0.0185991	6.50765
0.145	0.172502	0.0190274	4.63924
0.145	0.172502	0.0194377	3.21944
0.145	0.172502	0.0198315	2.19396
0.145	0.172502	0.0202101	1.46063
0.145	0.172502	0.0205745	0.92198
0.145	0.172502	0.0209259	0.536054
0.145	0.172502	0.021265	0.276237
0.145	0.172502	0.0215928	0.118534
0.145	0.172502	0.02191	0.035719
0.145	0.172502	0.0222172	0.00449234
0.145	0.172502	0.022515	0
0.145	0.243589	0	0
0.145	0.243589	0.00256543	16.0773
0.145	0.243589	0.00459576	25.2472
0.145	0.243589	0.00627614	30.6118
0.145	0.243589	0.00770965	30.6322
0.145	0.243589	0.00895962	28.8703
0.145	0.243589	0.0100678	27.6627
0.145	0.243589	0.011063	32.1907
0.145	0.243589	0.0119662	34.9953
0.145	0.243589	0.0127931	34.2147
0.145	0.243589	0.0135554	31.8719
0.145	0.243589	0.0142625	29.7654
0.145	0.243589	0.014922	28.9064
0.145	0.243589	0.0155398	26.0845
0.145	0.243589	0.0161208	22.4937
0.145	0.243589	0.0166693	19.6257
0.145	0.243589	0.0171886	15.9922
0.145	0.243589	0.0176817	12.8103
0.145	0.243589	0.0181511	9.72589
0.145	0.243589	0.0185991	7.08743
0.145	0.243589	0.0190274	5.00607
0.145	0.243589	0.0194377	3.46695
0.145	0.243589	0.0198315	2.30602
0.145	0.243589	0.0202101	1.49535
0.145	0.243589	0.0205745	0.935498
0.145	0.243589	0.0209259	0.543439
0.145	0.243589	0.021265	0.27933
0.145	0.243589	0.0215928	0.119345
0.145	0.243589	0.02191	0.036121
0.145	0.243589	0.0222172	0.00454731
0.145	0.243589	0.022515	0
0.145	0.307372	0	0
0.145	0.307372	0.00256543	15.8597
0.145	0.307372	0.00459576	24.796
0.145	0.307372	0.00627614	30.0904
0.145	0.307372	0.00770965	30.2419
0.145	0.307372	0.00895962	28.574
0.145	0.307372	0.0100678	27.4867
0.145	0.307372	0.011063	32.365
0.145	0.307372	0.0119662	35.3489
0.145	0.307372	0.0127931	34.7665
0.145	0.307372	0.0135554	32.6982
0.145	0.307372	0.0142625	30.7733
0.145	0.307372	0.014922	30.0895
0.145	0.307372	0.0155398	27.3465
0.145	0.307372	0.0161208	23.7105
0.145	0.307372	0.0166693	20.7153
0.145	0.307372	0.0171886	17.0485
0.145	0.307372	0.0176817	13.6974
0.145	0.307372	0.0181511	10.5502
0.145	0.307372	0.0185991	7.73043
0.145	0.307372	0.0190274	5.49602
0.145	0.307372	0.0194377	3.77721
0.145	0.307372	0.0198315	2.50097
0.145	0.307372	0.0202101	1.57679
0.145	0.307372	0.0205745	0.953256
0.145	0.307372	0.0209259	0.549281
0.145	0.307372	0.021265	0.282691
0.145	0.307372	0.0215928	0.120681
0.145	0.307372	0.02191	0.0362718
0.145	0.307372	0.0222172	0.00460391
0.145	0.307372	0.022515	0
0.145	0.365212	0	0
0.145	0.365212	0.00256543	15.6678
0.145	0.365212	0.00459576	24.356
0.145	0.365212	0.00627614	29.6278
0.145	0.365212	0.00770965	29.837
0.145	0.365212	0.00895962	28.179
0.145	0.365212	0.0100678	27.2261
0.145	0.365212	0.011063	32.4216
0.145	0.365212	0.0119662	35.605
0.145	0.365212	0.0127931	35.1802
0.145	0.365212	0.0135554	33.3382
0.145	0.365212	0.0142625	31.6125
0.145	0.365212	0.014922	31.1286
0.145	0.365212	0.0155398	28.4345
0.145	0.365212	0.0161208	24.8255
0.145	0.365212	0.0166693	21.7805
0.145	0.365212	0.0171886	18.0366
0.145	0.365212	0.0176817	14.6477
0.145	0.365212	0.0181511	11.3236
0.145	0.365212	0.0185991	8.44802
0.145	0.365212	0.0190274	6.05906
0.145	0.365212	0.0194377	4.18753
0.145	0.365212	0.0198315	2.75504
0.145	0.365212	0.0202101	1.72692
0.145	0.365212	0.0205745	1.01287
0.145	0.365212	0.0209259	0.558931
0.145	0.365212	0.021265	0.286231
0.145	0.365212	0.0215928	0.122154
0.145	0.365212	0.02191	0.0367015
0.145	0.365212	0.0222172	0.00466228
0.145	0.365212	0.022515	0
0.145	0.418124	0	0
0.145	0.418124	0.00256543	15.4902
0.145	0.418124	0.00459576	23.9186
0.145	0.418124	0.00627614	29.1326
0.145	0.418124	0.00770965	29.3946
0.145	0.418124	0.00895962	27.8677
0.145	0.418124	0.0100678	26.9869
0.145	0.418124	0.011063	32.3582
0.145	0.418124	0.0119662	35.8638
0.145	0.418124	0.0127931	35.5244
0.145	0.418124	0.0135554	33.8406
0.145	0.418124	0.0142625	32.3261
0.145	0.418124	0.014922	32.001
0.145	0.418124	0.0155398	29.4513
0.145	0.418124	0.0161208	25.8166
0.145	0.418124	0.0166693	22.7819
0.145	0.418124	0.0171886	19.0304
0.145	0.418124	0.0176817	15.5575
0.145	0.418124	0.0181511	12.1845
0.145	0.418124	0.0185991	9.15015
0.145	0.418124	0.0190274	6.70783
0.145	0.418124	0.0194377	4.68738
0.145	0.418124	0.0198315	3.08884
0.145	0.418124	0.0202101	1.93673
0.145	0.418124	0.0205745	1.12635
0.145	0.418124	0.0209259	0.59709
0.145	0.418124	0.021265	0.291066
0.145	0.418124	0.0215928	0.123475
0.145	0.418124	0.02191	0.0371891
0.145	0.418124	0.0222172	0.00472257
0.145	0.418124	0.022515	0
0.145	0.466881	0	0
0.145	0.466881	0.00256543	15.3229
0.145	0.466881	0.00459576	23.4814
0.145	0.466881	0.00627614	28.6318
0.145	0.466881	0.00770965	28.8961
0.145	0.466881	0.00895962	27.4991
0.145	0.466881	0.0100678	26.6476
0.145	0.466881	0.011063	32.1758
0.145	0.466881	0.0119662	35.9861
0.145	0.466881	0.0127931	35.8263
0.145	0.466881	0.0135554	34.2438
0.145	0.466881	0.0142625	32.8828
0.145	0.466881	0.014922	32.7521
0.145	0.466881	0.0155398	30.3055
0.145	0.466881	0.0161208	26.7454
0.145	0.466881	0.0166693	23.709
0.145	0.466881	0.0171886	19.9795
0.145	0.466881	0.0176817	16.499
0.145	0.466881	0.0181511	13.0342
0.145	0.466881	0.0185991	9.92629
0.145	0.466881	0.0190274	7.36926
0.145	0.466881	0.0194377	5.27616
0.145	0.466881	0.0198315	3.51338
0.145	0.466881	0.0202101	2.20536
0.145	0.466881	0.0205745	1.29995
0.145	0.466881	0.0209259	0.678529
0.145	0.466881	0.021265	0.310453
0.145	0.466881	0.0215928	0.124921
0.145	0.466881	0.02191	0.0376725
0.145	0.466881	0.0222172	0.00482446
0.145	0.466881	0.022515	0
0.145	0.512089	0	0
0.145	0.512089	0.00256543	15.1672
0.145	0.512089	0.00459576	23.0993
0.145	0.512089	0.00627614	28.1477
0.145	0.512089	0.00770965	28.4053
0.145	0.512089	0.00895962	27.1277
0.145	0.512089	0.0100678	26.3299
0.145	0.512089	0.011063	32.0385
0.145	0.512089	0.0119662	36.0058
0.145	0.512089	0.0127931	36.0837
0.145	0.512089	0.0135554	34.5665
0.145	0.512089	0.0142625	33.3131
0.145	0.512089	0.014922	33.3467
0.145	0.512089	0.0155398	31.0407
0.145	0.512089	0.0161208	27.5584
0.145	0.512089	0.0166693	24.5613
0.145	0.512089	0.0171886	20.8919
0.145	0.512089	0.0176817	17.3946
0.145	0.512089	0.0181511	13.9137
0.145	0.512089	0.0185991	10.73
0.145	0.512089	0.0190274	8.087
0.145	0.512089	0.0194377	5.89751
0.145	0.512089	0.0198315	4.02353
0.145	0.512089	0.0202101	2.5619
0.145	0.512089	0.0205745	1.51622
0.145	0.512089	0.0209259	0.811607
0.145	0.512089	0.021265	0.363908
0.145	0.512089	0.0215928	0.133121
0.145	0.512089	0.02191	0.0383089
0.145	0.512089	0.0222172	0.00489491
0.145	0.512089	0.022515	0
0.145	0.55423	0	0
0.145	0.55423	0.00256543	15.0258
0.145	0.55423	0.00459576	22.7417
0.145	0.55423	0.00627614	27.6708
0.145	0.55423	0.00770965	27.931
0.145	0.55423	0.00895962	26.7098
0.145	0.55423	0.0100678	26.0263
0.145	0.55423	0.011063	31.8073
0.145	0.55423	0.0119662	35.8991
0.145	0.55423	0.0127931	36.2243
0.145	0.55423	0.0135554	34.9048
0.145	0.55423	0.0142625	33.6958
0.145	0.55423	0.014922	33.8397
0.145	0.55423	0.0155398	31.6769
0.145	0.55423	0.0161208	28.275
0.145	0.55423	0.0166693	25.365
0.145	0.55423	0.0171886	21.7242
0.145	0.55423	0.0176817	18.2952
0.145	0.55423	0.0181511	14.7689
0.145	0.55423	0.0185991	11.5496
0.145	0.55423	0.0190274	8.84207
0.145	0.55423	0.0194377	6.56968
0.145	0.55423	0.0198315	4.57723
0.145	0.55423	0.0202101	3.00246
0.145	0.55423	0.0205745	1.80506
0.145	0.55423	0.0209259	0.981114
0.145	0.55423	0.021265	0.457652
0.145	0.55423	0.0215928	0.161592
0.145	0.55423	0.02191	0.0395083
0.145	0.55423	0.0222172	0.00501619
0.145	0.55423	0.022515	0
0.145	0.593693	0	0
0.145	0.593693	0.00256543	14.8846
0.145	0.593693	0.00459576	22.3871
0.145	0.593693	0.00627614	27.1836
0.145	0.593693	0.00770965	27.4494
0.145	0.593693	0.00895962	26.2349
0.145	0.593693	0.0100678	25.6602
0.145	0.593693	0.011063	31.534
0.145	0.593693	0.0119662	35.8416
0.145	0.593693	0.0127931	36.2777
0.145	0.593693	0.0135554	35.1463
0.145	0.593693	0.0142625	34.0083
0.145	0.593693	0.014922	34.2089
0.145	0.593693	0.0155398	32.2013
0.145	0.593693	0.0161208	28.9296
0.145	0.593693	0.0166693	26.0673
0.145	0.593693	0.0171886	22.5634
0.145	0.593693	0.0176817	19.1328
0.145	0.593693	0.0181511	15.6483
0.145	0.593693	0.0185991	12.3923
0.145	0.593693	0.0190274	9.6236
0.145	0.593693	0.0194377	7.26877
0.145	0.593693	0.0198315	5.18385
0.145	0.593693	0.0202101	3.494
0.145	0.593693	0.0205745	2.18184
0.145	0.593693	0.0209259	1.20527
0.145	0.593693	0.021265	0.586928
0.145	0.593693	0.0215928	0.219241
0.145	0.593693	0.02191	0.0502927
0.145	0.593693	0.0222172	0.00510718
0.145	0.593693	0.022515	0
0.145	0.630798	0	0
0.145	0.630798	0.00256543	14.7518
0.145	0.630798	0.00459576	22.0526
0.145	0.630798	0.00627614	26.7028
0.145	0.630798	0.00770965	26.9467
0.145	0.630798	0.00895962	25.7613
0.145	0.630798	0.0100678	25.302
0.145	0.630798	0.011063	31.3147
0.145	0.630798	0.0119662	35.6962
0.145	0.630798	0.0127931	36.203
0.145	0.630798	0.0135554	35.2873
0.145	0.630798	0.0142625	34.3383
0.145	0.630798	0.014922	34.5474
0.145	0.630798	0.0155398	32.614
0.145	0.630798	0.0161208	29.4711
0.145	0.630798	0.0166693	26.7143
0.145	0.630798	0.0171886	23.3129
0.145	0.630798	0.0176817	19.9691
0.145	0.630798	0.0181511	16.4871
0.145	0.630798	0.0185991	13.2344
0.145	0.630798	0.0190274	10.4739
0.145	0.630798	0.0194377	8.0118
0.145	0.630798	0.0198315	5.80706
0.145	0.630798	0.0202101	4.0409
0.145	0.630798	0.0205745	2.60693
0.145	0.630798	0.0209259	1.50822
0.145	0.630798	0.021265	0.754452
0.145	0.630798	0.0215928	0.308022
0.145	0.630798	0.02191	0.0792172
0.145	0.630798	0.0222172	0.00622788
0.145	0.630798	0.022515	0
0.145	0.665812	0	0
0.145	0.665812	0.00256543	14.6322
0.145	0.665812	0.00459576	21.734
0.145	0.665812	0.00627614	26.2263
0.145	0.665812	0.00770965	26.4565
0.145	0.665812	0.00895962	25.3237
0.145	0.665812	0.0100678	24.8869
0.145	0.665812	0.011063	31.0446
0.145	0.665812	0.0119662	35.4732
0.145	0.665812	0.0127931	36.1871
0.145	0.665812	0.0135554	35.3378
0.145	0.665812	0.0142625	34.5586
0.145	0.665812	0.014922	34.8575
0.145	0.665812	0.0155398	32.9755
0.145	0.665812	0.0161208	29.936
0.145	0.665812	0.0166693	27.2914
0.145	0.665812	0.0171886	24.0044
0.145	0.665812	0.0176817	20.7679
0.145	0.665812	0.0181511	17.3004
0.145	0.665812	0.0185991	14.0755
0.145	0.665812	0.0190274	11.3025
0.145	0.665812	0.0194377	8.84165
0.145	0.665812	0.0198315	6.50912
0.145	0.665812	0.0202101	4.60723
0.145	0.665812	0.0205745	3.09876
0.145	0.665812	0.0209259	1.85591
0.145	0.665812	0.021265	0.980114
0.145	0.665812	0.0215928	0.426236
0.145	0.665812	0.02191	0.132223
0.145	0.665812	0.0222172	0.0155577
0.145	0.665812	0.022515	0
0.145	0.698958	0	0
0.145	0.698958	0.00256543	14.5279
0.145	0.698958	0.00459576	21.4255
0.145	0.698958	0.00627614	25.8134
0.145	0.698958	0.00770965	25.9608
0.145	0.698958	0.00895962	24.8506
0.145	0.698958	0.0100678	24.4142
0.145	0.698958	0.011063	30.7276
0.145	0.698958	0.0119662	35.317
0.145	0.698958	0.0127931	36.0842
0.145	0.698958	0.0135554	35.2957
0.145	0.698958	0.0142625	34.7035
0.145	0.698958	0.014922	35.1487
0.145	0.698958	0.0155398	33.2639
0.145	0.698958	0.0161208	30.2882
0.145	0.698958	0.0166693	27.7865
0.145	0.698958	0.0171886	24.6525
0.145	0.698958	0.0176817	21.4861
0.145	0.698958	0.0181511	18.1303
0.145	0.698958	0.0185991	14.8906
0.145	0.698958	0.0190274	12.1612
0.145	0.698958	0.0194377	9.65067
0.145	0.698958	0.0198315	7.26509
0.145	0.698958	0.0202101	5.25172
0.145	0.698958	0.0205745	3.61601
0.145	0.698958	0.0209259	2.27233
0.145	0.698958	0.021265	1.25291
0.145	0.698958	0.0215928	0.576393
0.145	0.698958	0.02191	0.203087
0.145	0.698958	0.0222172	0.0348082
0.145	0.698958	0.022515	0
0.145	0.730425	0	0
0.145	0.730425	0.00256543	14.4237
0.145	0.730425	0.00459576	21.142
0.145	0.730425	0.00627614	25.402
0.145	0.730425	0.00770965	25.4781
0.145	0.730425	0.00895962	24.3538
0.145	0.730425	0.0100678	23.9664
0.145	0.730425	0.011063	30.3882
0.145	0.730425	0.0119662	35.1194
0.145	0.730425	0.0127931	35.8771
0.145	0.730425	0.0135554	35.2855
0.145	0.730425	0.0142625	34.7563
0.145	0.730425	0.014922	35.3583
0.145	0.730425	0.0155398	33.5854
0.145	0.730425	0.0161208	30.6329
0.145	0.730425	0.0166693	28.1927
0.145	0.730425	0.0171886	25.2136
0.145	0.730425	0.0176817	22.1812
0.145	0.730425	0.0181511	18.8758
0.145	0.730425	0.0185991	15.7255
0.145	0.730425	0.0190274	13.0014
0.145	0.730425	0.0194377	10.5036
0.145	0.730425	0.0198315	8.03793
0.145	0.730425	0.0202101	5.93302
0.145	0.730425	0.0205745	4.19228
0.145	0.730425	0.0209259	2.71727
0.145	0.730425	0.021265	1.5739
0.145	0.730425	0.0215928	0.753867
0.145	0.730425	0.02191	0.272631
0.145	0.730425	0.0222172	0.0498195
0.145	0.730425	0.022515	0
0.145	0.760374	0	0
0.145	0.760374	0.00256543	14.3166
0.145	0.760374	0.00459576	20.8642
0.145	0.760374	0.00627614	24.9814
0.145	0.760374	0.00770965	24.9697
0.145	0.760374	0.00895962	23.8658
0.145	0.760374	0.0100678	23.5375
0.145	0.760374	0.011063	29.9796
0.145	0.760374	0.0119662	34.8542
0.145	0.760374	0.0127931	35.7365
0.145	0.760374	0.0135554	35.2028
0.145	0.760374	0.0142625	34.7438
0.145	0.760374	0.014922	35.4903
0.145	0.760374	0.0155398	33.8416
0.145	0.760374	0.0161208	30.9004
0.145	0.760374	0.0166693	28.5458
0.145	0.760374	0.0171886	25.6975
0.145	0.760374	0.0176817	22.8159
0.145	0.760374	0.0181511	19.6086
0.145	0.760374	0.0185991	16.5177
0.145	0.760374	0.0190274	13.8467
0.145	0.760374	0.0194377	11.3635
0.145	0.760374	0.0198315	8.84959
0.145	0.760374	0.0202101	6.67391
0.145	0.760374	0.0205745	4.80194
0.145	0.760374	0.0209259	3.19821
0.145	0.760374	0.021265	1.91785
0.145	0.760374	0.0215928	0.953718
0.145	0.760374	0.02191	0.341903
0.145	0.760374	0.0222172	0.0590626
0.145	0.760374	0.022515	0
0.145	0.788947	0	0
0.145	0.788947	0.00256543	14.2176
0.145	0.788947	0.00459576	20.5968
0.145	0.788947	0.00627614	24.5892
0.145	0.788947	0.00770965	24.4957
0.145	0.788947	0.00895962	23.3981
0.145	0.788947	0.0100678	23.0763
0.145	0.788947	0.011063	29.5184
0.145	0.788947	0.0119662	34.566
0.145	0.788947	0.0127931	35.5721
0.145	0.788947	0.0135554	35.0154
0.145	0.788947	0.0142625	34.7358
0.145	0.788947	0.014922	35.5624
0.145	0.788947	0.0155398	34.031
0.145	0.788947	0.0161208	31.2044
0.145	0.788947	0.0166693	28.8696
0.145	0.788947	0.0171886	26.1148
0.145	0.788947	0.0176817	23.3731
0.145	0.788947	0.0181511	20.2974
0.145	0.788947	0.0185991	17.2741
0.145	0.788947	0.0190274	14.7015
0.145	0.788947	0.0194377	12.2158
0.145	0.788947	0.0198315	9.70585
0.145	0.788947	0.0202101	7.43563
0.145	0.788947	0.0205745	5.47738
0.145	0.788947	0.0209259	3.71307
0.145	0.788947	0.021265	2.28962
0.145	0.788947	0.0215928	1.16378
0.145	0.788947	0.02191	0.417935
0.145	0.788947	0.0222172	0.0646896
0.145	0.788947	0.022515	0
0.145	0.816262	0	0
0.145	0.816262	0.00256543	14.1272
0.145	0.816262	0.00459576	20.3375
0.145	0.816262	0.00627614	24.205
0.145	0.816262	0.00770965	24.0537
0.145	0.816262	0.00895962	22.9243
0.145	0.816262	0.0100678	22.5725
0.145	0.816262	0.011063	29.1207
0.145	0.816262	0.0119662	34.2082
0.145	0.816262	0.0127931	35.3356
0.145	0.816262	0.0135554	34.8356
0.145	0.816262	0.0142625	34.67
0.145	0.816262	0.014922	35.5832
0.145	0.816262	0.0155398	34.1356
0.145	0.816262	0.0161208	31.4434
0.145	0.816262	0.0166693	29.1352
0.145	0.816262	0.0171886	26.5032
0.145	0.816262	0.0176817	23.864
0.145	0.816262	0.0181511	20.9034
0.145	0.816262	0.0185991	18.0147
0.145	0.816262	0.0190274	15.5045
0.145	0.816262	0.0194377	13.1002
0.145	0.816262	0.0198315	10.5475
0.145	0.816262	0.0202101	8.26794
0.145	0.816262	0.0205745	6.17869
0.145	0.816262	0.0209259	4.2772
0.145	0.816262	0.021265	2.68069
0.145	0.816262	0.0215928	1.39558
0.145	0.816262	0.02191	0.508193
0.145	0.816262	0.0222172	0.0740323
0.145	0.816262	0.022515	0
0.145	0.842428	0	0
0.145	0.842428	0.00256543	14.0404
0.145	0.842428	0.00459576	20.0919
0.145	0.842428	0.00627614	23.8461
0.145	0.842428	0.00770965	23.6032
0.145	0.842428	0.00895962	22.4492
0.145	0.842428	0.0100678	22.098
0.145	0.842428	0.011063	28.6914
0.145	0.842428	0.0119662	33.7758
0.145	0.842428	0.0127931	35.0455
0.145	0.842428	0.0135554	34.6859
0.145	0.842428	0.0142625	34.4876
0.145	0.842428	0.014922	35.6088
0.145	0.842428	0.0155398	34.2244
0.145	0.842428	0.0161208	31.6196
0.145	0.842428	0.0166693	29.4357
0.145	0.842428	0.0171886	26.8134
0.145	0.842428	0.0176817	24.3053
0.145	0.842428	0.0181511	21.4566
0.145	0.842428	0.0185991	18.6884
0.145	0.842428	0.0190274	16.3225
0.145	0.842428	0.0194377	13.969
0.145	0.842428	0.0198315	11.423
0.145	0.842428	0.0202101	9.09448
0.145	0.842428	0.0205745	6.94346
0.145	0.842428	0.0209259	4.87505
0.145	0.842428	0.021265	3.10541
0.145	0.842428	0.0215928	1.64427
0.145	0.842428	0.02191	0.609816
0.145	0.842428	0.0222172	0.0938874
0.145	0.842428	0.022515	0
0.145	0.867536	0	0
0.145	0.867536	0.00256543	13.9602
0.145	0.867536	0.00459576	19.8661
0.145	0.867536	0.00627614	23.5026
0.145	0.867536	0.00770965	23.1595
0.145	0.867536	0.00895962	21.9521
0.145	0.867536	0.0100678	21.6594
0.145	0.867536	0.011063	28.2128
0.145	0.867536	0.0119662	33.3567
0.145	0.867536	0.0127931	34.7047
0.145	0.867536	0.0135554	34.456
0.145	0.867536	0.0142625	34.2776
0.145	0.867536	0.014922	35.5692
0.145	0.867536	0.0155398	34.2841
0.145	0.867536	0.0161208	31.747
0.145	0.867536	0.0166693	29.6768
0.145	0.867536	0.0171886	27.1145
0.145	0.867536	0.0176817	24.7038
0.145	0.867536	0.0181511	21.9583
0.145	0.867536	0.0185991	19.2877
0.145	0.867536	0.0190274	17.0838
0.145	0.867536	0.0194377	14.8326
0.145	0.867536	0.0198315	12.3237
0.145	0.867536	0.0202101	9.95728
0.145	0.867536	0.0205745	7.73734
0.145	0.867536	0.0209259	5.52
0.145	0.867536	0.021265	3.57394
0.145	0.867536	0.0215928	1.90556
0.145	0.867536	0.02191	0.717875
0.145	0.867536	0.0222172	0.118036
0.145	0.867536	0.022515	0
0.145	0.891668	0	0
0.145	0.891668	0.00256543	13.8844
0.145	0.891668	0.00459576	19.6421
0.145	0.891668	0.00627614	23.153
0.145	0.891668	0.00770965	22.7375
0.145	0.891668	0.00895962	21.4869
0.145	0.891668	0.0100678	21.2085
0.145	0.891668	0.011063	27.7104
0.145	0.891668	0.0119662	32.9427
0.145	0.891668	0.0127931	34.2809
0.145	0.891668	0.0135554	34.1336
0.145	0.891668	0.0142625	34.1497
0.145	0.891668	0.014922	35.4355
0.145	0.891668	0.0155398	34.3249
0.145	0.891668	0.0161208	31.8143
0.145	0.891668	0.0166693	29.8478
0.145	0.891668	0.0171886	27.4289
0.145	0.891668	0.0176817	24.9939
0.145	0.891668	0.0181511	22.4009
0.145	0.891668	0.0185991	19.8739
0.145	0.891668	0.0190274	17.7664
0.145	0.891668	0.0194377	15.6638
0.145	0.891668	0.0198315	13.2134
0.145	0.891668	0.0202101	10.8611
0.145	0.891668	0.0205745	8.55141
0.145	0.891668	0.0209259	6.19574
0.145	0.891668	0.021265	4.06228
0.145	0.891668	0.0215928	2.18652
0.145	0.891668	0.02191	0.825298
0.145	0.891668	0.0222172	0.138337
0.145	0.891668	0.022515	0
0.145	0.914898	0	0
0.145	0.914898	0.00256543	13.8028
0.145	0.914898	0.00459576	19.4326
0.145	0.914898	0.00627614	22.8238
0.145	0.914898	0.00770965	22.3119
0.145	0.914898	0.00895962	21.0478
0.145	0.914898	0.0100678	20.733
0.145	0.914898	0.011063	27.2442
0.145	0.914898	0.0119662	32.4752
0.145	0.914898	0.0127931	33.8293
0.145	0.914898	0.0135554	33.786
0.145	0.914898	0.0142625	33.9154
0.145	0.914898	0.014922	35.3074
0.145	0.914898	0.0155398	34.2648
0.145	0.914898	0.0161208	31.9368
0.145	0.914898	0.0166693	29.968
0.145	0.914898	0.0171886	27.6785
0.145	0.914898	0.0176817	25.3541
0.145	0.914898	0.0181511	22.7666
0.145	0.914898	0.0185991	20.3835
0.145	0.914898	0.0190274	18.4583
0.145	0.914898	0.0194377	16.4415
0.145	0.914898	0.0198315	14.0984
0.145	0.914898	0.0202101	11.7626
0.145	0.914898	0.0205745	9.40114
0.145	0.914898	0.0209259	6.92082
0.145	0.914898	0.021265	4.56843
0.145	0.914898	0.0215928	2.47567
0.145	0.914898	0.02191	0.93071
0.145	0.914898	0.0222172	0.156754
0.145	0.914898	0.022515	0
0.145	0.937291	0	0
0.145	0.937291	0.00256543	13.7228
0.145	0.937291	0.00459576	19.2182
0.145	0.937291	0.00627614	22.5247
0.145	0.937291	0.00770965	21.928
0.145	0.937291	0.00895962	20.6139
0.145	0.937291	0.0100678	20.2359
0.145	0.937291	0.011063	26.7834
0.145	0.937291	0.0119662	31.9829
0.145	0.937291	0.0127931	33.4114
0.145	0.937291	0.0135554	33.3395
0.145	0.937291	0.0142625	33.5843
0.145	0.937291	0.014922	35.1268
0.145	0.937291	0.0155398	34.1888
0.145	0.937291	0.0161208	31.9662
0.145	0.937291	0.0166693	30.0991
0.145	0.937291	0.0171886	27.8454
0.145	0.937291	0.0176817	25.6619
0.145	0.937291	0.0181511	23.1164
0.145	0.937291	0.0185991	20.8299
0.145	0.937291	0.0190274	19.0716
0.145	0.937291	0.0194377	17.2126
0.145	0.937291	0.0198315	14.9595
0.145	0.937291	0.0202101	12.684
0.145	0.937291	0.0205745	10.2826
0.145	0.937291	0.0209259	7.66596
0.145	0.937291	0.021265	5.11264
0.145	0.937291	0.0215928	2.77784
0.145	0.937291	0.02191	1.03893
0.145	0.937291	0.0222172	0.171635
0.145	0.937291	0.022515	0
0.145	0.958905	0	0
0.145	0.958905	0.00256543	13.6536
0.145	0.958905	0.00459576	19.0049
0.145	0.958905	0.00627614	22.2199
0.145	0.958905	0.00770965	21.5291
0.145	0.958905	0.00895962	20.177
0.145	0.958905	0.0100678	19.76
0.145	0.958905	0.011063	26.277
0.145	0.958905	0.0119662	31.5372
0.145	0.958905	0.0127931	32.9156
0.145	0.958905	0.0135554	32.8494
0.145	0.958905	0.0142625	33.2253
0.145	0.958905	0.014922	34.8752
0.145	0.958905	0.0155398	34.1305
0.145	0.958905	0.0161208	31.9326
0.145	0.958905	0.0166693	30.1929
0.145	0.958905	0.0171886	27.9341
0.145	0.958905	0.0176817	25.8959
0.145	0.958905	0.0181511	23.462
0.145	0.958905	0.0185991	21.2267
0.145	0.958905	0.0190274	19.6316
0.145	0.958905	0.0194377	17.9145
0.145	0.958905	0.0198315	15.8096
0.145	0.958905	0.0202101	13.5938
0.145	0.958905	0.0205745	11.1965
0.145	0.958905	0.0209259	8.43696
0.145	0.958905	0.021265	5.68364
0.145	0.958905	0.0215928	3.08259
0.145	0.958905	0.02191	1.14679
0.145	0.958905	0.0222172	0.181607
0.145	0.958905	0.022515	0
0.145	0.979792	0	0
0.145	0.979792	0.00256543	13.5826
0.145	0.979792	0.00459576	18.8154
0.145	0.979792	0.00627614	21.8916
0.145	0.979792	0.00770965	21.1712
0.145	0.979792	0.00895962	19.7321
0.145	0.979792	0.0100678	19.2884
0.145	0.979792	0.011063	25.748
0.145	0.979792	0.0119662	31.0483
0.145	0.979792	0.0127931	32.4807
0.145	0.979792	0.0135554	32.3699
0.145	0.979792	0.0142625	32.7154
0.145	0.979792	0.014922	34.5982
0.145	0.979792	0.0155398	33.9931
0.145	0.979792	0.0161208	31.9254
0.145	0.979792	0.0166693	30.2177
0.145	0.979792	0.0171886	28.0779
0.145	0.979792	0.0176817	26.0591
0.145	0.979792	0.0181511	23.7467
0.145	0.979792	0.0185991	21.6349
0.145	0.979792	0.0190274	20.115
0.145	0.979792	0.0194377	18.5704
0.145	0.979792	0.0198315	16.6022
0.145	0.979792	0.0202101	14.4984
0.145	0.979792	0.0205745	12.1051
0.145	0.979792	0.0209259	9.23516
0.145	0.979792	0.021265	6.28795
0.145	0.979792	0.0215928	3.42784
0.145	0.979792	0.02191	1.26582
0.145	0.979792	0.0222172	0.199457
0.145	0.979792	0.022515	0
0.145	1	0	0
0.145	1	0.00256543	13.5298
0.145	1	0.00459576	18.6389
0.145	1	0.00627614	21.5511
0.145	1	0.00770965	20.7899
0.145	1	0.00895962	19.3052
0.145	1	0.0100678	18.8375
0.145	1	0.011063	25.1587
0.145	1	0.0119662	30.5434
0.145	1	0.0127931	32.0063
0.145	1	0.0135554	31.9257
0.145	1	0.0142625	32.1284
0.145	1	0.014922	34.2661
0.145	1	0.0155398	33.8089
0.145	1	0.0161208	31.9343
0.145	1	0.0166693	30.2057
0.145	1	0.0171886	28.103
0.145	1	0.0176817	26.1764
0.145	1	0.0181511	23.9603
0.145	1	0.0185991	22.024
0.145	1	0.0190274	20.5733
0.145	1	0.0194377	19.178
0.145	1	0.0198315	17.3485
0.145	1	0.0202101	15.4102
0.145	1	0.0205745	13.0291
0.145	1	0.0209259	10.0794
0.145	1	0.021265	6.92956
0.145	1	0.0215928	3.82829
0.145	1	0.02191	1.43529
0.145	1	0.0222172	0.243579
0.145	1	0.022515	0
