0.325     -1     0      0
0.325     -1     0.0367589      25.318
0.325     -1     0.0658505      56.3224
0.325     -1     0.0899279      89.8102
0.325     -1     0.110468      128.292
0.325     -1     0.128378      147.042
0.325     -1     0.144256      166.661
0.325     -1     0.158517      174.075
0.325     -1     0.171459      171.793
0.325     -1     0.183306      158.914
0.325     -1     0.194229      150.037
0.325     -1     0.204361      133.703
0.325     -1     0.21381      113.735
0.325     -1     0.222662      95.1816
0.325     -1     0.230988      77.9132
0.325     -1     0.238846      61.6179
0.325     -1     0.246287      46.5217
0.325     -1     0.253353      34.2247
0.325     -1     0.260079      24.3228
0.325     -1     0.266498      16.51
0.325     -1     0.272635      10.4503
0.325     -1     0.278514      6.58877
0.325     -1     0.284157      3.92563
0.325     -1     0.289581      2.20519
0.325     -1     0.294803      1.17594
0.325     -1     0.299837      0.57896
0.325     -1     0.304697      0.249071
0.325     -1     0.309393      0.0862616
0.325     -1     0.313938      0.0203469
0.325     -1     0.318339      0.00193064
0.325     -1     0.322607      3.32719e-09
0.325     -0.634788     0      0
0.325     -0.634788     0.0367589      28.9577
0.325     -0.634788     0.0658505      63.8832
0.325     -0.634788     0.0899279      101.126
0.325     -0.634788     0.110468      147.173
0.325     -0.634788     0.128378      185.828
0.325     -0.634788     0.144256      218.826
0.325     -0.634788     0.158517      241.916
0.325     -0.634788     0.171459      242.399
0.325     -0.634788     0.183306      235.634
0.325     -0.634788     0.194229      231.725
0.325     -0.634788     0.204361      220.332
0.325     -0.634788     0.21381      202.483
0.325     -0.634788     0.222662      178.369
0.325     -0.634788     0.230988      154.996
0.325     -0.634788     0.238846      130.453
0.325     -0.634788     0.246287      106.074
0.325     -0.634788     0.253353      85.6837
0.325     -0.634788     0.260079      64.5215
0.325     -0.634788     0.266498      47.2496
0.325     -0.634788     0.272635      32.803
0.325     -0.634788     0.278514      21.6308
0.325     -0.634788     0.284157      13.4518
0.325     -0.634788     0.289581      7.7428
0.325     -0.634788     0.294803      4.01828
0.325     -0.634788     0.299837      1.85652
0.325     -0.634788     0.304697      0.76998
0.325     -0.634788     0.309393      0.273981
0.325     -0.634788     0.313938      0.0708354
0.325     -0.634788     0.318339      0.00768765
0.325     -0.634788     0.322607      1.81296e-08
0.325     -0.406307     0      0
0.325     -0.406307     0.0367589      32.1607
0.325     -0.406307     0.0658505      69.4956
0.325     -0.406307     0.0899279      107.094
0.325     -0.406307     0.110468      158.143
0.325     -0.406307     0.128378      208.248
0.325     -0.406307     0.144256      263.658
0.325     -0.406307     0.158517      296.591
0.325     -0.406307     0.171459      314.805
0.325     -0.406307     0.183306      309.092
0.325     -0.406307     0.194229      314.745
0.325     -0.406307     0.204361      310.163
0.325     -0.406307     0.21381      292.532
0.325     -0.406307     0.222662      264.878
0.325     -0.406307     0.230988      239.819
0.325     -0.406307     0.238846      211.452
0.325     -0.406307     0.246287      175.592
0.325     -0.406307     0.253353      155.026
0.325     -0.406307     0.260079      120.628
0.325     -0.406307     0.266498      92.5464
0.325     -0.406307     0.272635      68.7279
0.325     -0.406307     0.278514      47.6076
0.325     -0.406307     0.284157      31.3631
0.325     -0.406307     0.289581      19.2602
0.325     -0.406307     0.294803      10.9222
0.325     -0.406307     0.299837      5.51762
0.325     -0.406307     0.304697      2.3706
0.325     -0.406307     0.309393      0.776384
0.325     -0.406307     0.313938      0.157333
0.325     -0.406307     0.318339      0.0159405
0.325     -0.406307     0.322607      4.12334e-08
0.325     -0.239626     0      0
0.325     -0.239626     0.0367589      35.0773
0.325     -0.239626     0.0658505      74.914
0.325     -0.239626     0.0899279      113.273
0.325     -0.239626     0.110468      166.421
0.325     -0.239626     0.128378      223.932
0.325     -0.239626     0.144256      293.353
0.325     -0.239626     0.158517      342.232
0.325     -0.239626     0.171459      378.361
0.325     -0.239626     0.183306      384.307
0.325     -0.239626     0.194229      398.468
0.325     -0.239626     0.204361      398.33
0.325     -0.239626     0.21381      385.732
0.325     -0.239626     0.222662      355.463
0.325     -0.239626     0.230988      331.495
0.325     -0.239626     0.238846      299.442
0.325     -0.239626     0.246287      257.708
0.325     -0.239626     0.253353      239.348
0.325     -0.239626     0.260079      186.732
0.325     -0.239626     0.266498      147.71
0.325     -0.239626     0.272635      114.241
0.325     -0.239626     0.278514      82.4795
0.325     -0.239626     0.284157      57.5911
0.325     -0.239626     0.289581      38.2346
0.325     -0.239626     0.294803      23.6608
0.325     -0.239626     0.299837      13.053
0.325     -0.239626     0.304697      6.49662
0.325     -0.239626     0.309393      2.6534
0.325     -0.239626     0.313938      0.770756
0.325     -0.239626     0.318339      0.0859357
0.325     -0.239626     0.322607      9.0033e-08
0.325     -0.108332     0      0
0.325     -0.108332     0.0367589      37.6176
0.325     -0.108332     0.0658505      79.9344
0.325     -0.108332     0.0899279      119.915
0.325     -0.108332     0.110468      173.495
0.325     -0.108332     0.128378      233.679
0.325     -0.108332     0.144256      319.036
0.325     -0.108332     0.158517      382.584
0.325     -0.108332     0.171459      426.362
0.325     -0.108332     0.183306      456.382
0.325     -0.108332     0.194229      482.428
0.325     -0.108332     0.204361      492.34
0.325     -0.108332     0.21381      477.263
0.325     -0.108332     0.222662      450.893
0.325     -0.108332     0.230988      426.619
0.325     -0.108332     0.238846      397.752
0.325     -0.108332     0.246287      349.553
0.325     -0.108332     0.253353      341.445
0.325     -0.108332     0.260079      267.09
0.325     -0.108332     0.266498      210.682
0.325     -0.108332     0.272635      168.313
0.325     -0.108332     0.278514      124.988
0.325     -0.108332     0.284157      90.8803
0.325     -0.108332     0.289581      63.2736
0.325     -0.108332     0.294803      41.7173
0.325     -0.108332     0.299837      24.5097
0.325     -0.108332     0.304697      12.916
0.325     -0.108332     0.309393      5.62496
0.325     -0.108332     0.313938      1.75761
0.325     -0.108332     0.318339      0.256992
0.325     -0.108332     0.322607      8.38389e-07
0.325     -2e-20     0      0
0.325     -2e-20     0.0367589      39.882
0.325     -2e-20     0.0658505      84.6458
0.325     -2e-20     0.0899279      126.111
0.325     -2e-20     0.110468      180.533
0.325     -2e-20     0.128378      244.924
0.325     -2e-20     0.144256      335.954
0.325     -2e-20     0.158517      418.433
0.325     -2e-20     0.171459      468.614
0.325     -2e-20     0.183306      511.722
0.325     -2e-20     0.194229      576.54
0.325     -2e-20     0.204361      590.139
0.325     -2e-20     0.21381      580.81
0.325     -2e-20     0.222662      548.393
0.325     -2e-20     0.230988      532.383
0.325     -2e-20     0.238846      498.881
0.325     -2e-20     0.246287      449.455
0.325     -2e-20     0.253353      459.381
0.325     -2e-20     0.260079      363.558
0.325     -2e-20     0.266498      287.222
0.325     -2e-20     0.272635      230.513
0.325     -2e-20     0.278514      175.348
0.325     -2e-20     0.284157      131.581
0.325     -2e-20     0.289581      94.5894
0.325     -2e-20     0.294803      65.5477
0.325     -2e-20     0.299837      39.9436
0.325     -2e-20     0.304697      22.1601
0.325     -2e-20     0.309393      10.1548
0.325     -2e-20     0.313938      3.30481
0.325     -2e-20     0.318339      0.45366
0.325     -2e-20     0.322607      1.16518e-06
0.325     0.0922185     0      0
0.325     0.0922185     0.0367589      41.9373
0.325     0.0922185     0.0658505      89.2302
0.325     0.0922185     0.0899279      132.701
0.325     0.0922185     0.110468      187.885
0.325     0.0922185     0.128378      255.291
0.325     0.0922185     0.144256      349.001
0.325     0.0922185     0.158517      447.403
0.325     0.0922185     0.171459      509.901
0.325     0.0922185     0.183306      556.325
0.325     0.0922185     0.194229      655.746
0.325     0.0922185     0.204361      693.128
0.325     0.0922185     0.21381      685.349
0.325     0.0922185     0.222662      653.394
0.325     0.0922185     0.230988      635.939
0.325     0.0922185     0.238846      613.592
0.325     0.0922185     0.246287      556.279
0.325     0.0922185     0.253353      589.268
0.325     0.0922185     0.260079      474.993
0.325     0.0922185     0.266498      379.595
0.325     0.0922185     0.272635      305.169
0.325     0.0922185     0.278514      232.078
0.325     0.0922185     0.284157      177.764
0.325     0.0922185     0.289581      131.381
0.325     0.0922185     0.294803      95.8269
0.325     0.0922185     0.299837      58.9657
0.325     0.0922185     0.304697      33.3177
0.325     0.0922185     0.309393      15.5469
0.325     0.0922185     0.313938      5.27211
0.325     0.0922185     0.318339      0.780478
0.325     0.0922185     0.322607      2.57883e-06
0.325     0.172502     0      0
0.325     0.172502     0.0367589      43.8273
0.325     0.172502     0.0658505      93.6996
0.325     0.172502     0.0899279      139.57
0.325     0.172502     0.110468      194.874
0.325     0.172502     0.128378      264.249
0.325     0.172502     0.144256      360.669
0.325     0.172502     0.158517      464.636
0.325     0.172502     0.171459      547.171
0.325     0.172502     0.183306      596.267
0.325     0.172502     0.194229      709.163
0.325     0.172502     0.204361      800.78
0.325     0.172502     0.21381      804.562
0.325     0.172502     0.222662      763.46
0.325     0.172502     0.230988      748.68
0.325     0.172502     0.238846      725.916
0.325     0.172502     0.246287      671.316
0.325     0.172502     0.253353      729.764
0.325     0.172502     0.260079      598.296
0.325     0.172502     0.266498      486.074
0.325     0.172502     0.272635      395.583
0.325     0.172502     0.278514      298.619
0.325     0.172502     0.284157      230.017
0.325     0.172502     0.289581      173.833
0.325     0.172502     0.294803      133.063
0.325     0.172502     0.299837      81.7755
0.325     0.172502     0.304697      46.9146
0.325     0.172502     0.309393      21.4117
0.325     0.172502     0.313938      7.12385
0.325     0.172502     0.318339      1.02248
0.325     0.172502     0.322607      3.37412e-06
0.325     0.243589     0      0
0.325     0.243589     0.0367589      45.5814
0.325     0.243589     0.0658505      98.0569
0.325     0.243589     0.0899279      146.365
0.325     0.243589     0.110468      202.446
0.325     0.243589     0.128378      271.581
0.325     0.243589     0.144256      372.084
0.325     0.243589     0.158517      479.244
0.325     0.243589     0.171459      576.537
0.325     0.243589     0.183306      637.094
0.325     0.243589     0.194229      760.884
0.325     0.243589     0.204361      887.004
0.325     0.243589     0.21381      924.388
0.325     0.243589     0.222662      882.948
0.325     0.243589     0.230988      868.715
0.325     0.243589     0.238846      847.806
0.325     0.243589     0.246287      791.131
0.325     0.243589     0.253353      878.426
0.325     0.243589     0.260079      733.228
0.325     0.243589     0.266498      605.959
0.325     0.243589     0.272635      499.075
0.325     0.243589     0.278514      379.845
0.325     0.243589     0.284157      289.956
0.325     0.243589     0.289581      221.003
0.325     0.243589     0.294803      177.676
0.325     0.243589     0.299837      109.451
0.325     0.243589     0.304697      65.0231
0.325     0.243589     0.309393      28.6208
0.325     0.243589     0.313938      9.09603
0.325     0.243589     0.318339      1.31258
0.325     0.243589     0.322607      4.28026e-06
0.325     0.307372     0      0
0.325     0.307372     0.0367589      47.2218
0.325     0.307372     0.0658505      102.375
0.325     0.307372     0.0899279      152.969
0.325     0.307372     0.110468      209.919
0.325     0.307372     0.128378      278.323
0.325     0.307372     0.144256      380.168
0.325     0.307372     0.158517      494.675
0.325     0.307372     0.171459      597.222
0.325     0.307372     0.183306      674.706
0.325     0.307372     0.194229      806.819
0.325     0.307372     0.204361      958.109
0.325     0.307372     0.21381      1033.77
0.325     0.307372     0.222662      1012.19
0.325     0.307372     0.230988      1003.66
0.325     0.307372     0.238846      977.353
0.325     0.307372     0.246287      913.227
0.325     0.307372     0.253353      1033.47
0.325     0.307372     0.260079      874.216
0.325     0.307372     0.266498      738.431
0.325     0.307372     0.272635      617.87
0.325     0.307372     0.278514      473.704
0.325     0.307372     0.284157      362.276
0.325     0.307372     0.289581      274.506
0.325     0.307372     0.294803      229.686
0.325     0.307372     0.299837      141.65
0.325     0.307372     0.304697      89.3818
0.325     0.307372     0.309393      38.1153
0.325     0.307372     0.313938      11.9868
0.325     0.307372     0.318339      1.66409
0.325     0.307372     0.322607      5.55441e-06
0.325     0.365212     0      0
0.325     0.365212     0.0367589      48.7745
0.325     0.365212     0.0658505      106.676
0.325     0.365212     0.0899279      159.243
0.325     0.365212     0.110468      216.879
0.325     0.365212     0.128378      284.345
0.325     0.365212     0.144256      388.958
0.325     0.365212     0.158517      507.087
0.325     0.365212     0.171459      616.871
0.325     0.365212     0.183306      704.724
0.325     0.365212     0.194229      857.208
0.325     0.365212     0.204361      1016.85
0.325     0.365212     0.21381      1130.85
0.325     0.365212     0.222662      1137.35
0.325     0.365212     0.230988      1141.54
0.325     0.365212     0.238846      1124.83
0.325     0.365212     0.246287      1049.96
0.325     0.365212     0.253353      1191.52
0.325     0.365212     0.260079      1027.12
0.325     0.365212     0.266498      875.787
0.325     0.365212     0.272635      749.749
0.325     0.365212     0.278514      581.389
0.325     0.365212     0.284157      447.325
0.325     0.365212     0.289581      337.806
0.325     0.365212     0.294803      287.779
0.325     0.365212     0.299837      178.934
0.325     0.365212     0.304697      120.453
0.325     0.365212     0.309393      50.2606
0.325     0.365212     0.313938      16.7794
0.325     0.365212     0.318339      2.32726
0.325     0.365212     0.322607      7.62929e-06
0.325     0.418124     0      0
0.325     0.418124     0.0367589      50.25
0.325     0.418124     0.0658505      110.852
0.325     0.418124     0.0899279      165.246
0.325     0.418124     0.110468      224.062
0.325     0.418124     0.128378      291.881
0.325     0.418124     0.144256      395.953
0.325     0.418124     0.158517      518.038
0.325     0.418124     0.171459      631.701
0.325     0.418124     0.183306      732.46
0.325     0.418124     0.194229      903.036
0.325     0.418124     0.204361      1074.25
0.325     0.418124     0.21381      1210.08
0.325     0.418124     0.222662      1264.79
0.325     0.418124     0.230988      1287.18
0.325     0.418124     0.238846      1278.19
0.325     0.418124     0.246287      1198.17
0.325     0.418124     0.253353      1360.6
0.325     0.418124     0.260079      1182.47
0.325     0.418124     0.266498      1025.35
0.325     0.418124     0.272635      892.401
0.325     0.418124     0.278514      704.394
0.325     0.418124     0.284157      543.468
0.325     0.418124     0.289581      411.944
0.325     0.418124     0.294803      354.557
0.325     0.418124     0.299837      220.143
0.325     0.418124     0.304697      158.7
0.325     0.418124     0.309393      64.7329
0.325     0.418124     0.313938      23.4628
0.325     0.418124     0.318339      3.24766
0.325     0.418124     0.322607      1.064e-05
0.325     0.466881     0      0
0.325     0.466881     0.0367589      51.6501
0.325     0.466881     0.0658505      114.89
0.325     0.466881     0.0899279      171.218
0.325     0.466881     0.110468      232.035
0.325     0.466881     0.128378      299.67
0.325     0.466881     0.144256      402.467
0.325     0.466881     0.158517      526.046
0.325     0.466881     0.171459      644.798
0.325     0.466881     0.183306      762.177
0.325     0.466881     0.194229      944.23
0.325     0.466881     0.204361      1126.25
0.325     0.466881     0.21381      1278.18
0.325     0.466881     0.222662      1368.53
0.325     0.466881     0.230988      1444.46
0.325     0.466881     0.238846      1438.37
0.325     0.466881     0.246287      1361.76
0.325     0.466881     0.253353      1542.9
0.325     0.466881     0.260079      1347.39
0.325     0.466881     0.266498      1184.16
0.325     0.466881     0.272635      1036.65
0.325     0.466881     0.278514      836.526
0.325     0.466881     0.284157      657.527
0.325     0.466881     0.289581      496.738
0.325     0.466881     0.294803      431.61
0.325     0.466881     0.299837      266.586
0.325     0.466881     0.304697      203.354
0.325     0.466881     0.309393      81.8905
0.325     0.466881     0.313938      31.739
0.325     0.466881     0.318339      4.42044
0.325     0.466881     0.322607      1.41611e-05
0.325     0.512089     0      0
0.325     0.512089     0.0367589      52.9829
0.325     0.512089     0.0658505      118.79
0.325     0.512089     0.0899279      177.122
0.325     0.512089     0.110468      239.972
0.325     0.512089     0.128378      306.714
0.325     0.512089     0.144256      407.753
0.325     0.512089     0.158517      532.078
0.325     0.512089     0.171459      655.015
0.325     0.512089     0.183306      781.326
0.325     0.512089     0.194229      987.881
0.325     0.512089     0.204361      1179.86
0.325     0.512089     0.21381      1343.49
0.325     0.512089     0.222662      1456.11
0.325     0.512089     0.230988      1604.96
0.325     0.512089     0.238846      1620.26
0.325     0.512089     0.246287      1530.52
0.325     0.512089     0.253353      1738.17
0.325     0.512089     0.260079      1527.9
0.325     0.512089     0.266498      1346.06
0.325     0.512089     0.272635      1199.5
0.325     0.512089     0.278514      977.516
0.325     0.512089     0.284157      783.795
0.325     0.512089     0.289581      595.819
0.325     0.512089     0.294803      520.561
0.325     0.512089     0.299837      318.611
0.325     0.512089     0.304697      253.812
0.325     0.512089     0.309393      101.615
0.325     0.512089     0.313938      41.486
0.325     0.512089     0.318339      5.82746
0.325     0.512089     0.322607      1.97968e-05
0.325     0.55423     0      0
0.325     0.55423     0.0367589      54.2568
0.325     0.55423     0.0658505      122.559
0.325     0.55423     0.0899279      182.928
0.325     0.55423     0.110468      247.776
0.325     0.55423     0.128378      313.674
0.325     0.55423     0.144256      415.136
0.325     0.55423     0.158517      538.044
0.325     0.55423     0.171459      666.401
0.325     0.55423     0.183306      793.689
0.325     0.55423     0.194229      1020.86
0.325     0.55423     0.204361      1241.11
0.325     0.55423     0.21381      1400.14
0.325     0.55423     0.222662      1538.92
0.325     0.55423     0.230988      1728.62
0.325     0.55423     0.238846      1820
0.325     0.55423     0.246287      1723.25
0.325     0.55423     0.253353      1928.9
0.325     0.55423     0.260079      1735.93
0.325     0.55423     0.266498      1519.84
0.325     0.55423     0.272635      1368.6
0.325     0.55423     0.278514      1120.92
0.325     0.55423     0.284157      918.795
0.325     0.55423     0.289581      710.384
0.325     0.55423     0.294803      621.497
0.325     0.55423     0.299837      379.42
0.325     0.55423     0.304697      310.891
0.325     0.55423     0.309393      123.797
0.325     0.55423     0.313938      52.7922
0.325     0.55423     0.318339      7.38373
0.325     0.55423     0.322607      2.51591e-05
0.325     0.593693     0      0
0.325     0.593693     0.0367589      55.4995
0.325     0.593693     0.0658505      126.222
0.325     0.593693     0.0899279      188.63
0.325     0.593693     0.110468      255.245
0.325     0.593693     0.128378      320.75
0.325     0.593693     0.144256      423.656
0.325     0.593693     0.158517      541.458
0.325     0.593693     0.171459      674.888
0.325     0.593693     0.183306      802.149
0.325     0.593693     0.194229      1046.54
0.325     0.593693     0.204361      1302.73
0.325     0.593693     0.21381      1461.12
0.325     0.593693     0.222662      1612.88
0.325     0.593693     0.230988      1828.05
0.325     0.593693     0.238846      2008.91
0.325     0.593693     0.246287      1949.19
0.325     0.593693     0.253353      2128.45
0.325     0.593693     0.260079      1955.84
0.325     0.593693     0.266498      1728.67
0.325     0.593693     0.272635      1540.94
0.325     0.593693     0.278514      1281.68
0.325     0.593693     0.284157      1057.52
0.325     0.593693     0.289581      837.106
0.325     0.593693     0.294803      743.622
0.325     0.593693     0.299837      448.752
0.325     0.593693     0.304697      376.581
0.325     0.593693     0.309393      148.538
0.325     0.593693     0.313938      65.1403
0.325     0.593693     0.318339      9.10517
0.325     0.593693     0.322607      3.17266e-05
0.325     0.630798     0      0
0.325     0.630798     0.0367589      56.6961
0.325     0.630798     0.0658505      129.782
0.325     0.630798     0.0899279      194.318
0.325     0.630798     0.110468      262.397
0.325     0.630798     0.128378      328.867
0.325     0.630798     0.144256      431.616
0.325     0.630798     0.158517      545.785
0.325     0.630798     0.171459      678.237
0.325     0.630798     0.183306      806.294
0.325     0.630798     0.194229      1061.81
0.325     0.630798     0.204361      1353.05
0.325     0.630798     0.21381      1529.66
0.325     0.630798     0.222662      1684.56
0.325     0.630798     0.230988      1927.6
0.325     0.630798     0.238846      2158.11
0.325     0.630798     0.246287      2182.24
0.325     0.630798     0.253353      2365.08
0.325     0.630798     0.260079      2173.43
0.325     0.630798     0.266498      1960.46
0.325     0.630798     0.272635      1738.25
0.325     0.630798     0.278514      1451.42
0.325     0.630798     0.284157      1205.77
0.325     0.630798     0.289581      974.158
0.325     0.630798     0.294803      884.032
0.325     0.630798     0.299837      527.203
0.325     0.630798     0.304697      451.697
0.325     0.630798     0.309393      176.237
0.325     0.630798     0.313938      77.823
0.325     0.630798     0.318339      10.9235
0.325     0.630798     0.322607      3.72725e-05
0.325     0.665812     0      0
0.325     0.665812     0.0367589      57.8467
0.325     0.665812     0.0658505      133.241
0.325     0.665812     0.0899279      199.9
0.325     0.665812     0.110468      269.601
0.325     0.665812     0.128378      338.481
0.325     0.665812     0.144256      439.003
0.325     0.665812     0.158517      550.731
0.325     0.665812     0.171459      681.001
0.325     0.665812     0.183306      813.251
0.325     0.665812     0.194229      1069.86
0.325     0.665812     0.204361      1387.36
0.325     0.665812     0.21381      1603.13
0.325     0.665812     0.222662      1753
0.325     0.665812     0.230988      2023.65
0.325     0.665812     0.238846      2280.62
0.325     0.665812     0.246287      2388.75
0.325     0.665812     0.253353      2621.22
0.325     0.665812     0.260079      2438.2
0.325     0.665812     0.266498      2213.21
0.325     0.665812     0.272635      1971.63
0.325     0.665812     0.278514      1622.21
0.325     0.665812     0.284157      1366.01
0.325     0.665812     0.289581      1110.71
0.325     0.665812     0.294803      1036.87
0.325     0.665812     0.299837      627.673
0.325     0.665812     0.304697      535.117
0.325     0.665812     0.309393      206.921
0.325     0.665812     0.313938      90.7283
0.325     0.665812     0.318339      12.931
0.325     0.665812     0.322607      4.195e-05
0.325     0.698958     0      0
0.325     0.698958     0.0367589      58.9542
0.325     0.698958     0.0658505      136.6
0.325     0.698958     0.0899279      205.516
0.325     0.698958     0.110468      276.824
0.325     0.698958     0.128378      347.845
0.325     0.698958     0.144256      445.298
0.325     0.698958     0.158517      557.326
0.325     0.698958     0.171459      682.579
0.325     0.698958     0.183306      814.11
0.325     0.698958     0.194229      1070.49
0.325     0.698958     0.204361      1409.46
0.325     0.698958     0.21381      1663.54
0.325     0.698958     0.222662      1835.15
0.325     0.698958     0.230988      2117.47
0.325     0.698958     0.238846      2385.49
0.325     0.698958     0.246287      2555.6
0.325     0.698958     0.253353      2869.87
0.325     0.698958     0.260079      2748.94
0.325     0.698958     0.266498      2493.99
0.325     0.698958     0.272635      2235.73
0.325     0.698958     0.278514      1822.52
0.325     0.698958     0.284157      1535.6
0.325     0.698958     0.289581      1264.53
0.325     0.698958     0.294803      1200.58
0.325     0.698958     0.299837      742.561
0.325     0.698958     0.304697      627.496
0.325     0.698958     0.309393      240.474
0.325     0.698958     0.313938      104.194
0.325     0.698958     0.318339      15.0321
0.325     0.698958     0.322607      5.31732e-05
0.325     0.730425     0      0
0.325     0.730425     0.0367589      60.0221
0.325     0.730425     0.0658505      139.863
0.325     0.730425     0.0899279      211.133
0.325     0.730425     0.110468      283.89
0.325     0.730425     0.128378      356.952
0.325     0.730425     0.144256      452.642
0.325     0.730425     0.158517      564.332
0.325     0.730425     0.171459      680.229
0.325     0.730425     0.183306      809.96
0.325     0.730425     0.194229      1071.35
0.325     0.730425     0.204361      1418.25
0.325     0.730425     0.21381      1702.02
0.325     0.730425     0.222662      1912.76
0.325     0.730425     0.230988      2218.17
0.325     0.730425     0.238846      2505.02
0.325     0.730425     0.246287      2694.67
0.325     0.730425     0.253353      3073.66
0.325     0.730425     0.260079      3084.69
0.325     0.730425     0.266498      2828.66
0.325     0.730425     0.272635      2530.21
0.325     0.730425     0.278514      2067.36
0.325     0.730425     0.284157      1714
0.325     0.730425     0.289581      1425.93
0.325     0.730425     0.294803      1370.72
0.325     0.730425     0.299837      868.047
0.325     0.730425     0.304697      744.832
0.325     0.730425     0.309393      276.943
0.325     0.730425     0.313938      118.726
0.325     0.730425     0.318339      16.9929
0.325     0.730425     0.322607      5.91954e-05
0.325     0.760374     0      0
0.325     0.760374     0.0367589      61.0558
0.325     0.760374     0.0658505      143.055
0.325     0.760374     0.0899279      216.687
0.325     0.760374     0.110468      291.017
0.325     0.760374     0.128378      365.605
0.325     0.760374     0.144256      460.342
0.325     0.760374     0.158517      572.109
0.325     0.760374     0.171459      679.084
0.325     0.760374     0.183306      807.481
0.325     0.760374     0.194229      1069.53
0.325     0.760374     0.204361      1414.36
0.325     0.760374     0.21381      1728.06
0.325     0.760374     0.222662      1987.03
0.325     0.760374     0.230988      2322.36
0.325     0.760374     0.238846      2635.47
0.325     0.760374     0.246287      2825.2
0.325     0.760374     0.253353      3227.86
0.325     0.760374     0.260079      3422.12
0.325     0.760374     0.266498      3227.52
0.325     0.760374     0.272635      2885.2
0.325     0.760374     0.278514      2355.05
0.325     0.760374     0.284157      1932.78
0.325     0.760374     0.289581      1591.71
0.325     0.760374     0.294803      1563.38
0.325     0.760374     0.299837      999.253
0.325     0.760374     0.304697      877.119
0.325     0.760374     0.309393      317.115
0.325     0.760374     0.313938      135.351
0.325     0.760374     0.318339      19.4063
0.325     0.760374     0.322607      6.59168e-05
0.325     0.788947     0      0
0.325     0.788947     0.0367589      62.0606
0.325     0.788947     0.0658505      146.162
0.325     0.788947     0.0899279      222.152
0.325     0.788947     0.110468      298.637
0.325     0.788947     0.128378      374.235
0.325     0.788947     0.144256      470.656
0.325     0.788947     0.158517      577.065
0.325     0.788947     0.171459      680.893
0.325     0.788947     0.183306      802.853
0.325     0.788947     0.194229      1060.8
0.325     0.788947     0.204361      1404.57
0.325     0.788947     0.21381      1738.25
0.325     0.788947     0.222662      2034.88
0.325     0.788947     0.230988      2429.75
0.325     0.788947     0.238846      2779.21
0.325     0.788947     0.246287      2969.32
0.325     0.788947     0.253353      3363.17
0.325     0.788947     0.260079      3707.97
0.325     0.788947     0.266498      3661.94
0.325     0.788947     0.272635      3303.48
0.325     0.788947     0.278514      2686.76
0.325     0.788947     0.284157      2195.96
0.325     0.788947     0.289581      1777.82
0.325     0.788947     0.294803      1759.54
0.325     0.788947     0.299837      1137.32
0.325     0.788947     0.304697      1022.56
0.325     0.788947     0.309393      379.496
0.325     0.788947     0.313938      153.881
0.325     0.788947     0.318339      22.279
0.325     0.788947     0.322607      7.85086e-05
0.325     0.816262     0      0
0.325     0.816262     0.0367589      63.034
0.325     0.816262     0.0658505      149.174
0.325     0.816262     0.0899279      227.477
0.325     0.816262     0.110468      306.4
0.325     0.816262     0.128378      383.214
0.325     0.816262     0.144256      480.568
0.325     0.816262     0.158517      581.494
0.325     0.816262     0.171459      685.799
0.325     0.816262     0.183306      793.624
0.325     0.816262     0.194229      1047.3
0.325     0.816262     0.204361      1393.8
0.325     0.816262     0.21381      1732.59
0.325     0.816262     0.222662      2059.73
0.325     0.816262     0.230988      2523.84
0.325     0.816262     0.238846      2921.05
0.325     0.816262     0.246287      3132.73
0.325     0.816262     0.253353      3514.33
0.325     0.816262     0.260079      3943.11
0.325     0.816262     0.266498      4094.23
0.325     0.816262     0.272635      3787.41
0.325     0.816262     0.278514      3088.7
0.325     0.816262     0.284157      2518.23
0.325     0.816262     0.289581      2006.15
0.325     0.816262     0.294803      1964.96
0.325     0.816262     0.299837      1296.19
0.325     0.816262     0.304697      1173.93
0.325     0.816262     0.309393      459.753
0.325     0.816262     0.313938      174.032
0.325     0.816262     0.318339      25.1553
0.325     0.816262     0.322607      8.96114e-05
0.325     0.842428     0      0
0.325     0.842428     0.0367589      63.9772
0.325     0.842428     0.0658505      152.168
0.325     0.842428     0.0899279      232.664
0.325     0.842428     0.110468      313.917
0.325     0.842428     0.128378      392.616
0.325     0.842428     0.144256      489.862
0.325     0.842428     0.158517      585.878
0.325     0.842428     0.171459      689.321
0.325     0.842428     0.183306      790.051
0.325     0.842428     0.194229      1034.95
0.325     0.842428     0.204361      1380.01
0.325     0.842428     0.21381      1713.82
0.325     0.842428     0.222662      2072.75
0.325     0.842428     0.230988      2595.2
0.325     0.842428     0.238846      3066.69
0.325     0.842428     0.246287      3316.89
0.325     0.842428     0.253353      3701.67
0.325     0.842428     0.260079      4165.46
0.325     0.842428     0.266498      4469.6
0.325     0.842428     0.272635      4317.14
0.325     0.842428     0.278514      3583.11
0.325     0.842428     0.284157      2907.72
0.325     0.842428     0.289581      2305.63
0.325     0.842428     0.294803      2203.92
0.325     0.842428     0.299837      1446.92
0.325     0.842428     0.304697      1335.36
0.325     0.842428     0.309393      548.613
0.325     0.842428     0.313938      208.888
0.325     0.842428     0.318339      28.0833
0.325     0.842428     0.322607      9.86536e-05
0.325     0.867536     0      0
0.325     0.867536     0.0367589      64.8918
0.325     0.867536     0.0658505      155.1
0.325     0.867536     0.0899279      237.702
0.325     0.867536     0.110468      321.425
0.325     0.867536     0.128378      401.879
0.325     0.867536     0.144256      499.215
0.325     0.867536     0.158517      593.475
0.325     0.867536     0.171459      688.852
0.325     0.867536     0.183306      789.554
0.325     0.867536     0.194229      1015.21
0.325     0.867536     0.204361      1355.22
0.325     0.867536     0.21381      1694.33
0.325     0.867536     0.222662      2068.87
0.325     0.867536     0.230988      2627.42
0.325     0.867536     0.238846      3194.71
0.325     0.867536     0.246287      3504.57
0.325     0.867536     0.253353      3909.58
0.325     0.867536     0.260079      4422.26
0.325     0.867536     0.266498      4798.45
0.325     0.867536     0.272635      4823.35
0.325     0.867536     0.278514      4154.64
0.325     0.867536     0.284157      3395.27
0.325     0.867536     0.289581      2672.52
0.325     0.867536     0.294803      2485.86
0.325     0.867536     0.299837      1608.52
0.325     0.867536     0.304697      1524.4
0.325     0.867536     0.309393      636.437
0.325     0.867536     0.313938      273.754
0.325     0.867536     0.318339      31.2115
0.325     0.867536     0.322607      0.000109612
0.325     0.891668     0      0
0.325     0.891668     0.0367589      65.7789
0.325     0.891668     0.0658505      157.986
0.325     0.891668     0.0899279      242.912
0.325     0.891668     0.110468      328.766
0.325     0.891668     0.128378      411.1
0.325     0.891668     0.144256      508.196
0.325     0.891668     0.158517      602.089
0.325     0.891668     0.171459      688.906
0.325     0.891668     0.183306      787.049
0.325     0.891668     0.194229      1001.35
0.325     0.891668     0.204361      1331.12
0.325     0.891668     0.21381      1665.55
0.325     0.891668     0.222662      2045.71
0.325     0.891668     0.230988      2656.07
0.325     0.891668     0.238846      3281.27
0.325     0.891668     0.246287      3685.36
0.325     0.891668     0.253353      4160.71
0.325     0.891668     0.260079      4716.79
0.325     0.891668     0.266498      5124.23
0.325     0.891668     0.272635      5247.59
0.325     0.891668     0.278514      4748.19
0.325     0.891668     0.284157      3999.52
0.325     0.891668     0.289581      3135.7
0.325     0.891668     0.294803      2816.89
0.325     0.891668     0.299837      1795.51
0.325     0.891668     0.304697      1699.79
0.325     0.891668     0.309393      728.779
0.325     0.891668     0.313938      347.238
0.325     0.891668     0.318339      36.6297
0.325     0.891668     0.322607      0.000125281
0.325     0.914898     0      0
0.325     0.914898     0.0367589      66.6398
0.325     0.914898     0.0658505      160.861
0.325     0.914898     0.0899279      247.938
0.325     0.914898     0.110468      335.751
0.325     0.914898     0.128378      420.317
0.325     0.914898     0.144256      517.431
0.325     0.914898     0.158517      611.874
0.325     0.914898     0.171459      693.032
0.325     0.914898     0.183306      779.236
0.325     0.914898     0.194229      989.439
0.325     0.914898     0.204361      1300.85
0.325     0.914898     0.21381      1625.03
0.325     0.914898     0.222662      2017.68
0.325     0.914898     0.230988      2663.38
0.325     0.914898     0.238846      3321.34
0.325     0.914898     0.246287      3834.75
0.325     0.914898     0.253353      4456.01
0.325     0.914898     0.260079      5046.3
0.325     0.914898     0.266498      5473.5
0.325     0.914898     0.272635      5632.85
0.325     0.914898     0.278514      5308.45
0.325     0.914898     0.284157      4688.95
0.325     0.914898     0.289581      3735.73
0.325     0.914898     0.294803      3169.06
0.325     0.914898     0.299837      2033.1
0.325     0.914898     0.304697      1902.01
0.325     0.914898     0.309393      828.805
0.325     0.914898     0.313938      422.032
0.325     0.914898     0.318339      89.6963
0.325     0.914898     0.322607      0.000145379
0.325     0.937291     0      0
0.325     0.937291     0.0367589      67.4754
0.325     0.937291     0.0658505      163.705
0.325     0.937291     0.0899279      252.803
0.325     0.937291     0.110468      343.456
0.325     0.937291     0.128378      430.518
0.325     0.937291     0.144256      526.887
0.325     0.937291     0.158517      620.429
0.325     0.937291     0.171459      699.876
0.325     0.937291     0.183306      771.4
0.325     0.937291     0.194229      971.537
0.325     0.937291     0.204361      1276.69
0.325     0.937291     0.21381      1584.63
0.325     0.937291     0.222662      1974.32
0.325     0.937291     0.230988      2641.56
0.325     0.937291     0.238846      3346.77
0.325     0.937291     0.246287      3932.58
0.325     0.937291     0.253353      4747.09
0.325     0.937291     0.260079      5400.17
0.325     0.937291     0.266498      5892.24
0.325     0.937291     0.272635      6016.86
0.325     0.937291     0.278514      5811.76
0.325     0.937291     0.284157      5337.37
0.325     0.937291     0.289581      4445.48
0.325     0.937291     0.294803      3582.53
0.325     0.937291     0.299837      2282.08
0.325     0.937291     0.304697      2163.44
0.325     0.937291     0.309393      873.556
0.325     0.937291     0.313938      509.483
0.325     0.937291     0.318339      188.797
0.325     0.937291     0.322607      0.000169294
0.325     0.958905     0      0
0.325     0.958905     0.0367589      68.2863
0.325     0.958905     0.0658505      166.468
0.325     0.958905     0.0899279      257.392
0.325     0.958905     0.110468      350.975
0.325     0.958905     0.128378      440.756
0.325     0.958905     0.144256      537.373
0.325     0.958905     0.158517      627.414
0.325     0.958905     0.171459      705.823
0.325     0.958905     0.183306      770.256
0.325     0.958905     0.194229      943.999
0.325     0.958905     0.204361      1245.51
0.325     0.958905     0.21381      1542.44
0.325     0.958905     0.222662      1911.82
0.325     0.958905     0.230988      2592.88
0.325     0.958905     0.238846      3359.27
0.325     0.958905     0.246287      4024.85
0.325     0.958905     0.253353      4979.32
0.325     0.958905     0.260079      5771.45
0.325     0.958905     0.266498      6357.04
0.325     0.958905     0.272635      6505.72
0.325     0.958905     0.278514      6327.28
0.325     0.958905     0.284157      5909.57
0.325     0.958905     0.289581      5146.09
0.325     0.958905     0.294803      4031.92
0.325     0.958905     0.299837      2582.09
0.325     0.958905     0.304697      2378.73
0.325     0.958905     0.309393      928.246
0.325     0.958905     0.313938      564.118
0.325     0.958905     0.318339      293.18
0.325     0.958905     0.322607      0.000204406
0.325     0.979792     0      0
0.325     0.979792     0.0367589      69.0712
0.325     0.979792     0.0658505      169.143
0.325     0.979792     0.0899279      261.789
0.325     0.979792     0.110468      358.327
0.325     0.979792     0.128378      450.154
0.325     0.979792     0.144256      550.882
0.325     0.979792     0.158517      636.226
0.325     0.979792     0.171459      707.777
0.325     0.979792     0.183306      768.005
0.325     0.979792     0.194229      929.71
0.325     0.979792     0.204361      1193.24
0.325     0.979792     0.21381      1497.73
0.325     0.979792     0.222662      1850.17
0.325     0.979792     0.230988      2522.7
0.325     0.979792     0.238846      3356.37
0.325     0.979792     0.246287      4086.44
0.325     0.979792     0.253353      5108.9
0.325     0.979792     0.260079      6160.38
0.325     0.979792     0.266498      6910.39
0.325     0.979792     0.272635      7075.14
0.325     0.979792     0.278514      6905.61
0.325     0.979792     0.284157      6443.87
0.325     0.979792     0.289581      5671.55
0.325     0.979792     0.294803      4407.17
0.325     0.979792     0.299837      2909.39
0.325     0.979792     0.304697      2406.5
0.325     0.979792     0.309393      941.224
0.325     0.979792     0.313938      585.808
0.325     0.979792     0.318339      415.776
0.325     0.979792     0.322607      0.163324
0.325     1     0      0
0.325     1     0.0367589      69.8401
0.325     1     0.0658505      171.91
0.325     1     0.0899279      266.071
0.325     1     0.110468      365.695
0.325     1     0.128378      457.341
0.325     1     0.144256      565.439
0.325     1     0.158517      649.685
0.325     1     0.171459      711.325
0.325     1     0.183306      756.438
0.325     1     0.194229      898.794
0.325     1     0.204361      1177.22
0.325     1     0.21381      1455.52
0.325     1     0.222662      1770.62
0.325     1     0.230988      2379.65
0.325     1     0.238846      3305.09
0.325     1     0.246287      4137.12
0.325     1     0.253353      5280.61
0.325     1     0.260079      6498.33
0.325     1     0.266498      7429.87
0.325     1     0.272635      7801.15
0.325     1     0.278514      7640.92
0.325     1     0.284157      7007.75
0.325     1     0.289581      6046.61
0.325     1     0.294803      4690.08
0.325     1     0.299837      3272.56
0.325     1     0.304697      1867.42
0.325     1     0.309393      700.823
0.325     1     0.313938      436.033
0.325     1     0.318339      78.4257
0.325     1     0.322607      0.591527
