0.165     -1     0      0
0.165     -1     0.017169      20.7948
0.165     -1     0.0307568      80.4537
0.165     -1     0.0420026      174.372
0.165     -1     0.0515962      274.514
0.165     -1     0.0599616      378.871
0.165     -1     0.0673778      486.77
0.165     -1     0.0740384      569.4
0.165     -1     0.0800832      696.531
0.165     -1     0.0856166      767.072
0.165     -1     0.0907184      802.208
0.165     -1     0.095451      815.711
0.165     -1     0.0998644      815.2
0.165     -1     0.103999      821.902
0.165     -1     0.107887      778.328
0.165     -1     0.111558      723.576
0.165     -1     0.115033      662.592
0.165     -1     0.118334      613.03
0.165     -1     0.121475      665.669
0.165     -1     0.124473      507.737
0.165     -1     0.127339      397.449
0.165     -1     0.130085      310.874
0.165     -1     0.132721      341.331
0.165     -1     0.135254      214.8
0.165     -1     0.137693      136.89
0.165     -1     0.140045      95.59
0.165     -1     0.142315      55.5091
0.165     -1     0.144508      23.2028
0.165     -1     0.146631      7.23304
0.165     -1     0.148687      0.973286
0.165     -1     0.15068      0
0.165     -0.634788     0      0
0.165     -0.634788     0.017169      18.1846
0.165     -0.634788     0.0307568      71.0064
0.165     -0.634788     0.0420026      152.785
0.165     -0.634788     0.0515962      251.095
0.165     -0.634788     0.0599616      359.646
0.165     -0.634788     0.0673778      462.923
0.165     -0.634788     0.0740384      546.68
0.165     -0.634788     0.0800832      665.636
0.165     -0.634788     0.0856166      743.764
0.165     -0.634788     0.0907184      797.09
0.165     -0.634788     0.095451      825.214
0.165     -0.634788     0.0998644      820.1
0.165     -0.634788     0.103999      811.748
0.165     -0.634788     0.107887      784.398
0.165     -0.634788     0.111558      749.423
0.165     -0.634788     0.115033      694.194
0.165     -0.634788     0.118334      671.474
0.165     -0.634788     0.121475      744.905
0.165     -0.634788     0.124473      572.306
0.165     -0.634788     0.127339      445.453
0.165     -0.634788     0.130085      347.253
0.165     -0.634788     0.132721      400.23
0.165     -0.634788     0.135254      249.993
0.165     -0.634788     0.137693      159.55
0.165     -0.634788     0.140045      113.318
0.165     -0.634788     0.142315      67.4519
0.165     -0.634788     0.144508      28.3502
0.165     -0.634788     0.146631      8.93561
0.165     -0.634788     0.148687      1.19533
0.165     -0.634788     0.15068      0
0.165     -0.406307     0      0
0.165     -0.406307     0.017169      16.5997
0.165     -0.406307     0.0307568      64.6847
0.165     -0.406307     0.0420026      139.835
0.165     -0.406307     0.0515962      233.935
0.165     -0.406307     0.0599616      342.949
0.165     -0.406307     0.0673778      449.265
0.165     -0.406307     0.0740384      533.854
0.165     -0.406307     0.0800832      642.793
0.165     -0.406307     0.0856166      738.833
0.165     -0.406307     0.0907184      795.086
0.165     -0.406307     0.095451      825.657
0.165     -0.406307     0.0998644      823.259
0.165     -0.406307     0.103999      819.968
0.165     -0.406307     0.107887      788.6
0.165     -0.406307     0.111558      753.858
0.165     -0.406307     0.115033      708.526
0.165     -0.406307     0.118334      690.926
0.165     -0.406307     0.121475      779.83
0.165     -0.406307     0.124473      615.164
0.165     -0.406307     0.127339      487.633
0.165     -0.406307     0.130085      380.586
0.165     -0.406307     0.132721      438.281
0.165     -0.406307     0.135254      274.682
0.165     -0.406307     0.137693      175.787
0.165     -0.406307     0.140045      124.173
0.165     -0.406307     0.142315      73.2749
0.165     -0.406307     0.144508      30.9857
0.165     -0.406307     0.146631      9.82473
0.165     -0.406307     0.148687      1.32804
0.165     -0.406307     0.15068      0
0.165     -0.239626     0      0
0.165     -0.239626     0.017169      15.4598
0.165     -0.239626     0.0307568      60.0775
0.165     -0.239626     0.0420026      129.819
0.165     -0.239626     0.0515962      220.153
0.165     -0.239626     0.0599616      330.597
0.165     -0.239626     0.0673778      436.618
0.165     -0.239626     0.0740384      522.936
0.165     -0.239626     0.0800832      626.293
0.165     -0.239626     0.0856166      726.689
0.165     -0.239626     0.0907184      800.718
0.165     -0.239626     0.095451      834.683
0.165     -0.239626     0.0998644      829.456
0.165     -0.239626     0.103999      827.438
0.165     -0.239626     0.107887      794.119
0.165     -0.239626     0.111558      759.29
0.165     -0.239626     0.115033      715.879
0.165     -0.239626     0.118334      698.499
0.165     -0.239626     0.121475      798.645
0.165     -0.239626     0.124473      638.184
0.165     -0.239626     0.127339      516.046
0.165     -0.239626     0.130085      407.141
0.165     -0.239626     0.132721      468.376
0.165     -0.239626     0.135254      290.393
0.165     -0.239626     0.137693      185.13
0.165     -0.239626     0.140045      129.852
0.165     -0.239626     0.142315      75.8184
0.165     -0.239626     0.144508      31.8144
0.165     -0.239626     0.146631      10.1202
0.165     -0.239626     0.148687      1.38834
0.165     -0.239626     0.15068      0
0.165     -0.108332     0      0
0.165     -0.108332     0.017169      14.557
0.165     -0.108332     0.0307568      56.3665
0.165     -0.108332     0.0420026      122.046
0.165     -0.108332     0.0515962      208.428
0.165     -0.108332     0.0599616      319.628
0.165     -0.108332     0.0673778      427.18
0.165     -0.108332     0.0740384      512.325
0.165     -0.108332     0.0800832      613.736
0.165     -0.108332     0.0856166      716.397
0.165     -0.108332     0.0907184      802.885
0.165     -0.108332     0.095451      843.418
0.165     -0.108332     0.0998644      839.393
0.165     -0.108332     0.103999      840.33
0.165     -0.108332     0.107887      802.963
0.165     -0.108332     0.111558      761.966
0.165     -0.108332     0.115033      718.941
0.165     -0.108332     0.118334      707.168
0.165     -0.108332     0.121475      807.651
0.165     -0.108332     0.124473      653.033
0.165     -0.108332     0.127339      531.806
0.165     -0.108332     0.130085      429.402
0.165     -0.108332     0.132721      494.844
0.165     -0.108332     0.135254      304.574
0.165     -0.108332     0.137693      192.193
0.165     -0.108332     0.140045      133.952
0.165     -0.108332     0.142315      77.8925
0.165     -0.108332     0.144508      32.4982
0.165     -0.108332     0.146631      10.2043
0.165     -0.108332     0.148687      1.42785
0.165     -0.108332     0.15068      0
0.165     -2e-20     0      0
0.165     -2e-20     0.017169      13.8073
0.165     -2e-20     0.0307568      53.2549
0.165     -2e-20     0.0420026      115.45
0.165     -2e-20     0.0515962      198.323
0.165     -2e-20     0.0599616      309.025
0.165     -2e-20     0.0673778      419.075
0.165     -2e-20     0.0740384      503.341
0.165     -2e-20     0.0800832      604.148
0.165     -2e-20     0.0856166      707.22
0.165     -2e-20     0.0907184      803.656
0.165     -2e-20     0.095451      849.914
0.165     -2e-20     0.0998644      855.883
0.165     -2e-20     0.103999      852.579
0.165     -2e-20     0.107887      815.921
0.165     -2e-20     0.111558      766.79
0.165     -2e-20     0.115033      721.758
0.165     -2e-20     0.118334      707.63
0.165     -2e-20     0.121475      815.066
0.165     -2e-20     0.124473      664.942
0.165     -2e-20     0.127339      544.018
0.165     -2e-20     0.130085      441.886
0.165     -2e-20     0.132721      515.285
0.165     -2e-20     0.135254      321.304
0.165     -2e-20     0.137693      199.329
0.165     -2e-20     0.140045      137.711
0.165     -2e-20     0.142315      80.0156
0.165     -2e-20     0.144508      33.5696
0.165     -2e-20     0.146631      10.4309
0.165     -2e-20     0.148687      1.40771
0.165     -2e-20     0.15068      0
0.165     0.0922185     0      0
0.165     0.0922185     0.017169      13.1656
0.165     0.0922185     0.0307568      50.5951
0.165     0.0922185     0.0420026      110.148
0.165     0.0922185     0.0515962      189.36
0.165     0.0922185     0.0599616      298.869
0.165     0.0922185     0.0673778      410.841
0.165     0.0922185     0.0740384      497.744
0.165     0.0922185     0.0800832      595.986
0.165     0.0922185     0.0856166      700.201
0.165     0.0922185     0.0907184      800.742
0.165     0.0922185     0.095451      860.743
0.165     0.0922185     0.0998644      869.942
0.165     0.0922185     0.103999      865.752
0.165     0.0922185     0.107887      826.682
0.165     0.0922185     0.111558      775.847
0.165     0.0922185     0.115033      728.692
0.165     0.0922185     0.118334      709.806
0.165     0.0922185     0.121475      817.574
0.165     0.0922185     0.124473      667.75
0.165     0.0922185     0.127339      555.869
0.165     0.0922185     0.130085      450.824
0.165     0.0922185     0.132721      530.231
0.165     0.0922185     0.135254      336.158
0.165     0.0922185     0.137693      209.905
0.165     0.0922185     0.140045      140.695
0.165     0.0922185     0.142315      82.0656
0.165     0.0922185     0.144508      34.5199
0.165     0.0922185     0.146631      10.8135
0.165     0.0922185     0.148687      1.43782
0.165     0.0922185     0.15068      0
0.165     0.172502     0      0
0.165     0.172502     0.017169      12.6044
0.165     0.172502     0.0307568      48.3276
0.165     0.172502     0.0420026      105.51
0.165     0.172502     0.0515962      181.288
0.165     0.172502     0.0599616      289.167
0.165     0.172502     0.0673778      402.244
0.165     0.172502     0.0740384      492.309
0.165     0.172502     0.0800832      590.145
0.165     0.172502     0.0856166      694.728
0.165     0.172502     0.0907184      797.111
0.165     0.172502     0.095451      869.52
0.165     0.172502     0.0998644      886.711
0.165     0.172502     0.103999      880.958
0.165     0.172502     0.107887      838.694
0.165     0.172502     0.111558      786.174
0.165     0.172502     0.115033      737.897
0.165     0.172502     0.118334      713.237
0.165     0.172502     0.121475      818.575
0.165     0.172502     0.124473      671.846
0.165     0.172502     0.127339      562.16
0.165     0.172502     0.130085      458.505
0.165     0.172502     0.132721      539.366
0.165     0.172502     0.135254      349.976
0.165     0.172502     0.137693      220.642
0.165     0.172502     0.140045      145.692
0.165     0.172502     0.142315      83.4187
0.165     0.172502     0.144508      35.3425
0.165     0.172502     0.146631      11.1838
0.165     0.172502     0.148687      1.52359
0.165     0.172502     0.15068      0
0.165     0.243589     0      0
0.165     0.243589     0.017169      12.1056
0.165     0.243589     0.0307568      46.4041
0.165     0.243589     0.0420026      101.349
0.165     0.243589     0.0515962      174.136
0.165     0.243589     0.0599616      280.108
0.165     0.243589     0.0673778      393.67
0.165     0.243589     0.0740384      486.864
0.165     0.243589     0.0800832      586.082
0.165     0.243589     0.0856166      690.117
0.165     0.243589     0.0907184      794.53
0.165     0.243589     0.095451      874.129
0.165     0.243589     0.0998644      902.435
0.165     0.243589     0.103999      896.439
0.165     0.243589     0.107887      852.426
0.165     0.243589     0.111558      797.125
0.165     0.243589     0.115033      747.868
0.165     0.243589     0.118334      720.399
0.165     0.243589     0.121475      818.456
0.165     0.243589     0.124473      671.579
0.165     0.243589     0.127339      564.266
0.165     0.243589     0.130085      465.047
0.165     0.243589     0.132721      545.69
0.165     0.243589     0.135254      358.781
0.165     0.243589     0.137693      231.156
0.165     0.243589     0.140045      153.792
0.165     0.243589     0.142315      84.514
0.165     0.243589     0.144508      35.8071
0.165     0.243589     0.146631      11.2959
0.165     0.243589     0.148687      1.52212
0.165     0.243589     0.15068      0
0.165     0.307372     0      0
0.165     0.307372     0.017169      11.6571
0.165     0.307372     0.0307568      44.6953
0.165     0.307372     0.0420026      97.5654
0.165     0.307372     0.0515962      167.609
0.165     0.307372     0.0599616      271.648
0.165     0.307372     0.0673778      384.732
0.165     0.307372     0.0740384      481.757
0.165     0.307372     0.0800832      581.926
0.165     0.307372     0.0856166      685.721
0.165     0.307372     0.0907184      793.926
0.165     0.307372     0.095451      876.248
0.165     0.307372     0.0998644      913.497
0.165     0.307372     0.103999      913.25
0.165     0.307372     0.107887      868.398
0.165     0.307372     0.111558      812.994
0.165     0.307372     0.115033      758.378
0.165     0.307372     0.118334      729.188
0.165     0.307372     0.121475      818.501
0.165     0.307372     0.124473      673.944
0.165     0.307372     0.127339      565.126
0.165     0.307372     0.130085      468.469
0.165     0.307372     0.132721      553.884
0.165     0.307372     0.135254      363.972
0.165     0.307372     0.137693      240.703
0.165     0.307372     0.140045      161.72
0.165     0.307372     0.142315      87.6115
0.165     0.307372     0.144508      36.1265
0.165     0.307372     0.146631      11.427
0.165     0.307372     0.148687      1.53494
0.165     0.307372     0.15068      0
0.165     0.365212     0      0
0.165     0.365212     0.017169      11.2514
0.165     0.365212     0.0307568      43.1344
0.165     0.365212     0.0420026      94.1004
0.165     0.365212     0.0515962      161.636
0.165     0.365212     0.0599616      263.724
0.165     0.365212     0.0673778      376.266
0.165     0.365212     0.0740384      476.312
0.165     0.365212     0.0800832      577.897
0.165     0.365212     0.0856166      682.753
0.165     0.365212     0.0907184      793.332
0.165     0.365212     0.095451      877.255
0.165     0.365212     0.0998644      921.515
0.165     0.365212     0.103999      928.906
0.165     0.365212     0.107887      883.724
0.165     0.365212     0.111558      830.722
0.165     0.365212     0.115033      771.004
0.165     0.365212     0.118334      737.615
0.165     0.365212     0.121475      819.967
0.165     0.365212     0.124473      675.367
0.165     0.365212     0.127339      562.499
0.165     0.365212     0.130085      468.517
0.165     0.365212     0.132721      559.471
0.165     0.365212     0.135254      367.333
0.165     0.365212     0.137693      247.303
0.165     0.365212     0.140045      170.721
0.165     0.365212     0.142315      93.8417
0.165     0.365212     0.144508      36.4236
0.165     0.365212     0.146631      11.5203
0.165     0.365212     0.148687      1.56818
0.165     0.365212     0.15068      0
0.165     0.418124     0      0
0.165     0.418124     0.017169      10.8791
0.165     0.418124     0.0307568      41.6971
0.165     0.418124     0.0420026      90.9482
0.165     0.418124     0.0515962      156.526
0.165     0.418124     0.0599616      256.323
0.165     0.418124     0.0673778      368.14
0.165     0.418124     0.0740384      470.532
0.165     0.418124     0.0800832      573.875
0.165     0.418124     0.0856166      681.069
0.165     0.418124     0.0907184      792.711
0.165     0.418124     0.095451      877.937
0.165     0.418124     0.0998644      926.772
0.165     0.418124     0.103999      941
0.165     0.418124     0.107887      900.234
0.165     0.418124     0.111558      849.342
0.165     0.418124     0.115033      786.213
0.165     0.418124     0.118334      746.472
0.165     0.418124     0.121475      823.368
0.165     0.418124     0.124473      677.644
0.165     0.418124     0.127339      561.437
0.165     0.418124     0.130085      467.808
0.165     0.418124     0.132721      563.228
0.165     0.418124     0.135254      371.739
0.165     0.418124     0.137693      250.756
0.165     0.418124     0.140045      178.386
0.165     0.418124     0.142315      100.17
0.165     0.418124     0.144508      37.3748
0.165     0.418124     0.146631      11.567
0.165     0.418124     0.148687      1.59921
0.165     0.418124     0.15068      0
0.165     0.466881     0      0
0.165     0.466881     0.017169      10.5361
0.165     0.466881     0.0307568      40.3608
0.165     0.466881     0.0420026      88.0031
0.165     0.466881     0.0515962      151.792
0.165     0.466881     0.0599616      249.296
0.165     0.466881     0.0673778      360.312
0.165     0.466881     0.0740384      464.387
0.165     0.466881     0.0800832      570.168
0.165     0.466881     0.0856166      680.011
0.165     0.466881     0.0907184      792.196
0.165     0.466881     0.095451      878.424
0.165     0.466881     0.0998644      929.771
0.165     0.466881     0.103999      951.167
0.165     0.466881     0.107887      921.101
0.165     0.466881     0.111558      868.947
0.165     0.466881     0.115033      802.912
0.165     0.466881     0.118334      755.712
0.165     0.466881     0.121475      826.421
0.165     0.466881     0.124473      680.82
0.165     0.466881     0.127339      561.608
0.165     0.466881     0.130085      464.74
0.165     0.466881     0.132721      563.139
0.165     0.466881     0.135254      374.884
0.165     0.466881     0.137693      252.203
0.165     0.466881     0.140045      185.14
0.165     0.466881     0.142315      107.798
0.165     0.466881     0.144508      41.3509
0.165     0.466881     0.146631      11.6702
0.165     0.466881     0.148687      1.61986
0.165     0.466881     0.15068      0
0.165     0.512089     0      0
0.165     0.512089     0.017169      10.2182
0.165     0.512089     0.0307568      39.1123
0.165     0.512089     0.0420026      85.272
0.165     0.512089     0.0515962      147.327
0.165     0.512089     0.0599616      242.587
0.165     0.512089     0.0673778      352.595
0.165     0.512089     0.0740384      457.791
0.165     0.512089     0.0800832      566.472
0.165     0.512089     0.0856166      678.674
0.165     0.512089     0.0907184      791.585
0.165     0.512089     0.095451      878.571
0.165     0.512089     0.0998644      931.874
0.165     0.512089     0.103999      958.561
0.165     0.512089     0.107887      939.318
0.165     0.512089     0.111558      889.611
0.165     0.512089     0.115033      820.991
0.165     0.512089     0.118334      766.388
0.165     0.512089     0.121475      827.778
0.165     0.512089     0.124473      682.863
0.165     0.512089     0.127339      562.01
0.165     0.512089     0.130085      462.572
0.165     0.512089     0.132721      562.873
0.165     0.512089     0.135254      376.751
0.165     0.512089     0.137693      255.421
0.165     0.512089     0.140045      189.439
0.165     0.512089     0.142315      115.254
0.165     0.512089     0.144508      47.3644
0.165     0.512089     0.146631      11.7075
0.165     0.512089     0.148687      1.62777
0.165     0.512089     0.15068      0
0.165     0.55423     0      0
0.165     0.55423     0.017169      9.92109
0.165     0.55423     0.0307568      37.9642
0.165     0.55423     0.0420026      82.6928
0.165     0.55423     0.0515962      143.077
0.165     0.55423     0.0599616      236.178
0.165     0.55423     0.0673778      345.203
0.165     0.55423     0.0740384      450.803
0.165     0.55423     0.0800832      563.18
0.165     0.55423     0.0856166      677.23
0.165     0.55423     0.0907184      791.038
0.165     0.55423     0.095451      878.419
0.165     0.55423     0.0998644      933.302
0.165     0.55423     0.103999      966.777
0.165     0.55423     0.107887      954.951
0.165     0.55423     0.111558      909.537
0.165     0.55423     0.115033      839.724
0.165     0.55423     0.118334      782.018
0.165     0.55423     0.121475      827.181
0.165     0.55423     0.124473      684.619
0.165     0.55423     0.127339      563.797
0.165     0.55423     0.130085      460.574
0.165     0.55423     0.132721      561.308
0.165     0.55423     0.135254      376.095
0.165     0.55423     0.137693      258.595
0.165     0.55423     0.140045      191.047
0.165     0.55423     0.142315      121.767
0.165     0.55423     0.144508      54.5706
0.165     0.55423     0.146631      12.2891
0.165     0.55423     0.148687      1.64472
0.165     0.55423     0.15068      0
0.165     0.593693     0      0
0.165     0.593693     0.017169      9.64332
0.165     0.593693     0.0307568      36.8805
0.165     0.593693     0.0420026      80.2429
0.165     0.593693     0.0515962      139.015
0.165     0.593693     0.0599616      230.132
0.165     0.593693     0.0673778      338.156
0.165     0.593693     0.0740384      443.484
0.165     0.593693     0.0800832      559.79
0.165     0.593693     0.0856166      675.711
0.165     0.593693     0.0907184      790.586
0.165     0.593693     0.095451      878.308
0.165     0.593693     0.0998644      935.508
0.165     0.593693     0.103999      974.208
0.165     0.593693     0.107887      968.106
0.165     0.593693     0.111558      928.949
0.165     0.593693     0.115033      858.545
0.165     0.593693     0.118334      799.007
0.165     0.593693     0.121475      825.027
0.165     0.593693     0.124473      687.079
0.165     0.593693     0.127339      566.387
0.165     0.593693     0.130085      458.534
0.165     0.593693     0.132721      559.93
0.165     0.593693     0.135254      373.63
0.165     0.593693     0.137693      259.792
0.165     0.593693     0.140045      193.147
0.165     0.593693     0.142315      127.72
0.165     0.593693     0.144508      62.7644
0.165     0.593693     0.146631      15.6307
0.165     0.593693     0.148687      1.66085
0.165     0.593693     0.15068      0
0.165     0.630798     0      0
0.165     0.630798     0.017169      9.38171
0.165     0.630798     0.0307568      35.8529
0.165     0.630798     0.0420026      77.9094
0.165     0.630798     0.0515962      135.113
0.165     0.630798     0.0599616      224.338
0.165     0.630798     0.0673778      331.275
0.165     0.630798     0.0740384      436.033
0.165     0.630798     0.0800832      555.934
0.165     0.630798     0.0856166      673.999
0.165     0.630798     0.0907184      790.055
0.165     0.630798     0.095451      878.106
0.165     0.630798     0.0998644      939.694
0.165     0.630798     0.103999      979.968
0.165     0.630798     0.107887      978.361
0.165     0.630798     0.111558      945.814
0.165     0.630798     0.115033      880.015
0.165     0.630798     0.118334      816.874
0.165     0.630798     0.121475      824.125
0.165     0.630798     0.124473      688.257
0.165     0.630798     0.127339      567.929
0.165     0.630798     0.130085      458.131
0.165     0.630798     0.132721      559.055
0.165     0.630798     0.135254      370.38
0.165     0.630798     0.137693      259.659
0.165     0.630798     0.140045      197.888
0.165     0.630798     0.142315      130.817
0.165     0.630798     0.144508      70.8828
0.165     0.630798     0.146631      21.4514
0.165     0.630798     0.148687      1.69351
0.165     0.630798     0.15068      0
0.165     0.665812     0      0
0.165     0.665812     0.017169      9.13427
0.165     0.665812     0.0307568      34.8894
0.165     0.665812     0.0420026      75.6991
0.165     0.665812     0.0515962      131.35
0.165     0.665812     0.0599616      218.721
0.165     0.665812     0.0673778      324.645
0.165     0.665812     0.0740384      429.031
0.165     0.665812     0.0800832      551.594
0.165     0.665812     0.0856166      671.881
0.165     0.665812     0.0907184      789.555
0.165     0.665812     0.095451      877.918
0.165     0.665812     0.0998644      945.236
0.165     0.665812     0.103999      984.319
0.165     0.665812     0.107887      986.478
0.165     0.665812     0.111558      960.578
0.165     0.665812     0.115033      902.506
0.165     0.665812     0.118334      834.566
0.165     0.665812     0.121475      827.535
0.165     0.665812     0.124473      688.736
0.165     0.665812     0.127339      568.736
0.165     0.665812     0.130085      457.663
0.165     0.665812     0.132721      559.01
0.165     0.665812     0.135254      366.868
0.165     0.665812     0.137693      256.928
0.165     0.665812     0.140045      200.652
0.165     0.665812     0.142315      131.764
0.165     0.665812     0.144508      79.0071
0.165     0.665812     0.146631      28.8498
0.165     0.665812     0.148687      1.7163
0.165     0.665812     0.15068      0
0.165     0.698958     0      0
0.165     0.698958     0.017169      8.89961
0.165     0.698958     0.0307568      34
0.165     0.698958     0.0420026      73.573
0.165     0.698958     0.0515962      127.762
0.165     0.698958     0.0599616      213.449
0.165     0.698958     0.0673778      318.218
0.165     0.698958     0.0740384      421.938
0.165     0.698958     0.0800832      546.812
0.165     0.698958     0.0856166      669.379
0.165     0.698958     0.0907184      789.053
0.165     0.698958     0.095451      878.893
0.165     0.698958     0.0998644      949.617
0.165     0.698958     0.103999      987.522
0.165     0.698958     0.107887      993.276
0.165     0.698958     0.111558      973.005
0.165     0.698958     0.115033      923.162
0.165     0.698958     0.118334      852.202
0.165     0.698958     0.121475      830.946
0.165     0.698958     0.124473      690.86
0.165     0.698958     0.127339      568.826
0.165     0.698958     0.130085      455.811
0.165     0.698958     0.132721      560.589
0.165     0.698958     0.135254      362.592
0.165     0.698958     0.137693      252.627
0.165     0.698958     0.140045      202.29
0.165     0.698958     0.142315      135.782
0.165     0.698958     0.144508      85.5483
0.165     0.698958     0.146631      37.5314
0.165     0.698958     0.148687      2.07148
0.165     0.698958     0.15068      0
0.165     0.730425     0      0
0.165     0.730425     0.017169      8.67636
0.165     0.730425     0.0307568      33.1575
0.165     0.730425     0.0420026      71.5267
0.165     0.730425     0.0515962      124.441
0.165     0.730425     0.0599616      208.712
0.165     0.730425     0.0673778      312.139
0.165     0.730425     0.0740384      415.394
0.165     0.730425     0.0800832      541.768
0.165     0.730425     0.0856166      666.47
0.165     0.730425     0.0907184      788.612
0.165     0.730425     0.095451      883.468
0.165     0.730425     0.0998644      952.477
0.165     0.730425     0.103999      989.708
0.165     0.730425     0.107887      999.602
0.165     0.730425     0.111558      987.298
0.165     0.730425     0.115033      941.869
0.165     0.730425     0.118334      869.333
0.165     0.730425     0.121475      832.01
0.165     0.730425     0.124473      694.921
0.165     0.730425     0.127339      568.693
0.165     0.730425     0.130085      453.726
0.165     0.730425     0.132721      563.8
0.165     0.730425     0.135254      359.528
0.165     0.730425     0.137693      248.07
0.165     0.730425     0.140045      201.944
0.165     0.730425     0.142315      139.855
0.165     0.730425     0.144508      89.8362
0.165     0.730425     0.146631      46.6465
0.165     0.730425     0.148687      4.67071
0.165     0.730425     0.15068      0
0.165     0.760374     0      0
0.165     0.760374     0.017169      8.46334
0.165     0.760374     0.0307568      32.3765
0.165     0.760374     0.0420026      69.5457
0.165     0.760374     0.0515962      121.279
0.165     0.760374     0.0599616      204.131
0.165     0.760374     0.0673778      306.562
0.165     0.760374     0.0740384      408.852
0.165     0.760374     0.0800832      536.467
0.165     0.760374     0.0856166      664.261
0.165     0.760374     0.0907184      787.995
0.165     0.760374     0.095451      887.455
0.165     0.760374     0.0998644      955.061
0.165     0.760374     0.103999      991.48
0.165     0.760374     0.107887      1004.7
0.165     0.760374     0.111558      998.174
0.165     0.760374     0.115033      957.331
0.165     0.760374     0.118334      886.479
0.165     0.760374     0.121475      835.972
0.165     0.760374     0.124473      698.232
0.165     0.760374     0.127339      570.157
0.165     0.760374     0.130085      450.671
0.165     0.760374     0.132721      563.437
0.165     0.760374     0.135254      357.043
0.165     0.760374     0.137693      243.365
0.165     0.760374     0.140045      199.207
0.165     0.760374     0.142315      142.912
0.165     0.760374     0.144508      90.7307
0.165     0.760374     0.146631      56.3666
0.165     0.760374     0.148687      9.55904
0.165     0.760374     0.15068      0
0.165     0.788947     0      0
0.165     0.788947     0.017169      8.25957
0.165     0.788947     0.0307568      31.6323
0.165     0.788947     0.0420026      67.666
0.165     0.788947     0.0515962      118.289
0.165     0.788947     0.0599616      199.765
0.165     0.788947     0.0673778      300.976
0.165     0.788947     0.0740384      402.458
0.165     0.788947     0.0800832      530.763
0.165     0.788947     0.0856166      661.594
0.165     0.788947     0.0907184      789.383
0.165     0.788947     0.095451      890.84
0.165     0.788947     0.0998644      956.954
0.165     0.788947     0.103999      993.695
0.165     0.788947     0.107887      1010.98
0.165     0.788947     0.111558      1006.66
0.165     0.788947     0.115033      969.461
0.165     0.788947     0.118334      902.482
0.165     0.788947     0.121475      840.025
0.165     0.788947     0.124473      700.352
0.165     0.788947     0.127339      572.085
0.165     0.788947     0.130085      448.269
0.165     0.788947     0.132721      560.193
0.165     0.788947     0.135254      356.479
0.165     0.788947     0.137693      239.155
0.165     0.788947     0.140045      195.402
0.165     0.788947     0.142315      145.175
0.165     0.788947     0.144508      94.912
0.165     0.788947     0.146631      65.4342
0.165     0.788947     0.148687      17.1153
0.165     0.788947     0.15068      0
0.165     0.816262     0      0
0.165     0.816262     0.017169      8.06424
0.165     0.816262     0.0307568      30.9162
0.165     0.816262     0.0420026      66.0048
0.165     0.816262     0.0515962      115.376
0.165     0.816262     0.0599616      195.501
0.165     0.816262     0.0673778      295.414
0.165     0.816262     0.0740384      396.042
0.165     0.816262     0.0800832      524.759
0.165     0.816262     0.0856166      658.402
0.165     0.816262     0.0907184      791.211
0.165     0.816262     0.095451      893.471
0.165     0.816262     0.0998644      958.567
0.165     0.816262     0.103999      996.551
0.165     0.816262     0.107887      1018.06
0.165     0.816262     0.111558      1013.01
0.165     0.816262     0.115033      979.714
0.165     0.816262     0.118334      915.996
0.165     0.816262     0.121475      842.096
0.165     0.816262     0.124473      706.579
0.165     0.816262     0.127339      572.951
0.165     0.816262     0.130085      446.845
0.165     0.816262     0.132721      553.801
0.165     0.816262     0.135254      356.061
0.165     0.816262     0.137693      234.437
0.165     0.816262     0.140045      191.527
0.165     0.816262     0.142315      143.764
0.165     0.816262     0.144508      99.5261
0.165     0.816262     0.146631      72.5427
0.165     0.816262     0.148687      26.9579
0.165     0.816262     0.15068      0
0.165     0.842428     0      0
0.165     0.842428     0.017169      7.87765
0.165     0.842428     0.0307568      30.2252
0.165     0.842428     0.0420026      64.3845
0.165     0.842428     0.0515962      112.593
0.165     0.842428     0.0599616      191.561
0.165     0.842428     0.0673778      289.878
0.165     0.842428     0.0740384      389.572
0.165     0.842428     0.0800832      518.407
0.165     0.842428     0.0856166      655.527
0.165     0.842428     0.0907184      792.484
0.165     0.842428     0.095451      895.467
0.165     0.842428     0.0998644      959.827
0.165     0.842428     0.103999      999.5
0.165     0.842428     0.107887      1023.81
0.165     0.842428     0.111558      1018.52
0.165     0.842428     0.115033      989.948
0.165     0.842428     0.118334      926.295
0.165     0.842428     0.121475      845.242
0.165     0.842428     0.124473      710.42
0.165     0.842428     0.127339      575.104
0.165     0.842428     0.130085      444.814
0.165     0.842428     0.132721      541.556
0.165     0.842428     0.135254      350.972
0.165     0.842428     0.137693      231.778
0.165     0.842428     0.140045      188.174
0.165     0.842428     0.142315      140.058
0.165     0.842428     0.144508      104.486
0.165     0.842428     0.146631      74.8529
0.165     0.842428     0.148687      38.8753
0.165     0.842428     0.15068      0
0.165     0.867536     0      0
0.165     0.867536     0.017169      7.69879
0.165     0.867536     0.0307568      29.5608
0.165     0.867536     0.0420026      62.8701
0.165     0.867536     0.0515962      109.873
0.165     0.867536     0.0599616      187.606
0.165     0.867536     0.0673778      284.323
0.165     0.867536     0.0740384      383.224
0.165     0.867536     0.0800832      512.597
0.165     0.867536     0.0856166      653.893
0.165     0.867536     0.0907184      792.871
0.165     0.867536     0.095451      896.72
0.165     0.867536     0.0998644      961.237
0.165     0.867536     0.103999      1006.42
0.165     0.867536     0.107887      1028.51
0.165     0.867536     0.111558      1023.56
0.165     0.867536     0.115033      997.384
0.165     0.867536     0.118334      934.657
0.165     0.867536     0.121475      845.175
0.165     0.867536     0.124473      714.426
0.165     0.867536     0.127339      578.41
0.165     0.867536     0.130085      442.158
0.165     0.867536     0.132721      523.049
0.165     0.867536     0.135254      342.882
0.165     0.867536     0.137693      230.381
0.165     0.867536     0.140045      184.522
0.165     0.867536     0.142315      136.57
0.165     0.867536     0.144508      106.34
0.165     0.867536     0.146631      78.5118
0.165     0.867536     0.148687      53.009
0.165     0.867536     0.15068      0
0.165     0.891668     0      0
0.165     0.891668     0.017169      7.52624
0.165     0.891668     0.0307568      28.9306
0.165     0.891668     0.0420026      61.4027
0.165     0.891668     0.0515962      107.173
0.165     0.891668     0.0599616      183.637
0.165     0.891668     0.0673778      278.966
0.165     0.891668     0.0740384      377.296
0.165     0.891668     0.0800832      506.952
0.165     0.891668     0.0856166      651.947
0.165     0.891668     0.0907184      792.168
0.165     0.891668     0.095451      896.965
0.165     0.891668     0.0998644      964.3
0.165     0.891668     0.103999      1012.43
0.165     0.891668     0.107887      1032.34
0.165     0.891668     0.111558      1028.67
0.165     0.891668     0.115033      1002.56
0.165     0.891668     0.118334      940.442
0.165     0.891668     0.121475      843.617
0.165     0.891668     0.124473      717.878
0.165     0.891668     0.127339      580.158
0.165     0.891668     0.130085      442.472
0.165     0.891668     0.132721      512.399
0.165     0.891668     0.135254      330.045
0.165     0.891668     0.137693      224.649
0.165     0.891668     0.140045      182.312
0.165     0.891668     0.142315      132.466
0.165     0.891668     0.144508      103.508
0.165     0.891668     0.146631      85.9374
0.165     0.891668     0.148687      68.9034
0.165     0.891668     0.15068      0
0.165     0.914898     0      0
0.165     0.914898     0.017169      7.35942
0.165     0.914898     0.0307568      28.321
0.165     0.914898     0.0420026      59.9769
0.165     0.914898     0.0515962      104.519
0.165     0.914898     0.0599616      179.678
0.165     0.914898     0.0673778      273.796
0.165     0.914898     0.0740384      371.208
0.165     0.914898     0.0800832      502.227
0.165     0.914898     0.0856166      649.24
0.165     0.914898     0.0907184      790.124
0.165     0.914898     0.095451      896.537
0.165     0.914898     0.0998644      968.981
0.165     0.914898     0.103999      1017.62
0.165     0.914898     0.107887      1036.71
0.165     0.914898     0.111558      1034.19
0.165     0.914898     0.115033      1006.46
0.165     0.914898     0.118334      944.157
0.165     0.914898     0.121475      841.77
0.165     0.914898     0.124473      719.788
0.165     0.914898     0.127339      583.759
0.165     0.914898     0.130085      441.548
0.165     0.914898     0.132721      501.49
0.165     0.914898     0.135254      319.24
0.165     0.914898     0.137693      214.224
0.165     0.914898     0.140045      182.641
0.165     0.914898     0.142315      127.686
0.165     0.914898     0.144508      97.1474
0.165     0.914898     0.146631      93.7176
0.165     0.914898     0.148687      83.4548
0.165     0.914898     0.15068      0
0.165     0.937291     0      0
0.165     0.937291     0.017169      7.19772
0.165     0.937291     0.0307568      27.7278
0.165     0.937291     0.0420026      58.5845
0.165     0.937291     0.0515962      101.975
0.165     0.937291     0.0599616      175.747
0.165     0.937291     0.0673778      268.964
0.165     0.937291     0.0740384      365.697
0.165     0.937291     0.0800832      498.151
0.165     0.937291     0.0856166      645.702
0.165     0.937291     0.0907184      786.695
0.165     0.937291     0.095451      896.649
0.165     0.937291     0.0998644      974.361
0.165     0.937291     0.103999      1022.17
0.165     0.937291     0.107887      1041.1
0.165     0.937291     0.111558      1038.52
0.165     0.937291     0.115033      1009.43
0.165     0.937291     0.118334      946.518
0.165     0.937291     0.121475      839.518
0.165     0.937291     0.124473      721.949
0.165     0.937291     0.127339      587.624
0.165     0.937291     0.130085      443.087
0.165     0.937291     0.132721      482.117
0.165     0.937291     0.135254      308.047
0.165     0.937291     0.137693      205.858
0.165     0.937291     0.140045      177.611
0.165     0.937291     0.142315      123.871
0.165     0.937291     0.144508      86.8009
0.165     0.937291     0.146631      97.7165
0.165     0.937291     0.148687      92.9342
0.165     0.937291     0.15068      0
0.165     0.958905     0      0
0.165     0.958905     0.017169      7.04051
0.165     0.958905     0.0307568      27.1512
0.165     0.958905     0.0420026      57.2599
0.165     0.958905     0.0515962      99.3354
0.165     0.958905     0.0599616      171.748
0.165     0.958905     0.0673778      264.058
0.165     0.958905     0.0740384      360.908
0.165     0.958905     0.0800832      493.937
0.165     0.958905     0.0856166      641.457
0.165     0.958905     0.0907184      782.645
0.165     0.958905     0.095451      898.289
0.165     0.958905     0.0998644      979.209
0.165     0.958905     0.103999      1026.86
0.165     0.958905     0.107887      1047.59
0.165     0.958905     0.111558      1041.96
0.165     0.958905     0.115033      1011.28
0.165     0.958905     0.118334      947.101
0.165     0.958905     0.121475      840.402
0.165     0.958905     0.124473      722.592
0.165     0.958905     0.127339      591.828
0.165     0.958905     0.130085      445.796
0.165     0.958905     0.132721      457.727
0.165     0.958905     0.135254      289.126
0.165     0.958905     0.137693      191.877
0.165     0.958905     0.140045      165.675
0.165     0.958905     0.142315      121.172
0.165     0.958905     0.144508      72.3933
0.165     0.958905     0.146631      90.2913
0.165     0.958905     0.148687      109.173
0.165     0.958905     0.15068      0
0.165     0.979792     0      0
0.165     0.979792     0.017169      6.8869
0.165     0.979792     0.0307568      26.6033
0.165     0.979792     0.0420026      56.0697
0.165     0.979792     0.0515962      96.8219
0.165     0.979792     0.0599616      167.639
0.165     0.979792     0.0673778      258.824
0.165     0.979792     0.0740384      357.746
0.165     0.979792     0.0800832      489.224
0.165     0.979792     0.0856166      635.97
0.165     0.979792     0.0907184      779.893
0.165     0.979792     0.095451      900.407
0.165     0.979792     0.0998644      982.687
0.165     0.979792     0.103999      1031.71
0.165     0.979792     0.107887      1053.15
0.165     0.979792     0.111558      1045.61
0.165     0.979792     0.115033      1011.99
0.165     0.979792     0.118334      946.216
0.165     0.979792     0.121475      840.044
0.165     0.979792     0.124473      723.981
0.165     0.979792     0.127339      595.438
0.165     0.979792     0.130085      450.708
0.165     0.979792     0.132721      425.199
0.165     0.979792     0.135254      268.657
0.165     0.979792     0.137693      171.241
0.165     0.979792     0.140045      147.129
0.165     0.979792     0.142315      109.534
0.165     0.979792     0.144508      55.0242
0.165     0.979792     0.146631      67.4336
0.165     0.979792     0.148687      131.787
0.165     0.979792     0.15068      0
0.165     1     0      0
0.165     1     0.017169      6.74033
0.165     1     0.0307568      26.078
0.165     1     0.0420026      55.0615
0.165     1     0.0515962      94.4023
0.165     1     0.0599616      162.148
0.165     1     0.0673778      254.967
0.165     1     0.0740384      355.786
0.165     1     0.0800832      483.021
0.165     1     0.0856166      627.741
0.165     1     0.0907184      779.847
0.165     1     0.095451      899.361
0.165     1     0.0998644      985.64
0.165     1     0.103999      1036.1
0.165     1     0.107887      1057.61
0.165     1     0.111558      1047.8
0.165     1     0.115033      1011.19
0.165     1     0.118334      943.506
0.165     1     0.121475      837.008
0.165     1     0.124473      722.837
0.165     1     0.127339      598.091
0.165     1     0.130085      456.029
0.165     1     0.132721      388.725
0.165     1     0.135254      243.995
0.165     1     0.137693      146.018
0.165     1     0.140045      119.526
0.165     1     0.142315      83.8861
0.165     1     0.144508      37.8226
0.165     1     0.146631      23.0414
0.165     1     0.148687      160.927
0.165     1     0.15068      0
