                0.65             -1.0000              0.0000              0.0000
          0.65000000             -1.0000              0.0738             45.2813
          0.65000000             -1.0000              0.1322            103.4097
          0.65000000             -1.0000              0.1805            134.0949
          0.65000000             -1.0000              0.2218            111.7592
          0.65000000             -1.0000              0.2577             86.7303
          0.65000000             -1.0000              0.2896             64.7756
          0.65000000             -1.0000              0.3182             41.2164
          0.65000000             -1.0000              0.3442             23.6323
          0.65000000             -1.0000              0.3680             12.8538
          0.65000000             -1.0000              0.3899              6.0785
          0.65000000             -1.0000              0.4102              2.4566
          0.65000000             -1.0000              0.4292              0.6226
          0.65000000             -1.0000              0.4470              0.0000
          0.65000000             -1.0000              0.4637              0.0000
          0.65000000             -1.0000              0.4795              0.0000
          0.65000000             -1.0000              0.4944              0.0000
          0.65000000             -1.0000              0.5086              0.0000
          0.65000000             -1.0000              0.5221              0.0000
          0.65000000             -1.0000              0.5350              0.0000
          0.65000000             -1.0000              0.5473              0.0000
          0.65000000             -1.0000              0.5591              0.0000
          0.65000000             -1.0000              0.5704              0.0000
          0.65000000             -1.0000              0.5813              0.0000
          0.65000000             -1.0000              0.5918              0.0000
          0.65000000             -1.0000              0.6019              0.0000
          0.65000000             -1.0000              0.6117              0.0000
          0.65000000             -1.0000              0.6211              0.0000
          0.65000000             -1.0000              0.6302              0.0000
          0.65000000             -1.0000              0.6390              0.0000
          0.65000000             -1.0000              0.6476              0.0000
          0.65000000             -0.6348              0.0000              0.0000
          0.65000000             -0.6348              0.0738             51.0455
          0.65000000             -0.6348              0.1322            114.8110
          0.65000000             -0.6348              0.1805            164.1992
          0.65000000             -0.6348              0.2218            166.8247
          0.65000000             -0.6348              0.2577            153.3685
          0.65000000             -0.6348              0.2896            136.3312
          0.65000000             -0.6348              0.3182            112.0635
          0.65000000             -0.6348              0.3442             87.3455
          0.65000000             -0.6348              0.3680             64.2830
          0.65000000             -0.6348              0.3899             45.7825
          0.65000000             -0.6348              0.4102             30.6833
          0.65000000             -0.6348              0.4292             19.3659
          0.65000000             -0.6348              0.4470             11.7241
          0.65000000             -0.6348              0.4637              6.8509
          0.65000000             -0.6348              0.4795              3.7588
          0.65000000             -0.6348              0.4944              2.1426
          0.65000000             -0.6348              0.5086              1.1724
          0.65000000             -0.6348              0.5221              0.6206
          0.65000000             -0.6348              0.5350              0.2994
          0.65000000             -0.6348              0.5473              0.1302
          0.65000000             -0.6348              0.5591              0.0475
          0.65000000             -0.6348              0.5704              0.0153
          0.65000000             -0.6348              0.5813              0.0032
          0.65000000             -0.6348              0.5918              0.0001
          0.65000000             -0.6348              0.6019              0.0000
          0.65000000             -0.6348              0.6117              0.0000
          0.65000000             -0.6348              0.6211              0.0000
          0.65000000             -0.6348              0.6302              0.0000
          0.65000000             -0.6348              0.6390              0.0000
          0.65000000             -0.6348              0.6476              0.0000
          0.65000000             -0.4063              0.0000              0.0000
          0.65000000             -0.4063              0.0738             54.5418
          0.65000000             -0.4063              0.1322            130.7719
          0.65000000             -0.4063              0.1805            190.0086
          0.65000000             -0.4063              0.2218            210.4918
          0.65000000             -0.4063              0.2577            211.4019
          0.65000000             -0.4063              0.2896            206.9259
          0.65000000             -0.4063              0.3182            186.0902
          0.65000000             -0.4063              0.3442            163.8337
          0.65000000             -0.4063              0.3680            134.4974
          0.65000000             -0.4063              0.3899            105.1494
          0.65000000             -0.4063              0.4102             80.7508
          0.65000000             -0.4063              0.4292             59.4279
          0.65000000             -0.4063              0.4470             40.9313
          0.65000000             -0.4063              0.4637             26.9595
          0.65000000             -0.4063              0.4795             17.1149
          0.65000000             -0.4063              0.4944             10.7178
          0.65000000             -0.4063              0.5086              6.6772
          0.65000000             -0.4063              0.5221              4.1606
          0.65000000             -0.4063              0.5350              2.5610
          0.65000000             -0.4063              0.5473              1.5139
          0.65000000             -0.4063              0.5591              0.8339
          0.65000000             -0.4063              0.5704              0.4058
          0.65000000             -0.4063              0.5813              0.1691
          0.65000000             -0.4063              0.5918              0.0496
          0.65000000             -0.4063              0.6019              0.0063
          0.65000000             -0.4063              0.6117              0.0000
          0.65000000             -0.4063              0.6211              0.0000
          0.65000000             -0.4063              0.6302              0.0000
          0.65000000             -0.4063              0.6390              0.0000
          0.65000000             -0.4063              0.6476              0.0000
          0.65000000             -0.2396              0.0000              0.0000
          0.65000000             -0.2396              0.0738             57.1834
          0.65000000             -0.2396              0.1322            147.5976
          0.65000000             -0.2396              0.1805            218.0516
          0.65000000             -0.2396              0.2218            248.8502
          0.65000000             -0.2396              0.2577            258.2512
          0.65000000             -0.2396              0.2896            273.3440
          0.65000000             -0.2396              0.3182            259.2147
          0.65000000             -0.2396              0.3442            247.9617
          0.65000000             -0.2396              0.3680            218.9153
          0.65000000             -0.2396              0.3899            182.4472
          0.65000000             -0.2396              0.4102            147.8260
          0.65000000             -0.2396              0.4292            117.6434
          0.65000000             -0.2396              0.4470             89.7858
          0.65000000             -0.2396              0.4637             63.7874
          0.65000000             -0.2396              0.4795             43.4830
          0.65000000             -0.2396              0.4944             29.0957
          0.65000000             -0.2396              0.5086             19.2403
          0.65000000             -0.2396              0.5221             12.3595
          0.65000000             -0.2396              0.5350              7.9620
          0.65000000             -0.2396              0.5473              5.0927
          0.65000000             -0.2396              0.5591              3.2270
          0.65000000             -0.2396              0.5704              1.9247
          0.65000000             -0.2396              0.5813              1.0742
          0.65000000             -0.2396              0.5918              0.5217
          0.65000000             -0.2396              0.6019              0.2059
          0.65000000             -0.2396              0.6117              0.0493
          0.65000000             -0.2396              0.6211              0.0027
          0.65000000             -0.2396              0.6302              0.0000
          0.65000000             -0.2396              0.6390              0.0000
          0.65000000             -0.2396              0.6476              0.0000
          0.65000000             -0.1083              0.0000              0.0000
          0.65000000             -0.1083              0.0738             59.5099
          0.65000000             -0.1083              0.1322            164.9747
          0.65000000             -0.1083              0.1805            250.3784
          0.65000000             -0.1083              0.2218            289.8653
          0.65000000             -0.1083              0.2577            307.7655
          0.65000000             -0.1083              0.2896            321.2666
          0.65000000             -0.1083              0.3182            327.5023
          0.65000000             -0.1083              0.3442            333.6151
          0.65000000             -0.1083              0.3680            310.1059
          0.65000000             -0.1083              0.3899            278.6811
          0.65000000             -0.1083              0.4102            232.4677
          0.65000000             -0.1083              0.4292            194.7356
          0.65000000             -0.1083              0.4470            155.3227
          0.65000000             -0.1083              0.4637            120.8831
          0.65000000             -0.1083              0.4795             87.4030
          0.65000000             -0.1083              0.4944             60.4262
          0.65000000             -0.1083              0.5086             41.0269
          0.65000000             -0.1083              0.5221             27.6062
          0.65000000             -0.1083              0.5350             18.0948
          0.65000000             -0.1083              0.5473             11.6261
          0.65000000             -0.1083              0.5591              7.6177
          0.65000000             -0.1083              0.5704              4.9658
          0.65000000             -0.1083              0.5813              3.0919
          0.65000000             -0.1083              0.5918              1.8035
          0.65000000             -0.1083              0.6019              0.9426
          0.65000000             -0.1083              0.6117              0.4093
          0.65000000             -0.1083              0.6211              0.1271
          0.65000000             -0.1083              0.6302              0.0178
          0.65000000             -0.1083              0.6390              0.0000
          0.65000000             -0.1083              0.6476              0.0000
          0.65000000             -0.0000              0.0000              0.0000
          0.65000000             -0.0000              0.0738             61.3916
          0.65000000             -0.0000              0.1322            180.8287
          0.65000000             -0.0000              0.1805            284.2912
          0.65000000             -0.0000              0.2218            334.4024
          0.65000000             -0.0000              0.2577            355.6517
          0.65000000             -0.0000              0.2896            363.1101
          0.65000000             -0.0000              0.3182            393.6262
          0.65000000             -0.0000              0.3442            412.8774
          0.65000000             -0.0000              0.3680            407.5560
          0.65000000             -0.0000              0.3899            383.1694
          0.65000000             -0.0000              0.4102            342.5543
          0.65000000             -0.0000              0.4292            290.5878
          0.65000000             -0.0000              0.4470            243.6005
          0.65000000             -0.0000              0.4637            194.1865
          0.65000000             -0.0000              0.4795            151.4121
          0.65000000             -0.0000              0.4944            110.3494
          0.65000000             -0.0000              0.5086             76.3981
          0.65000000             -0.0000              0.5221             51.7151
          0.65000000             -0.0000              0.5350             34.1320
          0.65000000             -0.0000              0.5473             22.4770
          0.65000000             -0.0000              0.5591             14.4916
          0.65000000             -0.0000              0.5704              9.4814
          0.65000000             -0.0000              0.5813              6.1199
          0.65000000             -0.0000              0.5918              3.7988
          0.65000000             -0.0000              0.6019              2.1711
          0.65000000             -0.0000              0.6117              1.1152
          0.65000000             -0.0000              0.6211              0.4805
          0.65000000             -0.0000              0.6302              0.1450
          0.65000000             -0.0000              0.6390              0.0189
          0.65000000             -0.0000              0.6476              0.0000
          0.65000000              0.0922              0.0000              0.0000
          0.65000000              0.0922              0.0738             62.8760
          0.65000000              0.0922              0.1322            194.9678
          0.65000000              0.0922              0.1805            318.2944
          0.65000000              0.0922              0.2218            383.9220
          0.65000000              0.0922              0.2577            408.5702
          0.65000000              0.0922              0.2896            411.7484
          0.65000000              0.0922              0.3182            442.1976
          0.65000000              0.0922              0.3442            498.5858
          0.65000000              0.0922              0.3680            502.9072
          0.65000000              0.0922              0.3899            496.3926
          0.65000000              0.0922              0.4102            461.2838
          0.65000000              0.0922              0.4292            420.9720
          0.65000000              0.0922              0.4470            349.8535
          0.65000000              0.0922              0.4637            294.8332
          0.65000000              0.0922              0.4795            234.3914
          0.65000000              0.0922              0.4944            181.5705
          0.65000000              0.0922              0.5086            130.9269
          0.65000000              0.0922              0.5221             90.1511
          0.65000000              0.0922              0.5350             60.0103
          0.65000000              0.0922              0.5473             39.3686
          0.65000000              0.0922              0.5591             25.3425
          0.65000000              0.0922              0.5704             16.4233
          0.65000000              0.0922              0.5813             10.4147
          0.65000000              0.0922              0.5918              6.4980
          0.65000000              0.0922              0.6019              3.8159
          0.65000000              0.0922              0.6117              2.0007
          0.65000000              0.0922              0.6211              0.8736
          0.65000000              0.0922              0.6302              0.2605
          0.65000000              0.0922              0.6390              0.0295
          0.65000000              0.0922              0.6476              0.0000
          0.65000000              0.1725              0.0000              0.0000
          0.65000000              0.1725              0.0738             64.0433
          0.65000000              0.1725              0.1322            207.9632
          0.65000000              0.1725              0.1805            351.6982
          0.65000000              0.1725              0.2218            436.8985
          0.65000000              0.1725              0.2577            464.3924
          0.65000000              0.1725              0.2896            465.5081
          0.65000000              0.1725              0.3182            491.6533
          0.65000000              0.1725              0.3442            579.6661
          0.65000000              0.1725              0.3680            604.7389
          0.65000000              0.1725              0.3899            613.2695
          0.65000000              0.1725              0.4102            585.7008
          0.65000000              0.1725              0.4292            566.9130
          0.65000000              0.1725              0.4470            503.0418
          0.65000000              0.1725              0.4637            412.5219
          0.65000000              0.1725              0.4795            346.6976
          0.65000000              0.1725              0.4944            273.5765
          0.65000000              0.1725              0.5086            209.1141
          0.65000000              0.1725              0.5221            149.0691
          0.65000000              0.1725              0.5350            101.1049
          0.65000000              0.1725              0.5473             65.0068
          0.65000000              0.1725              0.5591             42.1352
          0.65000000              0.1725              0.5704             27.2401
          0.65000000              0.1725              0.5813             16.9766
          0.65000000              0.1725              0.5918             10.4869
          0.65000000              0.1725              0.6019              6.0906
          0.65000000              0.1725              0.6117              3.2529
          0.65000000              0.1725              0.6211              1.4317
          0.65000000              0.1725              0.6302              0.4208
          0.65000000              0.1725              0.6390              0.0465
          0.65000000              0.1725              0.6476              0.0000
          0.65000000              0.2436              0.0000              0.0000
          0.65000000              0.2436              0.0738             65.0059
          0.65000000              0.2436              0.1322            220.1698
          0.65000000              0.2436              0.1805            385.3235
          0.65000000              0.2436              0.2218            493.9419
          0.65000000              0.2436              0.2577            531.9638
          0.65000000              0.2436              0.2896            524.8488
          0.65000000              0.2436              0.3182            553.6143
          0.65000000              0.2436              0.3442            642.1037
          0.65000000              0.2436              0.3680            712.2157
          0.65000000              0.2436              0.3899            735.8793
          0.65000000              0.2436              0.4102            723.8927
          0.65000000              0.2436              0.4292            721.2495
          0.65000000              0.2436              0.4470            679.2704
          0.65000000              0.2436              0.4637            587.6491
          0.65000000              0.2436              0.4795            480.0759
          0.65000000              0.2436              0.4944            395.7106
          0.65000000              0.2436              0.5086            308.0888
          0.65000000              0.2436              0.5221            232.0818
          0.65000000              0.2436              0.5350            164.2088
          0.65000000              0.2436              0.5473            107.1510
          0.65000000              0.2436              0.5591             67.5274
          0.65000000              0.2436              0.5704             43.2268
          0.65000000              0.2436              0.5813             27.0334
          0.65000000              0.2436              0.5918             16.4145
          0.65000000              0.2436              0.6019              9.3808
          0.65000000              0.2436              0.6117              4.8939
          0.65000000              0.2436              0.6211              2.1923
          0.65000000              0.2436              0.6302              0.6996
          0.65000000              0.2436              0.6390              0.0897
          0.65000000              0.2436              0.6476              0.0000
          0.65000000              0.3074              0.0000              0.0000
          0.65000000              0.3074              0.0738             65.9849
          0.65000000              0.3074              0.1322            231.2147
          0.65000000              0.3074              0.1805            419.5697
          0.65000000              0.3074              0.2218            554.4233
          0.65000000              0.3074              0.2577            607.5920
          0.65000000              0.3074              0.2896            597.8699
          0.65000000              0.3074              0.3182            615.7091
          0.65000000              0.3074              0.3442            705.8491
          0.65000000              0.3074              0.3680            810.3668
          0.65000000              0.3074              0.3899            855.9239
          0.65000000              0.3074              0.4102            868.8912
          0.65000000              0.3074              0.4292            901.2731
          0.65000000              0.3074              0.4470            867.7901
          0.65000000              0.3074              0.4637            789.7522
          0.65000000              0.3074              0.4795            674.4455
          0.65000000              0.3074              0.4944            547.6270
          0.65000000              0.3074              0.5086            437.2356
          0.65000000              0.3074              0.5221            339.3315
          0.65000000              0.3074              0.5350            252.5389
          0.65000000              0.3074              0.5473            171.5723
          0.65000000              0.3074              0.5591            110.0208
          0.65000000              0.3074              0.5704             67.4637
          0.65000000              0.3074              0.5813             41.4671
          0.65000000              0.3074              0.5918             25.2622
          0.65000000              0.3074              0.6019             14.1124
          0.65000000              0.3074              0.6117              7.1386
          0.65000000              0.3074              0.6211              3.0283
          0.65000000              0.3074              0.6302              0.9230
          0.65000000              0.3074              0.6390              0.1137
          0.65000000              0.3074              0.6476              0.0000
          0.65000000              0.3652              0.0000              0.0000
          0.65000000              0.3652              0.0738             66.8276
          0.65000000              0.3652              0.1322            241.5789
          0.65000000              0.3652              0.1805            454.3324
          0.65000000              0.3652              0.2218            614.9925
          0.65000000              0.3652              0.2577            689.8948
          0.65000000              0.3652              0.2896            678.6292
          0.65000000              0.3652              0.3182            678.0610
          0.65000000              0.3652              0.3442            785.1664
          0.65000000              0.3652              0.3680            881.8997
          0.65000000              0.3652              0.3899            987.5787
          0.65000000              0.3652              0.4102           1029.9009
          0.65000000              0.3652              0.4292           1080.9129
          0.65000000              0.3652              0.4470           1061.4650
          0.65000000              0.3652              0.4637           1006.6283
          0.65000000              0.3652              0.4795            909.8364
          0.65000000              0.3652              0.4944            751.9035
          0.65000000              0.3652              0.5086            602.6676
          0.65000000              0.3652              0.5221            478.5585
          0.65000000              0.3652              0.5350            370.5670
          0.65000000              0.3652              0.5473            262.0746
          0.65000000              0.3652              0.5591            176.3607
          0.65000000              0.3652              0.5704            108.4801
          0.65000000              0.3652              0.5813             63.5705
          0.65000000              0.3652              0.5918             38.2989
          0.65000000              0.3652              0.6019             21.5466
          0.65000000              0.3652              0.6117             10.7559
          0.65000000              0.3652              0.6211              4.3442
          0.65000000              0.3652              0.6302              1.1963
          0.65000000              0.3652              0.6390              0.1392
          0.65000000              0.3652              0.6476              0.0000
          0.65000000              0.4181              0.0000              0.0000
          0.65000000              0.4181              0.0738             67.5545
          0.65000000              0.4181              0.1322            250.8908
          0.65000000              0.4181              0.1805            488.6347
          0.65000000              0.4181              0.2218            680.4334
          0.65000000              0.4181              0.2577            778.9762
          0.65000000              0.4181              0.2896            771.0033
          0.65000000              0.4181              0.3182            754.7831
          0.65000000              0.4181              0.3442            865.3715
          0.65000000              0.4181              0.3680            957.4213
          0.65000000              0.4181              0.3899           1099.4788
          0.65000000              0.4181              0.4102           1188.4475
          0.65000000              0.4181              0.4292           1272.0374
          0.65000000              0.4181              0.4470           1284.8366
          0.65000000              0.4181              0.4637           1251.2269
          0.65000000              0.4181              0.4795           1168.9972
          0.65000000              0.4181              0.4944           1018.5778
          0.65000000              0.4181              0.5086            807.0239
          0.65000000              0.4181              0.5221            658.5909
          0.65000000              0.4181              0.5350            521.7388
          0.65000000              0.4181              0.5473            384.5900
          0.65000000              0.4181              0.5591            269.9786
          0.65000000              0.4181              0.5704            175.5039
          0.65000000              0.4181              0.5813            102.4297
          0.65000000              0.4181              0.5918             57.8219
          0.65000000              0.4181              0.6019             32.5618
          0.65000000              0.4181              0.6117             16.5701
          0.65000000              0.4181              0.6211              6.8961
          0.65000000              0.4181              0.6302              1.9625
          0.65000000              0.4181              0.6390              0.2089
          0.65000000              0.4181              0.6476              0.0000
          0.65000000              0.4669              0.0000              0.0000
          0.65000000              0.4669              0.0738             68.1669
          0.65000000              0.4669              0.1322            259.2808
          0.65000000              0.4669              0.1805            520.8902
          0.65000000              0.4669              0.2218            750.1845
          0.65000000              0.4669              0.2577            880.3737
          0.65000000              0.4669              0.2896            877.2864
          0.65000000              0.4669              0.3182            842.4251
          0.65000000              0.4669              0.3442            928.8294
          0.65000000              0.4669              0.3680           1064.8198
          0.65000000              0.4669              0.3899           1178.2273
          0.65000000              0.4669              0.4102           1338.7943
          0.65000000              0.4669              0.4292           1478.4198
          0.65000000              0.4669              0.4470           1529.4794
          0.65000000              0.4669              0.4637           1533.9382
          0.65000000              0.4669              0.4795           1444.3771
          0.65000000              0.4669              0.4944           1307.5771
          0.65000000              0.4669              0.5086           1092.1460
          0.65000000              0.4669              0.5221            874.6800
          0.65000000              0.4669              0.5350            718.4915
          0.65000000              0.4669              0.5473            540.0762
          0.65000000              0.4669              0.5591            397.9783
          0.65000000              0.4669              0.5704            270.7803
          0.65000000              0.4669              0.5813            167.1719
          0.65000000              0.4669              0.5918             92.3520
          0.65000000              0.4669              0.6019             47.9304
          0.65000000              0.4669              0.6117             24.2419
          0.65000000              0.4669              0.6211             10.4900
          0.65000000              0.4669              0.6302              3.2881
          0.65000000              0.4669              0.6390              0.4473
          0.65000000              0.4669              0.6476              0.0000
          0.65000000              0.5121              0.0000              0.0000
          0.65000000              0.5121              0.0738             68.7165
          0.65000000              0.5121              0.1322            266.8638
          0.65000000              0.5121              0.1805            552.3982
          0.65000000              0.5121              0.2218            821.6013
          0.65000000              0.5121              0.2577            990.9778
          0.65000000              0.5121              0.2896            994.1471
          0.65000000              0.5121              0.3182            948.3735
          0.65000000              0.5121              0.3442           1000.8498
          0.65000000              0.5121              0.3680           1159.8602
          0.65000000              0.5121              0.3899           1275.8022
          0.65000000              0.5121              0.4102           1459.4374
          0.65000000              0.5121              0.4292           1689.4185
          0.65000000              0.5121              0.4470           1778.7137
          0.65000000              0.5121              0.4637           1799.8477
          0.65000000              0.5121              0.4795           1740.0451
          0.65000000              0.5121              0.4944           1610.6937
          0.65000000              0.5121              0.5086           1415.2791
          0.65000000              0.5121              0.5221           1183.4965
          0.65000000              0.5121              0.5350            955.0140
          0.65000000              0.5121              0.5473            742.9234
          0.65000000              0.5121              0.5591            563.7528
          0.65000000              0.5121              0.5704            402.6937
          0.65000000              0.5121              0.5813            262.0532
          0.65000000              0.5121              0.5918            151.6379
          0.65000000              0.5121              0.6019             74.8609
          0.65000000              0.5121              0.6117             33.7980
          0.65000000              0.5121              0.6211             14.4965
          0.65000000              0.5121              0.6302              4.5196
          0.65000000              0.5121              0.6390              0.5912
          0.65000000              0.5121              0.6476              0.0000
          0.65000000              0.5542              0.0000              0.0000
          0.65000000              0.5542              0.0738             69.1833
          0.65000000              0.5542              0.1322            273.9607
          0.65000000              0.5542              0.1805            582.4255
          0.65000000              0.5542              0.2218            892.1236
          0.65000000              0.5542              0.2577           1106.6856
          0.65000000              0.5542              0.2896           1129.1904
          0.65000000              0.5542              0.3182           1071.0257
          0.65000000              0.5542              0.3442           1094.4570
          0.65000000              0.5542              0.3680           1220.8215
          0.65000000              0.5542              0.3899           1404.8330
          0.65000000              0.5542              0.4102           1558.0299
          0.65000000              0.5542              0.4292           1922.0134
          0.65000000              0.5542              0.4470           2024.4469
          0.65000000              0.5542              0.4637           2097.7601
          0.65000000              0.5542              0.4795           2077.2648
          0.65000000              0.5542              0.4944           1956.9802
          0.65000000              0.5542              0.5086           1767.3824
          0.65000000              0.5542              0.5221           1563.5026
          0.65000000              0.5542              0.5350           1292.4558
          0.65000000              0.5542              0.5473            990.4186
          0.65000000              0.5542              0.5591            776.9043
          0.65000000              0.5542              0.5704            577.0003
          0.65000000              0.5542              0.5813            395.3783
          0.65000000              0.5542              0.5918            242.6307
          0.65000000              0.5542              0.6019            125.5572
          0.65000000              0.5542              0.6117             51.6642
          0.65000000              0.5542              0.6211             19.5224
          0.65000000              0.5542              0.6302              5.9676
          0.65000000              0.5542              0.6390              0.7842
          0.65000000              0.5542              0.6476              0.0000
          0.65000000              0.5937              0.0000              0.0000
          0.65000000              0.5937              0.0738             69.5738
          0.65000000              0.5937              0.1322            280.6640
          0.65000000              0.5937              0.1805            610.3822
          0.65000000              0.5937              0.2218            962.3236
          0.65000000              0.5937              0.2577           1229.6279
          0.65000000              0.5937              0.2896           1282.0326
          0.65000000              0.5937              0.3182           1214.7696
          0.65000000              0.5937              0.3442           1204.4692
          0.65000000              0.5937              0.3680           1290.0570
          0.65000000              0.5937              0.3899           1509.9009
          0.65000000              0.5937              0.4102           1680.3391
          0.65000000              0.5937              0.4292           2043.6990
          0.65000000              0.5937              0.4470           2324.8371
          0.65000000              0.5937              0.4637           2423.6083
          0.65000000              0.5937              0.4795           2475.0939
          0.65000000              0.5937              0.4944           2328.5241
          0.65000000              0.5937              0.5086           2130.9820
          0.65000000              0.5937              0.5221           1982.4734
          0.65000000              0.5937              0.5350           1715.5871
          0.65000000              0.5937              0.5473           1322.6800
          0.65000000              0.5937              0.5591           1044.8728
          0.65000000              0.5937              0.5704            799.3139
          0.65000000              0.5937              0.5813            581.7415
          0.65000000              0.5937              0.5918            374.3100
          0.65000000              0.5937              0.6019            205.9018
          0.65000000              0.5937              0.6117             89.8391
          0.65000000              0.5937              0.6211             28.6966
          0.65000000              0.5937              0.6302              7.7895
          0.65000000              0.5937              0.6390              1.0212
          0.65000000              0.5937              0.6476              0.0000
          0.65000000              0.6308              0.0000              0.0000
          0.65000000              0.6308              0.0738             69.9278
          0.65000000              0.6308              0.1322            286.6711
          0.65000000              0.6308              0.1805            636.8907
          0.65000000              0.6308              0.2218           1031.7896
          0.65000000              0.6308              0.2577           1356.9145
          0.65000000              0.6308              0.2896           1446.5537
          0.65000000              0.6308              0.3182           1374.8296
          0.65000000              0.6308              0.3442           1342.1888
          0.65000000              0.6308              0.3680           1377.8317
          0.65000000              0.6308              0.3899           1573.6934
          0.65000000              0.6308              0.4102           1828.3853
          0.65000000              0.6308              0.4292           2171.3799
          0.65000000              0.6308              0.4470           2607.3104
          0.65000000              0.6308              0.4637           2784.5089
          0.65000000              0.6308              0.4795           2843.4068
          0.65000000              0.6308              0.4944           2736.3797
          0.65000000              0.6308              0.5086           2518.2058
          0.65000000              0.6308              0.5221           2420.5948
          0.65000000              0.6308              0.5350           2193.7201
          0.65000000              0.6308              0.5473           1773.2587
          0.65000000              0.6308              0.5591           1385.2581
          0.65000000              0.6308              0.5704           1080.5821
          0.65000000              0.6308              0.5813            843.3827
          0.65000000              0.6308              0.5918            557.3003
          0.65000000              0.6308              0.6019            329.2846
          0.65000000              0.6308              0.6117            157.4551
          0.65000000              0.6308              0.6211             54.2920
          0.65000000              0.6308              0.6302             10.6943
          0.65000000              0.6308              0.6390              1.3121
          0.65000000              0.6308              0.6476              0.0000
          0.65000000              0.6658              0.0000              0.0000
          0.65000000              0.6658              0.0738             70.2524
          0.65000000              0.6658              0.1322            292.0667
          0.65000000              0.6658              0.1805            661.8535
          0.65000000              0.6658              0.2218           1099.8073
          0.65000000              0.6658              0.2577           1485.9434
          0.65000000              0.6658              0.2896           1625.2906
          0.65000000              0.6658              0.3182           1564.5667
          0.65000000              0.6658              0.3442           1496.0830
          0.65000000              0.6658              0.3680           1501.7703
          0.65000000              0.6658              0.3899           1651.0157
          0.65000000              0.6658              0.4102           1940.0459
          0.65000000              0.6658              0.4292           2323.4762
          0.65000000              0.6658              0.4470           2749.6577
          0.65000000              0.6658              0.4637           3193.1967
          0.65000000              0.6658              0.4795           3279.4334
          0.65000000              0.6658              0.4944           3192.6712
          0.65000000              0.6658              0.5086           2988.6408
          0.65000000              0.6658              0.5221           2921.0172
          0.65000000              0.6658              0.5350           2747.0102
          0.65000000              0.6658              0.5473           2310.1948
          0.65000000              0.6658              0.5591           1874.0257
          0.65000000              0.6658              0.5704           1429.6855
          0.65000000              0.6658              0.5813           1195.3920
          0.65000000              0.6658              0.5918            806.9840
          0.65000000              0.6658              0.6019            505.7134
          0.65000000              0.6658              0.6117            265.4560
          0.65000000              0.6658              0.6211            106.3494
          0.65000000              0.6658              0.6302             23.4939
          0.65000000              0.6658              0.6390              1.8315
          0.65000000              0.6658              0.6476              0.0000
          0.65000000              0.6990              0.0000              0.0000
          0.65000000              0.6990              0.0738             70.5278
          0.65000000              0.6990              0.1322            296.8563
          0.65000000              0.6990              0.1805            685.0196
          0.65000000              0.6990              0.2218           1167.6658
          0.65000000              0.6990              0.2577           1615.5840
          0.65000000              0.6990              0.2896           1819.6727
          0.65000000              0.6990              0.3182           1777.6986
          0.65000000              0.6990              0.3442           1674.7471
          0.65000000              0.6990              0.3680           1651.3700
          0.65000000              0.6990              0.3899           1735.0552
          0.65000000              0.6990              0.4102           2017.2341
          0.65000000              0.6990              0.4292           2487.7292
          0.65000000              0.6990              0.4470           2904.6646
          0.65000000              0.6990              0.4637           3453.2611
          0.65000000              0.6990              0.4795           3776.5076
          0.65000000              0.6990              0.4944           3751.4290
          0.65000000              0.6990              0.5086           3506.2248
          0.65000000              0.6990              0.5221           3482.8146
          0.65000000              0.6990              0.5350           3352.3491
          0.65000000              0.6990              0.5473           2917.8186
          0.65000000              0.6990              0.5591           2481.3044
          0.65000000              0.6990              0.5704           1926.6783
          0.65000000              0.6990              0.5813           1650.8223
          0.65000000              0.6990              0.5918           1135.3283
          0.65000000              0.6990              0.6019            748.1193
          0.65000000              0.6990              0.6117            427.5189
          0.65000000              0.6990              0.6211            197.1291
          0.65000000              0.6990              0.6302             56.9575
          0.65000000              0.6990              0.6390              4.6089
          0.65000000              0.6990              0.6476              0.0000
          0.65000000              0.7304              0.0000              0.0000
          0.65000000              0.7304              0.0738             70.7410
          0.65000000              0.7304              0.1322            301.0682
          0.65000000              0.7304              0.1805            706.4816
          0.65000000              0.7304              0.2218           1233.6329
          0.65000000              0.7304              0.2577           1746.4093
          0.65000000              0.7304              0.2896           2025.2423
          0.65000000              0.7304              0.3182           2013.4513
          0.65000000              0.7304              0.3442           1886.6012
          0.65000000              0.7304              0.3680           1818.0673
          0.65000000              0.7304              0.3899           1869.2551
          0.65000000              0.7304              0.4102           2104.8906
          0.65000000              0.7304              0.4292           2606.2408
          0.65000000              0.7304              0.4470           3085.4870
          0.65000000              0.7304              0.4637           3643.3227
          0.65000000              0.7304              0.4795           4252.9991
          0.65000000              0.7304              0.4944           4329.0815
          0.65000000              0.7304              0.5086           4110.9034
          0.65000000              0.7304              0.5221           4112.4913
          0.65000000              0.7304              0.5350           4007.3108
          0.65000000              0.7304              0.5473           3562.8185
          0.65000000              0.7304              0.5591           3197.1291
          0.65000000              0.7304              0.5704           2594.4062
          0.65000000              0.7304              0.5813           2266.7711
          0.65000000              0.7304              0.5918           1553.4821
          0.65000000              0.7304              0.6019           1068.5139
          0.65000000              0.7304              0.6117            654.9879
          0.65000000              0.7304              0.6211            338.4842
          0.65000000              0.7304              0.6302            121.9407
          0.65000000              0.7304              0.6390             19.2337
          0.65000000              0.7304              0.6476              0.0000
          0.65000000              0.7604              0.0000              0.0000
          0.65000000              0.7604              0.0738             70.9447
          0.65000000              0.7604              0.1322            304.7098
          0.65000000              0.7604              0.1805            726.0697
          0.65000000              0.7604              0.2218           1296.1959
          0.65000000              0.7604              0.2577           1878.0881
          0.65000000              0.7604              0.2896           2241.9033
          0.65000000              0.7604              0.3182           2275.1430
          0.65000000              0.7604              0.3442           2138.3005
          0.65000000              0.7604              0.3680           2004.1461
          0.65000000              0.7604              0.3899           2022.7163
          0.65000000              0.7604              0.4102           2216.6494
          0.65000000              0.7604              0.4292           2693.5750
          0.65000000              0.7604              0.4470           3272.0956
          0.65000000              0.7604              0.4637           3845.5764
          0.65000000              0.7604              0.4795           4489.3556
          0.65000000              0.7604              0.4944           4941.7209
          0.65000000              0.7604              0.5086           4787.3238
          0.65000000              0.7604              0.5221           4901.8707
          0.65000000              0.7604              0.5350           4806.4867
          0.65000000              0.7604              0.5473           4322.1732
          0.65000000              0.7604              0.5591           4001.2863
          0.65000000              0.7604              0.5704           3417.3407
          0.65000000              0.7604              0.5813           3141.3823
          0.65000000              0.7604              0.5918           2096.8994
          0.65000000              0.7604              0.6019           1471.8402
          0.65000000              0.7604              0.6117            947.5109
          0.65000000              0.7604              0.6211            530.1338
          0.65000000              0.7604              0.6302            209.7268
          0.65000000              0.7604              0.6390             37.8346
          0.65000000              0.7604              0.6476              0.0000
          0.65000000              0.7889              0.0000              0.0000
          0.65000000              0.7889              0.0738             71.1160
          0.65000000              0.7889              0.1322            307.8839
          0.65000000              0.7889              0.1805            743.6271
          0.65000000              0.7889              0.2218           1355.4288
          0.65000000              0.7889              0.2577           2009.8408
          0.65000000              0.7889              0.2896           2465.4371
          0.65000000              0.7889              0.3182           2558.3153
          0.65000000              0.7889              0.3442           2424.2491
          0.65000000              0.7889              0.3680           2237.6197
          0.65000000              0.7889              0.3899           2206.3417
          0.65000000              0.7889              0.4102           2371.3647
          0.65000000              0.7889              0.4292           2795.1231
          0.65000000              0.7889              0.4470           3360.0253
          0.65000000              0.7889              0.4637           4129.7410
          0.65000000              0.7889              0.4795           4731.7708
          0.65000000              0.7889              0.4944           5311.2576
          0.65000000              0.7889              0.5086           5513.7240
          0.65000000              0.7889              0.5221           5804.3877
          0.65000000              0.7889              0.5350           5783.6936
          0.65000000              0.7889              0.5473           5201.9230
          0.65000000              0.7889              0.5591           4922.6554
          0.65000000              0.7889              0.5704           4372.3797
          0.65000000              0.7889              0.5813           4249.7222
          0.65000000              0.7889              0.5918           2911.2808
          0.65000000              0.7889              0.6019           1980.6764
          0.65000000              0.7889              0.6117           1318.9871
          0.65000000              0.7889              0.6211            791.7027
          0.65000000              0.7889              0.6302            319.9680
          0.65000000              0.7889              0.6390             57.6157
          0.65000000              0.7889              0.6476              0.0000
          0.65000000              0.8163              0.0000              0.0000
          0.65000000              0.8163              0.0738             71.2235
          0.65000000              0.8163              0.1322            310.6218
          0.65000000              0.8163              0.1805            759.1398
          0.65000000              0.8163              0.2218           1411.7736
          0.65000000              0.8163              0.2577           2140.9434
          0.65000000              0.8163              0.2896           2692.0935
          0.65000000              0.8163              0.3182           2868.8827
          0.65000000              0.8163              0.3442           2744.2260
          0.65000000              0.8163              0.3680           2517.2891
          0.65000000              0.8163              0.3899           2415.9097
          0.65000000              0.8163              0.4102           2546.1270
          0.65000000              0.8163              0.4292           2945.6092
          0.65000000              0.8163              0.4470           3470.3286
          0.65000000              0.8163              0.4637           4313.1386
          0.65000000              0.8163              0.4795           5092.2470
          0.65000000              0.8163              0.4944           5581.4372
          0.65000000              0.8163              0.5086           6044.8771
          0.65000000              0.8163              0.5221           6858.3667
          0.65000000              0.8163              0.5350           6865.9159
          0.65000000              0.8163              0.5473           6268.8619
          0.65000000              0.8163              0.5591           5958.0649
          0.65000000              0.8163              0.5704           5434.5234
          0.65000000              0.8163              0.5813           5603.2527
          0.65000000              0.8163              0.5918           4002.1836
          0.65000000              0.8163              0.6019           2738.5256
          0.65000000              0.8163              0.6117           1773.5555
          0.65000000              0.8163              0.6211           1150.2703
          0.65000000              0.8163              0.6302            480.2857
          0.65000000              0.8163              0.6390             79.9673
          0.65000000              0.8163              0.6476              0.0000
          0.65000000              0.8424              0.0000              0.0000
          0.65000000              0.8424              0.0738             71.2675
          0.65000000              0.8424              0.1322            313.6665
          0.65000000              0.8424              0.1805            772.5814
          0.65000000              0.8424              0.2218           1462.5387
          0.65000000              0.8424              0.2577           2269.7406
          0.65000000              0.8424              0.2896           2923.4812
          0.65000000              0.8424              0.3182           3202.6263
          0.65000000              0.8424              0.3442           3105.4340
          0.65000000              0.8424              0.3680           2836.4348
          0.65000000              0.8424              0.3899           2689.6522
          0.65000000              0.8424              0.4102           2736.6827
          0.65000000              0.8424              0.4292           3098.7322
          0.65000000              0.8424              0.4470           3601.8526
          0.65000000              0.8424              0.4637           4392.9763
          0.65000000              0.8424              0.4795           5420.3442
          0.65000000              0.8424              0.4944           5971.8278
          0.65000000              0.8424              0.5086           6331.8699
          0.65000000              0.8424              0.5221           7737.2916
          0.65000000              0.8424              0.5350           8265.1744
          0.65000000              0.8424              0.5473           7495.9071
          0.65000000              0.8424              0.5591           7287.1586
          0.65000000              0.8424              0.5704           6678.9834
          0.65000000              0.8424              0.5813           7116.5520
          0.65000000              0.8424              0.5918           5431.1246
          0.65000000              0.8424              0.6019           3796.3759
          0.65000000              0.8424              0.6117           2413.9010
          0.65000000              0.8424              0.6211           1616.6873
          0.65000000              0.8424              0.6302            730.2309
          0.65000000              0.8424              0.6390            112.0290
          0.65000000              0.8424              0.6476              0.0001
          0.65000000              0.8675              0.0000              0.0000
          0.65000000              0.8675              0.0738             71.2685
          0.65000000              0.8675              0.1322            316.2004
          0.65000000              0.8675              0.1805            784.4421
          0.65000000              0.8675              0.2218           1507.5682
          0.65000000              0.8675              0.2577           2394.6068
          0.65000000              0.8675              0.2896           3161.4669
          0.65000000              0.8675              0.3182           3555.8054
          0.65000000              0.8675              0.3442           3502.8905
          0.65000000              0.8675              0.3680           3208.5367
          0.65000000              0.8675              0.3899           2999.7985
          0.65000000              0.8675              0.4102           2991.9287
          0.65000000              0.8675              0.4292           3247.5779
          0.65000000              0.8675              0.4470           3747.7458
          0.65000000              0.8675              0.4637           4484.9043
          0.65000000              0.8675              0.4795           5499.4427
          0.65000000              0.8675              0.4944           6373.9085
          0.65000000              0.8675              0.5086           6782.2964
          0.65000000              0.8675              0.5221           8220.9768
          0.65000000              0.8675              0.5350           9508.9277
          0.65000000              0.8675              0.5473           9234.6040
          0.65000000              0.8675              0.5591           8932.8525
          0.65000000              0.8675              0.5704           8272.1456
          0.65000000              0.8675              0.5813           8880.4205
          0.65000000              0.8675              0.5918           7056.0991
          0.65000000              0.8675              0.6019           5269.8486
          0.65000000              0.8675              0.6117           3373.9552
          0.65000000              0.8675              0.6211           2245.4952
          0.65000000              0.8675              0.6302           1129.5878
          0.65000000              0.8675              0.6390            183.1294
          0.65000000              0.8675              0.6476              0.0001
          0.65000000              0.8917              0.0000              0.0000
          0.65000000              0.8917              0.0738             71.1934
          0.65000000              0.8917              0.1322            318.1901
          0.65000000              0.8917              0.1805            795.6562
          0.65000000              0.8917              0.2218           1547.5934
          0.65000000              0.8917              0.2577           2512.6066
          0.65000000              0.8917              0.2896           3401.4220
          0.65000000              0.8917              0.3182           3924.3684
          0.65000000              0.8917              0.3442           3943.4792
          0.65000000              0.8917              0.3680           3631.4097
          0.65000000              0.8917              0.3899           3363.3134
          0.65000000              0.8917              0.4102           3309.1072
          0.65000000              0.8917              0.4292           3480.1225
          0.65000000              0.8917              0.4470           3855.1663
          0.65000000              0.8917              0.4637           4603.9731
          0.65000000              0.8917              0.4795           5562.2463
          0.65000000              0.8917              0.4944           6445.8948
          0.65000000              0.8917              0.5086           7280.1239
          0.65000000              0.8917              0.5221           8769.2372
          0.65000000              0.8917              0.5350          10258.9371
          0.65000000              0.8917              0.5473          10784.1454
          0.65000000              0.8917              0.5591          11227.3047
          0.65000000              0.8917              0.5704          10405.1215
          0.65000000              0.8917              0.5813          11052.4210
          0.65000000              0.8917              0.5918           8991.8097
          0.65000000              0.8917              0.6019           7006.7546
          0.65000000              0.8917              0.6117           4805.1939
          0.65000000              0.8917              0.6211           3180.5350
          0.65000000              0.8917              0.6302           1703.7300
          0.65000000              0.8917              0.6390            299.2548
          0.65000000              0.8917              0.6476              0.0001
          0.65000000              0.9149              0.0000              0.0000
          0.65000000              0.9149              0.0738             71.0921
          0.65000000              0.9149              0.1322            319.6163
          0.65000000              0.9149              0.1805            804.5623
          0.65000000              0.9149              0.2218           1582.1481
          0.65000000              0.9149              0.2577           2622.4787
          0.65000000              0.9149              0.2896           3639.6183
          0.65000000              0.9149              0.3182           4303.4536
          0.65000000              0.9149              0.3442           4423.8244
          0.65000000              0.9149              0.3680           4109.7154
          0.65000000              0.9149              0.3899           3782.6118
          0.65000000              0.9149              0.4102           3673.2482
          0.65000000              0.9149              0.4292           3770.2349
          0.65000000              0.9149              0.4470           4051.4098
          0.65000000              0.9149              0.4637           4638.5295
          0.65000000              0.9149              0.4795           5567.8207
          0.65000000              0.9149              0.4944           6463.8005
          0.65000000              0.9149              0.5086           7326.1458
          0.65000000              0.9149              0.5221           9342.7526
          0.65000000              0.9149              0.5350          10917.5463
          0.65000000              0.9149              0.5473          11807.6389
          0.65000000              0.9149              0.5591          13299.4162
          0.65000000              0.9149              0.5704          13300.2276
          0.65000000              0.9149              0.5813          13977.9094
          0.65000000              0.9149              0.5918          11568.4191
          0.65000000              0.9149              0.6019           9123.4652
          0.65000000              0.9149              0.6117           6571.3030
          0.65000000              0.9149              0.6211           4645.8925
          0.65000000              0.9149              0.6302           2535.4064
          0.65000000              0.9149              0.6390            439.9637
          0.65000000              0.9149              0.6476              0.0002
          0.65000000              0.9373              0.0000              0.0000
          0.65000000              0.9373              0.0738             70.9731
          0.65000000              0.9373              0.1322            320.4836
          0.65000000              0.9373              0.1805            811.1776
          0.65000000              0.9373              0.2218           1609.3426
          0.65000000              0.9373              0.2577           2718.0859
          0.65000000              0.9373              0.2896           3872.1564
          0.65000000              0.9373              0.3182           4694.3285
          0.65000000              0.9373              0.3442           4940.7337
          0.65000000              0.9373              0.3680           4639.1312
          0.65000000              0.9373              0.3899           4256.7394
          0.65000000              0.9373              0.4102           4090.2159
          0.65000000              0.9373              0.4292           4087.9967
          0.65000000              0.9373              0.4470           4351.4158
          0.65000000              0.9373              0.4637           4781.7737
          0.65000000              0.9373              0.4795           5514.0711
          0.65000000              0.9373              0.4944           6369.9405
          0.65000000              0.9373              0.5086           7182.3162
          0.65000000              0.9373              0.5221           9316.6463
          0.65000000              0.9373              0.5350          11530.6228
          0.65000000              0.9373              0.5473          12697.9200
          0.65000000              0.9373              0.5591          14852.3674
          0.65000000              0.9373              0.5704          16036.2932
          0.65000000              0.9373              0.5813          17670.2653
          0.65000000              0.9373              0.5918          15766.4330
          0.65000000              0.9373              0.6019          12062.3457
          0.65000000              0.9373              0.6117           8756.6188
          0.65000000              0.9373              0.6211           6644.3495
          0.65000000              0.9373              0.6302           3798.9105
          0.65000000              0.9373              0.6390            621.0354
          0.65000000              0.9373              0.6476              0.0003
          0.65000000              0.9589              0.0000              0.0000
          0.65000000              0.9589              0.0738             70.7446
          0.65000000              0.9589              0.1322            321.0523
          0.65000000              0.9589              0.1805            814.8829
          0.65000000              0.9589              0.2218           1627.8027
          0.65000000              0.9589              0.2577           2799.5830
          0.65000000              0.9589              0.2896           4088.1967
          0.65000000              0.9589              0.3182           5093.8070
          0.65000000              0.9589              0.3442           5481.0711
          0.65000000              0.9589              0.3680           5214.2440
          0.65000000              0.9589              0.3899           4784.2821
          0.65000000              0.9589              0.4102           4560.0237
          0.65000000              0.9589              0.4292           4531.3542
          0.65000000              0.9589              0.4470           4662.7563
          0.65000000              0.9589              0.4637           4999.2622
          0.65000000              0.9589              0.4795           5623.6149
          0.65000000              0.9589              0.4944           6123.9074
          0.65000000              0.9589              0.5086           6792.0937
          0.65000000              0.9589              0.5221           8926.6543
          0.65000000              0.9589              0.5350          11332.4788
          0.65000000              0.9589              0.5473          13308.8239
          0.65000000              0.9589              0.5591          16546.8988
          0.65000000              0.9589              0.5704          18345.7552
          0.65000000              0.9589              0.5813          20870.2437
          0.65000000              0.9589              0.5918          22240.1857
          0.65000000              0.9589              0.6019          17701.2413
          0.65000000              0.9589              0.6117          12293.8028
          0.65000000              0.9589              0.6211           9185.3977
          0.65000000              0.9589              0.6302           5677.9597
          0.65000000              0.9589              0.6390            865.8697
          0.65000000              0.9589              0.6476              0.0004
          0.65000000              0.9798              0.0000              0.0000
          0.65000000              0.9798              0.0738             70.2962
          0.65000000              0.9798              0.1322            321.1180
          0.65000000              0.9798              0.1805            814.1177
          0.65000000              0.9798              0.2218           1640.3032
          0.65000000              0.9798              0.2577           2857.2489
          0.65000000              0.9798              0.2896           4277.6180
          0.65000000              0.9798              0.3182           5481.1259
          0.65000000              0.9798              0.3442           6044.2447
          0.65000000              0.9798              0.3680           5818.5003
          0.65000000              0.9798              0.3899           5371.0439
          0.65000000              0.9798              0.4102           5089.3728
          0.65000000              0.9798              0.4292           5025.4559
          0.65000000              0.9798              0.4470           5119.9175
          0.65000000              0.9798              0.4637           5359.9055
          0.65000000              0.9798              0.4795           5684.8978
          0.65000000              0.9798              0.4944           5985.3452
          0.65000000              0.9798              0.5086           6339.1245
          0.65000000              0.9798              0.5221           7964.0502
          0.65000000              0.9798              0.5350          10279.0198
          0.65000000              0.9798              0.5473          12731.1628
          0.65000000              0.9798              0.5591          17235.6835
          0.65000000              0.9798              0.5704          21176.1826
          0.65000000              0.9798              0.5813          24856.3938
          0.65000000              0.9798              0.5918          27970.6167
          0.65000000              0.9798              0.6019          26486.1320
          0.65000000              0.9798              0.6117          20360.2383
          0.65000000              0.9798              0.6211          13254.5260
          0.65000000              0.9798              0.6302           8119.2680
          0.65000000              0.9798              0.6390           1843.1628
          0.65000000              0.9798              0.6476              0.0006
          0.65000000              1.0000              0.0000              0.0000
          0.65000000              1.0000              0.0738             69.9263
          0.65000000              1.0000              0.1322            319.2768
          0.65000000              1.0000              0.1805            803.3998
          0.65000000              1.0000              0.2218           1641.5473
          0.65000000              1.0000              0.2577           2903.0795
          0.65000000              1.0000              0.2896           4420.1437
          0.65000000              1.0000              0.3182           5784.6277
          0.65000000              1.0000              0.3442           6572.5642
          0.65000000              1.0000              0.3680           6509.5729
          0.65000000              1.0000              0.3899           6001.0360
          0.65000000              1.0000              0.4102           5590.9342
          0.65000000              1.0000              0.4292           5658.3587
          0.65000000              1.0000              0.4470           5631.3182
          0.65000000              1.0000              0.4637           5892.3773
          0.65000000              1.0000              0.4795           5988.1357
          0.65000000              1.0000              0.4944           5964.8918
          0.65000000              1.0000              0.5086           5798.9476
          0.65000000              1.0000              0.5221           6790.8781
          0.65000000              1.0000              0.5350           8672.2400
          0.65000000              1.0000              0.5473          10598.8267
          0.65000000              1.0000              0.5591          15396.5479
          0.65000000              1.0000              0.5704          21827.5422
          0.65000000              1.0000              0.5813          29793.5807
          0.65000000              1.0000              0.5918          36616.9937
          0.65000000              1.0000              0.6019          36511.0049
          0.65000000              1.0000              0.6117          30018.1597
          0.65000000              1.0000              0.6211          19035.1487
          0.65000000              1.0000              0.6302           7379.6998
          0.65000000              1.0000              0.6390           1728.8786
          0.65000000              1.0000              0.6476              2.3799
