0.3	-1	0	0
0.3	-1	0.0324263	60.7292
0.3	-1	0.0580891	127.362
0.3	-1	0.0793285	205.499
0.3	-1	0.0974477	308.846
0.3	-1	0.113247	413.554
0.3	-1	0.127254	487.44
0.3	-1	0.139833	537.447
0.3	-1	0.15125	622.543
0.3	-1	0.161701	714.47
0.3	-1	0.171336	761.379
0.3	-1	0.180274	684.004
0.3	-1	0.18861	575.829
0.3	-1	0.196418	457.327
0.3	-1	0.203762	460.045
0.3	-1	0.210695	332.181
0.3	-1	0.217259	269.36
0.3	-1	0.223492	220.741
0.3	-1	0.229425	175.106
0.3	-1	0.235087	140.569
0.3	-1	0.240501	102.233
0.3	-1	0.245687	73.5563
0.3	-1	0.250665	51.0095
0.3	-1	0.255449	34.0366
0.3	-1	0.260056	18.9826
0.3	-1	0.264497	10.1141
0.3	-1	0.268784	4.67464
0.3	-1	0.272927	1.7719
0.3	-1	0.276936	0.415875
0.3	-1	0.280818	0.0295523
0.3	-1	0.284583	0
0.3	-0.634788	0	0
0.3	-0.634788	0.0324263	54.8974
0.3	-0.634788	0.0580891	117.594
0.3	-0.634788	0.0793285	188.225
0.3	-0.634788	0.0974477	282.518
0.3	-0.634788	0.113247	390.574
0.3	-0.634788	0.127254	482.469
0.3	-0.634788	0.139833	568.758
0.3	-0.634788	0.15125	626.418
0.3	-0.634788	0.161701	696.872
0.3	-0.634788	0.171336	776.03
0.3	-0.634788	0.180274	834.863
0.3	-0.634788	0.18861	834.215
0.3	-0.634788	0.196418	722.125
0.3	-0.634788	0.203762	720.509
0.3	-0.634788	0.210695	530.127
0.3	-0.634788	0.217259	411.938
0.3	-0.634788	0.223492	336.841
0.3	-0.634788	0.229425	282.821
0.3	-0.634788	0.235087	240.794
0.3	-0.634788	0.240501	184.618
0.3	-0.634788	0.245687	140.171
0.3	-0.634788	0.250665	104.847
0.3	-0.634788	0.255449	75.8911
0.3	-0.634788	0.260056	47.1046
0.3	-0.634788	0.264497	29.9064
0.3	-0.634788	0.268784	16.3631
0.3	-0.634788	0.272927	7.09101
0.3	-0.634788	0.276936	2.38604
0.3	-0.634788	0.280818	0.342768
0.3	-0.634788	0.284583	0
0.3	-0.406307	0	0
0.3	-0.406307	0.0324263	50.7639
0.3	-0.406307	0.0580891	110.487
0.3	-0.406307	0.0793285	176.388
0.3	-0.406307	0.0974477	262.367
0.3	-0.406307	0.113247	368.664
0.3	-0.406307	0.127254	458.372
0.3	-0.406307	0.139833	577.671
0.3	-0.406307	0.15125	650.331
0.3	-0.406307	0.161701	697.315
0.3	-0.406307	0.171336	760.507
0.3	-0.406307	0.180274	822.576
0.3	-0.406307	0.18861	906.116
0.3	-0.406307	0.196418	882.147
0.3	-0.406307	0.203762	931.966
0.3	-0.406307	0.210695	722.596
0.3	-0.406307	0.217259	570.497
0.3	-0.406307	0.223492	458.665
0.3	-0.406307	0.229425	373.832
0.3	-0.406307	0.235087	321.862
0.3	-0.406307	0.240501	256.483
0.3	-0.406307	0.245687	200.619
0.3	-0.406307	0.250665	166.734
0.3	-0.406307	0.255449	117.156
0.3	-0.406307	0.260056	75.0386
0.3	-0.406307	0.264497	48.5091
0.3	-0.406307	0.268784	27.0901
0.3	-0.406307	0.272927	11.6671
0.3	-0.406307	0.276936	3.60064
0.3	-0.406307	0.280818	0.45648
0.3	-0.406307	0.284583	0
0.3	-0.239626	0	0
0.3	-0.239626	0.0324263	47.4412
0.3	-0.239626	0.0580891	104.819
0.3	-0.239626	0.0793285	166.817
0.3	-0.239626	0.0974477	246.269
0.3	-0.239626	0.113247	346.162
0.3	-0.239626	0.127254	441.828
0.3	-0.239626	0.139833	561.124
0.3	-0.239626	0.15125	671.276
0.3	-0.239626	0.161701	720.834
0.3	-0.239626	0.171336	751.204
0.3	-0.239626	0.180274	804.698
0.3	-0.239626	0.18861	904.82
0.3	-0.239626	0.196418	943.106
0.3	-0.239626	0.203762	1068.88
0.3	-0.239626	0.210695	887.221
0.3	-0.239626	0.217259	727.76
0.3	-0.239626	0.223492	592.698
0.3	-0.239626	0.229425	476.696
0.3	-0.239626	0.235087	398.756
0.3	-0.239626	0.240501	317.889
0.3	-0.239626	0.245687	253.95
0.3	-0.239626	0.250665	227.125
0.3	-0.239626	0.255449	156.061
0.3	-0.239626	0.260056	100.176
0.3	-0.239626	0.264497	66.9365
0.3	-0.239626	0.268784	36.487
0.3	-0.239626	0.272927	16.5204
0.3	-0.239626	0.276936	5.46194
0.3	-0.239626	0.280818	0.747225
0.3	-0.239626	0.284583	0
0.3	-0.108332	0	0
0.3	-0.108332	0.0324263	44.6251
0.3	-0.108332	0.0580891	99.9422
0.3	-0.108332	0.0793285	158.841
0.3	-0.108332	0.0974477	232.385
0.3	-0.108332	0.113247	328.296
0.3	-0.108332	0.127254	425.919
0.3	-0.108332	0.139833	538.642
0.3	-0.108332	0.15125	677.243
0.3	-0.108332	0.161701	742.874
0.3	-0.108332	0.171336	774.502
0.3	-0.108332	0.180274	798.877
0.3	-0.108332	0.18861	894.463
0.3	-0.108332	0.196418	952.883
0.3	-0.108332	0.203762	1131.35
0.3	-0.108332	0.210695	1002.87
0.3	-0.108332	0.217259	864.361
0.3	-0.108332	0.223492	723.196
0.3	-0.108332	0.229425	588.783
0.3	-0.108332	0.235087	484.954
0.3	-0.108332	0.240501	379.766
0.3	-0.108332	0.245687	300.797
0.3	-0.108332	0.250665	282.665
0.3	-0.108332	0.255449	192.86
0.3	-0.108332	0.260056	124.522
0.3	-0.108332	0.264497	88.0749
0.3	-0.108332	0.268784	44.6418
0.3	-0.108332	0.272927	19.8756
0.3	-0.108332	0.276936	6.48499
0.3	-0.108332	0.280818	0.941012
0.3	-0.108332	0.284583	0
0.3	-2e-20	0	0
0.3	-2e-20	0.0324263	42.1612
0.3	-2e-20	0.0580891	95.6948
0.3	-2e-20	0.0793285	152.088
0.3	-2e-20	0.0974477	222.516
0.3	-2e-20	0.113247	311.646
0.3	-2e-20	0.127254	406.747
0.3	-2e-20	0.139833	521.313
0.3	-2e-20	0.15125	656.217
0.3	-2e-20	0.161701	767.015
0.3	-2e-20	0.171336	792.026
0.3	-2e-20	0.180274	810.824
0.3	-2e-20	0.18861	889.354
0.3	-2e-20	0.196418	948.635
0.3	-2e-20	0.203762	1154.69
0.3	-2e-20	0.210695	1064.57
0.3	-2e-20	0.217259	967.711
0.3	-2e-20	0.223492	841.092
0.3	-2e-20	0.229425	696.006
0.3	-2e-20	0.235087	577.138
0.3	-2e-20	0.240501	447.245
0.3	-2e-20	0.245687	350.357
0.3	-2e-20	0.250665	334.682
0.3	-2e-20	0.255449	226.842
0.3	-2e-20	0.260056	149.167
0.3	-2e-20	0.264497	113.188
0.3	-2e-20	0.268784	54.3533
0.3	-2e-20	0.272927	24.519
0.3	-2e-20	0.276936	7.98314
0.3	-2e-20	0.280818	1.08825
0.3	-2e-20	0.284583	0
0.3	0.0922185	0	0
0.3	0.0922185	0.0324263	39.9588
0.3	0.0922185	0.0580891	91.8224
0.3	0.0922185	0.0793285	145.995
0.3	0.0922185	0.0974477	213.715
0.3	0.0922185	0.113247	295.874
0.3	0.0922185	0.127254	387.39
0.3	0.0922185	0.139833	505.802
0.3	0.0922185	0.15125	629.375
0.3	0.0922185	0.161701	767.047
0.3	0.0922185	0.171336	815.161
0.3	0.0922185	0.180274	829.03
0.3	0.0922185	0.18861	898.818
0.3	0.0922185	0.196418	947.297
0.3	0.0922185	0.203762	1154.15
0.3	0.0922185	0.210695	1097.75
0.3	0.0922185	0.217259	1032.16
0.3	0.0922185	0.223492	935.412
0.3	0.0922185	0.229425	798.945
0.3	0.0922185	0.235087	667.444
0.3	0.0922185	0.240501	521.129
0.3	0.0922185	0.245687	402.7
0.3	0.0922185	0.250665	384.726
0.3	0.0922185	0.255449	259.717
0.3	0.0922185	0.260056	172.53
0.3	0.0922185	0.264497	140.096
0.3	0.0922185	0.268784	65.8448
0.3	0.0922185	0.272927	31.0243
0.3	0.0922185	0.276936	10.387
0.3	0.0922185	0.280818	1.4646
0.3	0.0922185	0.284583	0
0.3	0.172502	0	0
0.3	0.172502	0.0324263	37.9593
0.3	0.172502	0.0580891	88.2409
0.3	0.172502	0.0793285	140.539
0.3	0.172502	0.0974477	205.34
0.3	0.172502	0.113247	281.767
0.3	0.172502	0.127254	369.979
0.3	0.172502	0.139833	489.629
0.3	0.172502	0.15125	611.38
0.3	0.172502	0.161701	746.207
0.3	0.172502	0.171336	833.395
0.3	0.172502	0.180274	850.545
0.3	0.172502	0.18861	914.621
0.3	0.172502	0.196418	957.111
0.3	0.172502	0.203762	1153.95
0.3	0.172502	0.210695	1107.18
0.3	0.172502	0.217259	1069.77
0.3	0.172502	0.223492	1001.01
0.3	0.172502	0.229425	886.809
0.3	0.172502	0.235087	756.995
0.3	0.172502	0.240501	594.957
0.3	0.172502	0.245687	460.176
0.3	0.172502	0.250665	435.076
0.3	0.172502	0.255449	292.398
0.3	0.172502	0.260056	194.745
0.3	0.172502	0.264497	165.115
0.3	0.172502	0.268784	76.9787
0.3	0.172502	0.272927	37.6328
0.3	0.172502	0.276936	12.5081
0.3	0.172502	0.280818	1.70515
0.3	0.172502	0.284583	0
0.3	0.243589	0	0
0.3	0.243589	0.0324263	36.1204
0.3	0.243589	0.0580891	84.8972
0.3	0.243589	0.0793285	135.446
0.3	0.243589	0.0974477	197.119
0.3	0.243589	0.113247	269.884
0.3	0.243589	0.127254	353.491
0.3	0.243589	0.139833	469.678
0.3	0.243589	0.15125	596.391
0.3	0.243589	0.161701	724.976
0.3	0.243589	0.171336	830.857
0.3	0.243589	0.180274	870.923
0.3	0.243589	0.18861	940.663
0.3	0.243589	0.196418	967.385
0.3	0.243589	0.203762	1152.32
0.3	0.243589	0.210695	1109.51
0.3	0.243589	0.217259	1086.27
0.3	0.243589	0.223492	1044.34
0.3	0.243589	0.229425	951.516
0.3	0.243589	0.235087	838.094
0.3	0.243589	0.240501	666.823
0.3	0.243589	0.245687	519.361
0.3	0.243589	0.250665	490.098
0.3	0.243589	0.255449	324.907
0.3	0.243589	0.260056	217.278
0.3	0.243589	0.264497	189.339
0.3	0.243589	0.268784	87.6489
0.3	0.243589	0.272927	43.933
0.3	0.243589	0.276936	14.8413
0.3	0.243589	0.280818	1.96913
0.3	0.243589	0.284583	0
0.3	0.307372	0	0
0.3	0.307372	0.0324263	34.4154
0.3	0.307372	0.0580891	81.7403
0.3	0.307372	0.0793285	130.799
0.3	0.307372	0.0974477	189.75
0.3	0.307372	0.113247	260.316
0.3	0.307372	0.127254	338.63
0.3	0.307372	0.139833	449.696
0.3	0.307372	0.15125	581.213
0.3	0.307372	0.161701	706.481
0.3	0.307372	0.171336	814.61
0.3	0.307372	0.180274	886.47
0.3	0.307372	0.18861	966.155
0.3	0.307372	0.196418	990.756
0.3	0.307372	0.203762	1149.85
0.3	0.307372	0.210695	1120.81
0.3	0.307372	0.217259	1094.42
0.3	0.307372	0.223492	1066.13
0.3	0.307372	0.229425	998.597
0.3	0.307372	0.235087	902.832
0.3	0.307372	0.240501	738.754
0.3	0.307372	0.245687	576.41
0.3	0.307372	0.250665	546.701
0.3	0.307372	0.255449	360.817
0.3	0.307372	0.260056	239.671
0.3	0.307372	0.264497	212.667
0.3	0.307372	0.268784	97.6456
0.3	0.307372	0.272927	49.7176
0.3	0.307372	0.276936	17.2803
0.3	0.307372	0.280818	2.40477
0.3	0.307372	0.284583	0
0.3	0.365212	0	0
0.3	0.365212	0.0324263	32.8264
0.3	0.365212	0.0580891	78.7272
0.3	0.365212	0.0793285	126.298
0.3	0.365212	0.0974477	182.707
0.3	0.365212	0.113247	250.945
0.3	0.365212	0.127254	325.485
0.3	0.365212	0.139833	431.922
0.3	0.365212	0.15125	563.908
0.3	0.365212	0.161701	690.755
0.3	0.365212	0.171336	798.98
0.3	0.365212	0.180274	891.271
0.3	0.365212	0.18861	990.043
0.3	0.365212	0.196418	1018.22
0.3	0.365212	0.203762	1157.44
0.3	0.365212	0.210695	1129.39
0.3	0.365212	0.217259	1108.55
0.3	0.365212	0.223492	1076.63
0.3	0.365212	0.229425	1026.91
0.3	0.365212	0.235087	949.744
0.3	0.365212	0.240501	799.477
0.3	0.365212	0.245687	637.092
0.3	0.365212	0.250665	604.604
0.3	0.365212	0.255449	406.705
0.3	0.365212	0.260056	262.579
0.3	0.365212	0.264497	234.502
0.3	0.365212	0.268784	107.189
0.3	0.365212	0.272927	54.6506
0.3	0.365212	0.276936	19.2094
0.3	0.365212	0.280818	2.68857
0.3	0.365212	0.284583	0
0.3	0.418124	0	0
0.3	0.418124	0.0324263	31.3342
0.3	0.418124	0.0580891	75.8604
0.3	0.418124	0.0793285	121.919
0.3	0.418124	0.0974477	176.069
0.3	0.418124	0.113247	241.96
0.3	0.418124	0.127254	312.811
0.3	0.418124	0.139833	414.202
0.3	0.418124	0.15125	543.618
0.3	0.418124	0.161701	676.566
0.3	0.418124	0.171336	781.514
0.3	0.418124	0.180274	887.429
0.3	0.418124	0.18861	1008.72
0.3	0.418124	0.196418	1045.55
0.3	0.418124	0.203762	1169.53
0.3	0.418124	0.210695	1142.88
0.3	0.418124	0.217259	1118.99
0.3	0.418124	0.223492	1091.28
0.3	0.418124	0.229425	1041.98
0.3	0.418124	0.235087	984.035
0.3	0.418124	0.240501	849.65
0.3	0.418124	0.245687	694.478
0.3	0.418124	0.250665	663.53
0.3	0.418124	0.255449	460.025
0.3	0.418124	0.260056	295.314
0.3	0.418124	0.264497	255.007
0.3	0.418124	0.268784	116.341
0.3	0.418124	0.272927	59.0712
0.3	0.418124	0.276936	20.5827
0.3	0.418124	0.280818	2.87785
0.3	0.418124	0.284583	0
0.3	0.466881	0	0
0.3	0.466881	0.0324263	29.9253
0.3	0.466881	0.0580891	73.1047
0.3	0.466881	0.0793285	117.835
0.3	0.466881	0.0974477	170.208
0.3	0.466881	0.113247	233.305
0.3	0.466881	0.127254	301.116
0.3	0.466881	0.139833	399.258
0.3	0.466881	0.15125	522.328
0.3	0.466881	0.161701	662.258
0.3	0.466881	0.171336	763.717
0.3	0.466881	0.180274	873.531
0.3	0.466881	0.18861	1030.11
0.3	0.466881	0.196418	1071.07
0.3	0.466881	0.203762	1180.56
0.3	0.466881	0.210695	1166.43
0.3	0.466881	0.217259	1134.75
0.3	0.466881	0.223492	1108.35
0.3	0.466881	0.229425	1050.06
0.3	0.466881	0.235087	1004.3
0.3	0.466881	0.240501	883.017
0.3	0.466881	0.245687	742.982
0.3	0.466881	0.250665	723.921
0.3	0.466881	0.255449	518.626
0.3	0.466881	0.260056	337.277
0.3	0.466881	0.264497	275.878
0.3	0.466881	0.268784	124.834
0.3	0.466881	0.272927	62.8901
0.3	0.466881	0.276936	21.7904
0.3	0.466881	0.280818	3.01635
0.3	0.466881	0.284583	0
0.3	0.512089	0	0
0.3	0.512089	0.0324263	28.59
0.3	0.512089	0.0580891	70.444
0.3	0.512089	0.0793285	114.014
0.3	0.512089	0.0974477	164.689
0.3	0.512089	0.113247	224.916
0.3	0.512089	0.127254	289.878
0.3	0.512089	0.139833	384.56
0.3	0.512089	0.15125	502.617
0.3	0.512089	0.161701	646.123
0.3	0.512089	0.171336	748.137
0.3	0.512089	0.180274	856.007
0.3	0.512089	0.18861	1034.13
0.3	0.512089	0.196418	1102.84
0.3	0.512089	0.203762	1188.53
0.3	0.512089	0.210695	1195.84
0.3	0.512089	0.217259	1159.54
0.3	0.512089	0.223492	1120.69
0.3	0.512089	0.229425	1067.16
0.3	0.512089	0.235087	1017.06
0.3	0.512089	0.240501	910.684
0.3	0.512089	0.245687	782.322
0.3	0.512089	0.250665	781.021
0.3	0.512089	0.255449	584.13
0.3	0.512089	0.260056	388.882
0.3	0.512089	0.264497	308.071
0.3	0.512089	0.268784	133.394
0.3	0.512089	0.272927	66.9017
0.3	0.512089	0.276936	23.1479
0.3	0.512089	0.280818	3.20611
0.3	0.512089	0.284583	0
0.3	0.55423	0	0
0.3	0.55423	0.0324263	27.3183
0.3	0.55423	0.0580891	67.8854
0.3	0.55423	0.0793285	110.345
0.3	0.55423	0.0974477	159.457
0.3	0.55423	0.113247	216.794
0.3	0.55423	0.127254	279.474
0.3	0.55423	0.139833	369.893
0.3	0.55423	0.15125	484.563
0.3	0.55423	0.161701	626.16
0.3	0.55423	0.171336	734.289
0.3	0.55423	0.180274	838.854
0.3	0.55423	0.18861	1024.44
0.3	0.55423	0.196418	1127.12
0.3	0.55423	0.203762	1208.06
0.3	0.55423	0.210695	1223.53
0.3	0.55423	0.217259	1196.7
0.3	0.55423	0.223492	1143.86
0.3	0.55423	0.229425	1084.35
0.3	0.55423	0.235087	1028.26
0.3	0.55423	0.240501	928.356
0.3	0.55423	0.245687	809.028
0.3	0.55423	0.250665	827.985
0.3	0.55423	0.255449	652.564
0.3	0.55423	0.260056	448.427
0.3	0.55423	0.264497	347.707
0.3	0.55423	0.268784	145.036
0.3	0.55423	0.272927	71.0167
0.3	0.55423	0.276936	24.7055
0.3	0.55423	0.280818	3.53744
0.3	0.55423	0.284583	0
0.3	0.593693	0	0
0.3	0.593693	0.0324263	26.1033
0.3	0.593693	0.0580891	65.408
0.3	0.593693	0.0793285	106.798
0.3	0.593693	0.0974477	154.34
0.3	0.593693	0.113247	209.193
0.3	0.593693	0.127254	269.186
0.3	0.593693	0.139833	355.357
0.3	0.593693	0.15125	466.783
0.3	0.593693	0.161701	602.688
0.3	0.593693	0.171336	718.908
0.3	0.593693	0.180274	821.219
0.3	0.593693	0.18861	1008.7
0.3	0.593693	0.196418	1134.9
0.3	0.593693	0.203762	1232.99
0.3	0.593693	0.210695	1254.71
0.3	0.593693	0.217259	1235.16
0.3	0.593693	0.223492	1173.7
0.3	0.593693	0.229425	1102.6
0.3	0.593693	0.235087	1043.01
0.3	0.593693	0.240501	938.943
0.3	0.593693	0.245687	830.35
0.3	0.593693	0.250665	866.669
0.3	0.593693	0.255449	716.893
0.3	0.593693	0.260056	516.167
0.3	0.593693	0.264497	394.326
0.3	0.593693	0.268784	164.407
0.3	0.593693	0.272927	74.9476
0.3	0.593693	0.276936	26.1803
0.3	0.593693	0.280818	3.77067
0.3	0.593693	0.284583	0
0.3	0.630798	0	0
0.3	0.630798	0.0324263	24.9388
0.3	0.630798	0.0580891	63.0064
0.3	0.630798	0.0793285	103.422
0.3	0.630798	0.0974477	149.313
0.3	0.630798	0.113247	201.833
0.3	0.630798	0.127254	259.635
0.3	0.630798	0.139833	341.91
0.3	0.630798	0.15125	449.381
0.3	0.630798	0.161701	582.421
0.3	0.630798	0.171336	701.025
0.3	0.630798	0.180274	805.018
0.3	0.630798	0.18861	991.45
0.3	0.630798	0.196418	1130.6
0.3	0.630798	0.203762	1249.27
0.3	0.630798	0.210695	1297.56
0.3	0.630798	0.217259	1274.65
0.3	0.630798	0.223492	1220.03
0.3	0.630798	0.229425	1131.95
0.3	0.630798	0.235087	1058.46
0.3	0.630798	0.240501	948.349
0.3	0.630798	0.245687	847.005
0.3	0.630798	0.250665	896.824
0.3	0.630798	0.255449	771.126
0.3	0.630798	0.260056	586.308
0.3	0.630798	0.264497	450.248
0.3	0.630798	0.268784	190.634
0.3	0.630798	0.272927	81.0623
0.3	0.630798	0.276936	27.4258
0.3	0.630798	0.280818	3.96206
0.3	0.630798	0.284583	0
0.3	0.665812	0	0
0.3	0.665812	0.0324263	23.8199
0.3	0.665812	0.0580891	60.665
0.3	0.665812	0.0793285	100.197
0.3	0.665812	0.0974477	144.362
0.3	0.665812	0.113247	195.36
0.3	0.665812	0.127254	250.187
0.3	0.665812	0.139833	328.272
0.3	0.665812	0.15125	432.183
0.3	0.665812	0.161701	561.781
0.3	0.665812	0.171336	678.685
0.3	0.665812	0.180274	790.525
0.3	0.665812	0.18861	973.916
0.3	0.665812	0.196418	1118.08
0.3	0.665812	0.203762	1248.01
0.3	0.665812	0.210695	1341.87
0.3	0.665812	0.217259	1326.69
0.3	0.665812	0.223492	1267.15
0.3	0.665812	0.229425	1165.6
0.3	0.665812	0.235087	1083.35
0.3	0.665812	0.240501	962.211
0.3	0.665812	0.245687	856.275
0.3	0.665812	0.250665	917.04
0.3	0.665812	0.255449	810.836
0.3	0.665812	0.260056	651.9
0.3	0.665812	0.264497	514.132
0.3	0.665812	0.268784	222.267
0.3	0.665812	0.272927	95.5421
0.3	0.665812	0.276936	28.6915
0.3	0.665812	0.280818	4.13678
0.3	0.665812	0.284583	0
0.3	0.698958	0	0
0.3	0.698958	0.0324263	22.7426
0.3	0.698958	0.0580891	58.4016
0.3	0.698958	0.0793285	97.0448
0.3	0.698958	0.0974477	139.551
0.3	0.698958	0.113247	188.974
0.3	0.698958	0.127254	240.871
0.3	0.698958	0.139833	315.13
0.3	0.698958	0.15125	414.805
0.3	0.698958	0.161701	540.288
0.3	0.698958	0.171336	655.124
0.3	0.698958	0.180274	773.449
0.3	0.698958	0.18861	955.741
0.3	0.698958	0.196418	1104.31
0.3	0.698958	0.203762	1236
0.3	0.698958	0.210695	1376.39
0.3	0.698958	0.217259	1385.91
0.3	0.698958	0.223492	1318.57
0.3	0.698958	0.229425	1211.16
0.3	0.698958	0.235087	1117.19
0.3	0.698958	0.240501	978.859
0.3	0.698958	0.245687	866.385
0.3	0.698958	0.250665	933.97
0.3	0.698958	0.255449	833.922
0.3	0.698958	0.260056	705.799
0.3	0.698958	0.264497	580.57
0.3	0.698958	0.268784	261.034
0.3	0.698958	0.272927	119.423
0.3	0.698958	0.276936	30.5778
0.3	0.698958	0.280818	4.39705
0.3	0.698958	0.284583	0
0.3	0.730425	0	0
0.3	0.730425	0.0324263	21.705
0.3	0.730425	0.0580891	56.2018
0.3	0.730425	0.0793285	93.9564
0.3	0.730425	0.0974477	135.121
0.3	0.730425	0.113247	182.843
0.3	0.730425	0.127254	232.068
0.3	0.730425	0.139833	302.926
0.3	0.730425	0.15125	397.929
0.3	0.730425	0.161701	518.795
0.3	0.730425	0.171336	632.557
0.3	0.730425	0.180274	752.591
0.3	0.730425	0.18861	937.637
0.3	0.730425	0.196418	1089.99
0.3	0.730425	0.203762	1221.8
0.3	0.730425	0.210695	1392.45
0.3	0.730425	0.217259	1445.38
0.3	0.730425	0.223492	1387.46
0.3	0.730425	0.229425	1266.91
0.3	0.730425	0.235087	1159.66
0.3	0.730425	0.240501	1007.32
0.3	0.730425	0.245687	878.742
0.3	0.730425	0.250665	944.9
0.3	0.730425	0.255449	837.942
0.3	0.730425	0.260056	742.47
0.3	0.730425	0.264497	641.366
0.3	0.730425	0.268784	305.935
0.3	0.730425	0.272927	151.694
0.3	0.730425	0.276936	39.4578
0.3	0.730425	0.280818	4.51771
0.3	0.730425	0.284583	0
0.3	0.760374	0	0
0.3	0.760374	0.0324263	20.7023
0.3	0.760374	0.0580891	54.0555
0.3	0.760374	0.0793285	90.9038
0.3	0.760374	0.0974477	131.014
0.3	0.760374	0.113247	176.67
0.3	0.760374	0.127254	223.268
0.3	0.760374	0.139833	291.431
0.3	0.760374	0.15125	380.998
0.3	0.760374	0.161701	497.392
0.3	0.760374	0.171336	609.132
0.3	0.760374	0.180274	729.502
0.3	0.760374	0.18861	920.895
0.3	0.760374	0.196418	1074.3
0.3	0.760374	0.203762	1211.11
0.3	0.760374	0.210695	1392.94
0.3	0.760374	0.217259	1494.34
0.3	0.760374	0.223492	1461.94
0.3	0.760374	0.229425	1332.1
0.3	0.760374	0.235087	1209.5
0.3	0.760374	0.240501	1043.81
0.3	0.760374	0.245687	896.425
0.3	0.760374	0.250665	953.564
0.3	0.760374	0.255449	830.204
0.3	0.760374	0.260056	755.413
0.3	0.760374	0.264497	690.449
0.3	0.760374	0.268784	353.43
0.3	0.760374	0.272927	194.777
0.3	0.760374	0.276936	58.7238
0.3	0.760374	0.280818	4.6286
0.3	0.760374	0.284583	0
0.3	0.788947	0	0
0.3	0.788947	0.0324263	19.7313
0.3	0.788947	0.0580891	51.962
0.3	0.788947	0.0793285	87.9231
0.3	0.788947	0.0974477	127.147
0.3	0.788947	0.113247	170.421
0.3	0.788947	0.127254	215.544
0.3	0.788947	0.139833	279.874
0.3	0.788947	0.15125	363.412
0.3	0.788947	0.161701	476.274
0.3	0.788947	0.171336	584.787
0.3	0.788947	0.180274	703.389
0.3	0.788947	0.18861	902.515
0.3	0.788947	0.196418	1058.01
0.3	0.788947	0.203762	1202.76
0.3	0.788947	0.210695	1385.95
0.3	0.788947	0.217259	1524.97
0.3	0.788947	0.223492	1536.75
0.3	0.788947	0.229425	1409.69
0.3	0.788947	0.235087	1270.28
0.3	0.788947	0.240501	1092.08
0.3	0.788947	0.245687	924.022
0.3	0.788947	0.250665	966.213
0.3	0.788947	0.255449	818.224
0.3	0.788947	0.260056	741.846
0.3	0.788947	0.264497	721.401
0.3	0.788947	0.268784	394.945
0.3	0.788947	0.272927	249.25
0.3	0.788947	0.276936	87.5733
0.3	0.788947	0.280818	6.47844
0.3	0.788947	0.284583	0
0.3	0.816262	0	0
0.3	0.816262	0.0324263	18.79
0.3	0.816262	0.0580891	49.9091
0.3	0.816262	0.0793285	84.9699
0.3	0.816262	0.0974477	123.353
0.3	0.816262	0.113247	164.519
0.3	0.816262	0.127254	208.102
0.3	0.816262	0.139833	268.216
0.3	0.816262	0.15125	347.361
0.3	0.816262	0.161701	455.343
0.3	0.816262	0.171336	559.676
0.3	0.816262	0.180274	678.355
0.3	0.816262	0.18861	879.576
0.3	0.816262	0.196418	1042.65
0.3	0.816262	0.203762	1194.48
0.3	0.816262	0.210695	1382.35
0.3	0.816262	0.217259	1540.2
0.3	0.816262	0.223492	1600
0.3	0.816262	0.229425	1497.47
0.3	0.816262	0.235087	1345.08
0.3	0.816262	0.240501	1150.61
0.3	0.816262	0.245687	962.791
0.3	0.816262	0.250665	981.249
0.3	0.816262	0.255449	803.067
0.3	0.816262	0.260056	719.747
0.3	0.816262	0.264497	723.983
0.3	0.816262	0.268784	427.124
0.3	0.816262	0.272927	312.914
0.3	0.816262	0.276936	128.784
0.3	0.816262	0.280818	15.6564
0.3	0.816262	0.284583	0
0.3	0.842428	0	0
0.3	0.842428	0.0324263	17.8758
0.3	0.842428	0.0580891	47.904
0.3	0.842428	0.0793285	82.0552
0.3	0.842428	0.0974477	119.53
0.3	0.842428	0.113247	158.974
0.3	0.842428	0.127254	200.793
0.3	0.842428	0.139833	256.851
0.3	0.842428	0.15125	332.467
0.3	0.842428	0.161701	434.127
0.3	0.842428	0.171336	534.547
0.3	0.842428	0.180274	651.561
0.3	0.842428	0.18861	854.393
0.3	0.842428	0.196418	1027.3
0.3	0.842428	0.203762	1185.95
0.3	0.842428	0.210695	1383.5
0.3	0.842428	0.217259	1546.88
0.3	0.842428	0.223492	1641.83
0.3	0.842428	0.229425	1581.88
0.3	0.842428	0.235087	1433.96
0.3	0.842428	0.240501	1220.97
0.3	0.842428	0.245687	1013.73
0.3	0.842428	0.250665	999.715
0.3	0.842428	0.255449	787.859
0.3	0.842428	0.260056	686.473
0.3	0.842428	0.264497	698.002
0.3	0.842428	0.268784	442.953
0.3	0.842428	0.272927	375.609
0.3	0.842428	0.276936	185.963
0.3	0.842428	0.280818	37.2521
0.3	0.842428	0.284583	0
0.3	0.867536	0	0
0.3	0.867536	0.0324263	16.9869
0.3	0.867536	0.0580891	45.935
0.3	0.867536	0.0793285	79.172
0.3	0.867536	0.0974477	115.657
0.3	0.867536	0.113247	153.91
0.3	0.867536	0.127254	193.314
0.3	0.867536	0.139833	246.06
0.3	0.867536	0.15125	317.724
0.3	0.867536	0.161701	412.24
0.3	0.867536	0.171336	509.655
0.3	0.867536	0.180274	623.472
0.3	0.867536	0.18861	825.697
0.3	0.867536	0.196418	1008.43
0.3	0.867536	0.203762	1175.53
0.3	0.867536	0.210695	1385.62
0.3	0.867536	0.217259	1550.84
0.3	0.867536	0.223492	1663.82
0.3	0.867536	0.229425	1647.05
0.3	0.867536	0.235087	1533.17
0.3	0.867536	0.240501	1307.11
0.3	0.867536	0.245687	1077.8
0.3	0.867536	0.250665	1024.09
0.3	0.867536	0.255449	778.364
0.3	0.867536	0.260056	641.672
0.3	0.867536	0.264497	668.752
0.3	0.867536	0.268784	430.447
0.3	0.867536	0.272927	428.411
0.3	0.867536	0.276936	261.465
0.3	0.867536	0.280818	72.629
0.3	0.867536	0.284583	0
0.3	0.891668	0	0
0.3	0.891668	0.0324263	16.1217
0.3	0.891668	0.0580891	43.9973
0.3	0.891668	0.0793285	76.2975
0.3	0.891668	0.0974477	111.846
0.3	0.891668	0.113247	149.028
0.3	0.891668	0.127254	185.681
0.3	0.891668	0.139833	235.789
0.3	0.891668	0.15125	302.685
0.3	0.891668	0.161701	391.598
0.3	0.891668	0.171336	484.878
0.3	0.891668	0.180274	594.988
0.3	0.891668	0.18861	798.843
0.3	0.891668	0.196418	984.813
0.3	0.891668	0.203762	1163.47
0.3	0.891668	0.210695	1387.73
0.3	0.891668	0.217259	1554.11
0.3	0.891668	0.223492	1676.89
0.3	0.891668	0.229425	1691.23
0.3	0.891668	0.235087	1630.97
0.3	0.891668	0.240501	1406.63
0.3	0.891668	0.245687	1157.93
0.3	0.891668	0.250665	1048.03
0.3	0.891668	0.255449	780.45
0.3	0.891668	0.260056	599.798
0.3	0.891668	0.264497	623.653
0.3	0.891668	0.268784	401.559
0.3	0.891668	0.272927	460.889
0.3	0.891668	0.276936	345.051
0.3	0.891668	0.280818	128.171
0.3	0.891668	0.284583	0
0.3	0.914898	0	0
0.3	0.914898	0.0324263	15.2783
0.3	0.914898	0.0580891	42.0876
0.3	0.914898	0.0793285	73.4502
0.3	0.914898	0.0974477	108.027
0.3	0.914898	0.113247	144.331
0.3	0.914898	0.127254	178.395
0.3	0.914898	0.139833	225.685
0.3	0.914898	0.15125	287.452
0.3	0.914898	0.161701	373.177
0.3	0.914898	0.171336	458.163
0.3	0.914898	0.180274	566.784
0.3	0.914898	0.18861	768.405
0.3	0.914898	0.196418	956.713
0.3	0.914898	0.203762	1145.46
0.3	0.914898	0.210695	1385.43
0.3	0.914898	0.217259	1561.77
0.3	0.914898	0.223492	1684.54
0.3	0.914898	0.229425	1732.46
0.3	0.914898	0.235087	1704.44
0.3	0.914898	0.240501	1510.8
0.3	0.914898	0.245687	1255.23
0.3	0.914898	0.250665	1088.33
0.3	0.914898	0.255449	797.837
0.3	0.914898	0.260056	567.521
0.3	0.914898	0.264497	571.047
0.3	0.914898	0.268784	364.136
0.3	0.914898	0.272927	445.584
0.3	0.914898	0.276936	424.247
0.3	0.914898	0.280818	209.711
0.3	0.914898	0.284583	0
0.3	0.937291	0	0
0.3	0.937291	0.0324263	14.4552
0.3	0.937291	0.0580891	40.2342
0.3	0.937291	0.0793285	70.662
0.3	0.937291	0.0974477	104.407
0.3	0.937291	0.113247	139.545
0.3	0.937291	0.127254	172.05
0.3	0.937291	0.139833	215.376
0.3	0.937291	0.15125	272.779
0.3	0.937291	0.161701	353.92
0.3	0.937291	0.171336	432.593
0.3	0.937291	0.180274	537.316
0.3	0.937291	0.18861	736.418
0.3	0.937291	0.196418	925.902
0.3	0.937291	0.203762	1122.35
0.3	0.937291	0.210695	1377.93
0.3	0.937291	0.217259	1567.06
0.3	0.937291	0.223492	1698.72
0.3	0.937291	0.229425	1764.72
0.3	0.937291	0.235087	1749.27
0.3	0.937291	0.240501	1613.78
0.3	0.937291	0.245687	1363.72
0.3	0.937291	0.250665	1138.41
0.3	0.937291	0.255449	825.332
0.3	0.937291	0.260056	557.162
0.3	0.937291	0.264497	528.109
0.3	0.937291	0.268784	308.185
0.3	0.937291	0.272927	399.822
0.3	0.937291	0.276936	480.326
0.3	0.937291	0.280818	324.44
0.3	0.937291	0.284583	0
0.3	0.958905	0	0
0.3	0.958905	0.0324263	13.6517
0.3	0.958905	0.0580891	38.4256
0.3	0.958905	0.0793285	67.911
0.3	0.958905	0.0974477	100.815
0.3	0.958905	0.113247	134.588
0.3	0.958905	0.127254	165.873
0.3	0.958905	0.139833	204.931
0.3	0.958905	0.15125	257.757
0.3	0.958905	0.161701	333.607
0.3	0.958905	0.171336	407.989
0.3	0.958905	0.180274	505.87
0.3	0.958905	0.18861	704.348
0.3	0.958905	0.196418	893.077
0.3	0.958905	0.203762	1093.08
0.3	0.958905	0.210695	1360.01
0.3	0.958905	0.217259	1568.73
0.3	0.958905	0.223492	1726.25
0.3	0.958905	0.229425	1790.78
0.3	0.958905	0.235087	1781.95
0.3	0.958905	0.240501	1686.71
0.3	0.958905	0.245687	1466.16
0.3	0.958905	0.250665	1199.12
0.3	0.958905	0.255449	858.197
0.3	0.958905	0.260056	557.647
0.3	0.958905	0.264497	492.19
0.3	0.958905	0.268784	251.88
0.3	0.958905	0.272927	322.871
0.3	0.958905	0.276936	453.062
0.3	0.958905	0.280818	457.314
0.3	0.958905	0.284583	0
0.3	0.979792	0	0
0.3	0.979792	0.0324263	12.8662
0.3	0.979792	0.0580891	36.675
0.3	0.979792	0.0793285	65.2761
0.3	0.979792	0.0974477	97.2419
0.3	0.979792	0.113247	129.557
0.3	0.979792	0.127254	159.838
0.3	0.979792	0.139833	196.527
0.3	0.979792	0.15125	243.595
0.3	0.979792	0.161701	311.159
0.3	0.979792	0.171336	382.41
0.3	0.979792	0.180274	474.452
0.3	0.979792	0.18861	668.428
0.3	0.979792	0.196418	856.876
0.3	0.979792	0.203762	1056.36
0.3	0.979792	0.210695	1337.89
0.3	0.979792	0.217259	1582.5
0.3	0.979792	0.223492	1742.69
0.3	0.979792	0.229425	1813.12
0.3	0.979792	0.235087	1828.64
0.3	0.979792	0.240501	1732.4
0.3	0.979792	0.245687	1535.11
0.3	0.979792	0.250665	1258.78
0.3	0.979792	0.255449	907.466
0.3	0.979792	0.260056	562.27
0.3	0.979792	0.264497	450.476
0.3	0.979792	0.268784	203.177
0.3	0.979792	0.272927	196.912
0.3	0.979792	0.276936	371.595
0.3	0.979792	0.280818	582.64
0.3	0.979792	0.284583	0
0.3	1	0	0
0.3	1	0.0324263	12.0924
0.3	1	0.0580891	34.945
0.3	1	0.0793285	62.4831
0.3	1	0.0974477	94.164
0.3	1	0.113247	123.605
0.3	1	0.127254	153.725
0.3	1	0.139833	188.117
0.3	1	0.15125	230.789
0.3	1	0.161701	290.339
0.3	1	0.171336	348.851
0.3	1	0.180274	437.463
0.3	1	0.18861	629.455
0.3	1	0.196418	823.044
0.3	1	0.203762	1037.78
0.3	1	0.210695	1321.92
0.3	1	0.217259	1572.72
0.3	1	0.223492	1750.43
0.3	1	0.229425	1849.38
0.3	1	0.235087	1871.04
0.3	1	0.240501	1775.62
0.3	1	0.245687	1570.03
0.3	1	0.250665	1302.59
0.3	1	0.255449	961.724
0.3	1	0.260056	601.766
0.3	1	0.264497	372.707
0.3	1	0.268784	130.548
0.3	1	0.272927	70.3407
0.3	1	0.276936	68.6629
0.3	1	0.280818	591.915
0.3	1	0.284583	0
