7.5	0.979796	5.89527	26123.9
7.5	0.979796	6.06438	24806.2
7.5	0.979796	6.19822	19952.9
7.5	0.979796	6.30899	13757.9
7.5	0.979796	6.40348	12875.7
7.5	0.979796	6.48588	11520.3
7.5	0.979796	6.55893	7036.73
7.5	0.979796	6.62453	5834.88
7.5	0.979796	6.68407	5058.76
7.5	0.979796	6.73858	3764.76
7.5	0.979796	6.78883	2515.59
7.5	0.979796	6.83544	1471.82
7.5	0.979796	6.87891	821.348
7.5	0.979796	6.91964	411.857
7.5	0.979796	6.95794	182.102
7.5	0.979796	6.99409	78.0541
7.5	0.979796	7.02832	24.5185
7.5	0.979796	7.06083	3.42466
7.5	0.979796	7.09178	0.015636
7.5	0.979796	7.1213	0
7.5	0.979796	7.14954	0
7.5	0.979796	7.17658	0
7.5	0.979796	7.20254	0
7.5	0.979796	7.2275	0
7.5	0.979796	7.25152	0
7.5	0.979796	7.27468	0
7.5	0.979796	7.29704	0
7.5	0.979796	7.31865	0
7.5	0.979796	7.33955	0
7.5	0.979796	7.3598	0
7.5	0.979796	7.37944	0
7.5	0.983485	5.89527	29650
7.5	0.983485	6.06438	35480.3
7.5	0.983485	6.19822	38081.1
7.5	0.983485	6.30899	36222.7
7.5	0.983485	6.40348	25950.9
7.5	0.983485	6.48588	21978.1
7.5	0.983485	6.55893	20193.6
7.5	0.983485	6.62453	14573.9
7.5	0.983485	6.68407	10302.2
7.5	0.983485	6.73858	9308.42
7.5	0.983485	6.78883	8435.98
7.5	0.983485	6.83544	6683.56
7.5	0.983485	6.87891	4516.38
7.5	0.983485	6.91964	2826.21
7.5	0.983485	6.95794	1707.51
7.5	0.983485	6.99409	928.327
7.5	0.983485	7.02832	498.765
7.5	0.983485	7.06083	235.112
7.5	0.983485	7.09178	93.981
7.5	0.983485	7.1213	27.2619
7.5	0.983485	7.14954	1.67582
7.5	0.983485	7.17658	0
7.5	0.983485	7.20254	0
7.5	0.983485	7.2275	0
7.5	0.983485	7.25152	0
7.5	0.983485	7.27468	0
7.5	0.983485	7.29704	0
7.5	0.983485	7.31865	0
7.5	0.983485	7.33955	0
7.5	0.983485	7.3598	0
7.5	0.983485	7.37944	0
7.5	0.985793	5.89527	33031.8
7.5	0.985793	6.06438	39962.4
7.5	0.985793	6.19822	51471.9
7.5	0.985793	6.30899	55397.1
7.5	0.985793	6.40348	44941.5
7.5	0.985793	6.48588	38755
7.5	0.985793	6.55893	29578
7.5	0.985793	6.62453	25520.7
7.5	0.985793	6.68407	17279.4
7.5	0.985793	6.73858	15966.9
7.5	0.985793	6.78883	14926
7.5	0.985793	6.83544	12798.3
7.5	0.985793	6.87891	11167.1
7.5	0.985793	6.91964	8376.97
7.5	0.985793	6.95794	5549.03
7.5	0.985793	6.99409	3601.72
7.5	0.985793	7.02832	2210.61
7.5	0.985793	7.06083	1182.51
7.5	0.985793	7.09178	579.863
7.5	0.985793	7.1213	285.12
7.5	0.985793	7.14954	129.248
7.5	0.985793	7.17658	35.5223
7.5	0.985793	7.20254	7.04246
7.5	0.985793	7.2275	0.00431344
7.5	0.985793	7.25152	0
7.5	0.985793	7.27468	0
7.5	0.985793	7.29704	0
7.5	0.985793	7.31865	0
7.5	0.985793	7.33955	0
7.5	0.985793	7.3598	0
7.5	0.985793	7.37944	0
7.5	0.987477	5.89527	36927.9
7.5	0.987477	6.06438	44389.6
7.5	0.987477	6.19822	56226.6
7.5	0.987477	6.30899	66563.5
7.5	0.987477	6.40348	66533.4
7.5	0.987477	6.48588	64490.6
7.5	0.987477	6.55893	47784.1
7.5	0.987477	6.62453	30840.7
7.5	0.987477	6.68407	24689.3
7.5	0.987477	6.73858	23978.8
7.5	0.987477	6.78883	21286.7
7.5	0.987477	6.83544	20267.3
7.5	0.987477	6.87891	17968.9
7.5	0.987477	6.91964	15297.1
7.5	0.987477	6.95794	12629.1
7.5	0.987477	6.99409	9051.94
7.5	0.987477	7.02832	5520.97
7.5	0.987477	7.06083	3345.98
7.5	0.987477	7.09178	1963.95
7.5	0.987477	7.1213	1080.43
7.5	0.987477	7.14954	535.848
7.5	0.987477	7.17658	249.226
7.5	0.987477	7.20254	99.4936
7.5	0.987477	7.2275	26.5893
7.5	0.987477	7.25152	1.60736
7.5	0.987477	7.27468	0
7.5	0.987477	7.29704	0
7.5	0.987477	7.31865	0
7.5	0.987477	7.33955	0
7.5	0.987477	7.3598	0
7.5	0.987477	7.37944	0
7.5	0.988804	5.89527	42636.8
7.5	0.988804	6.06438	48975.2
7.5	0.988804	6.19822	62410
7.5	0.988804	6.30899	68266.3
7.5	0.988804	6.40348	79515.4
7.5	0.988804	6.48588	80852.6
7.5	0.988804	6.55893	75820.9
7.5	0.988804	6.62453	51773.9
7.5	0.988804	6.68407	43449.8
7.5	0.988804	6.73858	31132.1
7.5	0.988804	6.78883	32887.2
7.5	0.988804	6.83544	31920.5
7.5	0.988804	6.87891	25863.2
7.5	0.988804	6.91964	21534.2
7.5	0.988804	6.95794	20735.9
7.5	0.988804	6.99409	16604.2
7.5	0.988804	7.02832	12221.1
7.5	0.988804	7.06083	7896.79
7.5	0.988804	7.09178	4654.68
7.5	0.988804	7.1213	2743.23
7.5	0.988804	7.14954	1496.65
7.5	0.988804	7.17658	777.524
7.5	0.988804	7.20254	390.801
7.5	0.988804	7.2275	163.547
7.5	0.988804	7.25152	51.5939
7.5	0.988804	7.27468	6.44586
7.5	0.988804	7.29704	0.00113847
7.5	0.988804	7.31865	0
7.5	0.988804	7.33955	0
7.5	0.988804	7.3598	0
7.5	0.988804	7.37944	0
7.5	0.989898	5.89527	48896.7
7.5	0.989898	6.06438	52941.3
7.5	0.989898	6.19822	63336.5
7.5	0.989898	6.30899	71854.9
7.5	0.989898	6.40348	81383
7.5	0.989898	6.48588	97075.6
7.5	0.989898	6.55893	96055.7
7.5	0.989898	6.62453	83360.8
7.5	0.989898	6.68407	56830.3
7.5	0.989898	6.73858	49941.3
7.5	0.989898	6.78883	42627.8
7.5	0.989898	6.83544	39340.4
7.5	0.989898	6.87891	38673.5
7.5	0.989898	6.91964	31859.5
7.5	0.989898	6.95794	31889.8
7.5	0.989898	6.99409	24518.1
7.5	0.989898	7.02832	19856.4
7.5	0.989898	7.06083	15067.2
7.5	0.989898	7.09178	10189.5
7.5	0.989898	7.1213	5967.62
7.5	0.989898	7.14954	3425.88
7.5	0.989898	7.17658	1870.45
7.5	0.989898	7.20254	1003.09
7.5	0.989898	7.2275	473.593
7.5	0.989898	7.25152	206.391
7.5	0.989898	7.27468	61.0778
7.5	0.989898	7.29704	7.8358
7.5	0.989898	7.31865	0.00123264
7.5	0.989898	7.33955	0
7.5	0.989898	7.3598	0
7.5	0.989898	7.37944	0
7.5	0.99083	5.89527	55361.1
7.5	0.99083	6.06438	57114.3
7.5	0.99083	6.19822	65780
7.5	0.99083	6.30899	74745.6
7.5	0.99083	6.40348	87379.4
7.5	0.99083	6.48588	102431
7.5	0.99083	6.55893	118486
7.5	0.99083	6.62453	106337
7.5	0.99083	6.68407	87148.5
7.5	0.99083	6.73858	66001.6
7.5	0.99083	6.78883	61866.7
7.5	0.99083	6.83544	53352.1
7.5	0.99083	6.87891	47767.1
7.5	0.99083	6.91964	46565.1
7.5	0.99083	6.95794	50119.1
7.5	0.99083	6.99409	33452.2
7.5	0.99083	7.02832	27852.9
7.5	0.99083	7.06083	22960.7
7.5	0.99083	7.09178	17930.2
7.5	0.99083	7.1213	12193.9
7.5	0.99083	7.14954	7061.92
7.5	0.99083	7.17658	3967.76
7.5	0.99083	7.20254	2179.28
7.5	0.99083	7.2275	1113.73
7.5	0.99083	7.25152	529.762
7.5	0.99083	7.27468	215.593
7.5	0.99083	7.29704	66.894
7.5	0.99083	7.31865	6.84711
7.5	0.99083	7.33955	1.74751e-05
7.5	0.99083	7.3598	0
7.5	0.99083	7.37944	0
7.5	0.991641	5.89527	61875.9
7.5	0.991641	6.06438	62678.2
7.5	0.991641	6.19822	69345.8
7.5	0.991641	6.30899	76881.2
7.5	0.991641	6.40348	91682.7
7.5	0.991641	6.48588	109897
7.5	0.991641	6.55893	130305
7.5	0.991641	6.62453	134723
7.5	0.991641	6.68407	118818
7.5	0.991641	6.73858	92161.2
7.5	0.991641	6.78883	80216.9
7.5	0.991641	6.83544	74013.9
7.5	0.991641	6.87891	62688.5
7.5	0.991641	6.91964	55718.5
7.5	0.991641	6.95794	68989.1
7.5	0.991641	6.99409	51308.9
7.5	0.991641	7.02832	36530.6
7.5	0.991641	7.06083	31566.1
7.5	0.991641	7.09178	26336.2
7.5	0.991641	7.1213	20448.6
7.5	0.991641	7.14954	13787.9
7.5	0.991641	7.17658	7846.06
7.5	0.991641	7.20254	4275.56
7.5	0.991641	7.2275	2289.04
7.5	0.991641	7.25152	1101.35
7.5	0.991641	7.27468	516.91
7.5	0.991641	7.29704	206.8
7.5	0.991641	7.31865	51.3253
7.5	0.991641	7.33955	2.23547
7.5	0.991641	7.3598	0
7.5	0.991641	7.37944	0
7.5	0.992359	5.89527	67258
7.5	0.992359	6.06438	68753.1
7.5	0.992359	6.19822	72437.1
7.5	0.992359	6.30899	80909.4
7.5	0.992359	6.40348	92994.1
7.5	0.992359	6.48588	115966
7.5	0.992359	6.55893	140215
7.5	0.992359	6.62453	155454
7.5	0.992359	6.68407	150037
7.5	0.992359	6.73858	132030
7.5	0.992359	6.78883	105265
7.5	0.992359	6.83544	93386.3
7.5	0.992359	6.87891	83783.2
7.5	0.992359	6.91964	71181.4
7.5	0.992359	6.95794	83975
7.5	0.992359	6.99409	67905.8
7.5	0.992359	7.02832	54540.1
7.5	0.992359	7.06083	42116.3
7.5	0.992359	7.09178	35936.6
7.5	0.992359	7.1213	29560.9
7.5	0.992359	7.14954	23058.2
7.5	0.992359	7.17658	14981.3
7.5	0.992359	7.20254	8204.17
7.5	0.992359	7.2275	4256.12
7.5	0.992359	7.25152	2181.14
7.5	0.992359	7.27468	1012.24
7.5	0.992359	7.29704	463.028
7.5	0.992359	7.31865	158.682
7.5	0.992359	7.33955	26.265
7.5	0.992359	7.3598	0.0539195
7.5	0.992359	7.37944	0
7.5	0.993003	5.89527	70686.4
7.5	0.993003	6.06438	74584.9
7.5	0.993003	6.19822	77133.3
7.5	0.993003	6.30899	85041
7.5	0.993003	6.40348	95203.3
7.5	0.993003	6.48588	120507
7.5	0.993003	6.55893	149487
7.5	0.993003	6.62453	168026
7.5	0.993003	6.68407	179636
7.5	0.993003	6.73858	162995
7.5	0.993003	6.78883	145264
7.5	0.993003	6.83544	118302
7.5	0.993003	6.87891	102842
7.5	0.993003	6.91964	87464.7
7.5	0.993003	6.95794	104878
7.5	0.993003	6.99409	83348.1
7.5	0.993003	7.02832	71563.6
7.5	0.993003	7.06083	61799
7.5	0.993003	7.09178	49392.3
7.5	0.993003	7.1213	40318.7
7.5	0.993003	7.14954	33884.1
7.5	0.993003	7.17658	25006.8
7.5	0.993003	7.20254	15459.7
7.5	0.993003	7.2275	8021.26
7.5	0.993003	7.25152	3946.42
7.5	0.993003	7.27468	1915.58
7.5	0.993003	7.29704	873.153
7.5	0.993003	7.31865	358.746
7.5	0.993003	7.33955	98.8452
7.5	0.993003	7.3598	6.46608
7.5	0.993003	7.37944	0
7.5	0.993587	5.89527	74217.1
7.5	0.993587	6.06438	79320.4
7.5	0.993587	6.19822	82515.8
7.5	0.993587	6.30899	87294.6
7.5	0.993587	6.40348	97968.3
7.5	0.993587	6.48588	122700
7.5	0.993587	6.55893	157293
7.5	0.993587	6.62453	180334
7.5	0.993587	6.68407	196272
7.5	0.993587	6.73858	198911
7.5	0.993587	6.78883	179784
7.5	0.993587	6.83544	154977
7.5	0.993587	6.87891	129309
7.5	0.993587	6.91964	107545
7.5	0.993587	6.95794	118209
7.5	0.993587	6.99409	102011
7.5	0.993587	7.02832	90414.9
7.5	0.993587	7.06083	81479.4
7.5	0.993587	7.09178	71778.7
7.5	0.993587	7.1213	55949.9
7.5	0.993587	7.14954	46550.8
7.5	0.993587	7.17658	37175.9
7.5	0.993587	7.20254	25949.1
7.5	0.993587	7.2275	14866.9
7.5	0.993587	7.25152	7166.6
7.5	0.993587	7.27468	3376.4
7.5	0.993587	7.29704	1565.62
7.5	0.993587	7.31865	660.749
7.5	0.993587	7.33955	227.31
7.5	0.993587	7.3598	33.7307
7.5	0.993587	7.37944	0
7.5	0.994122	5.89527	80515.6
7.5	0.994122	6.06438	82805.5
7.5	0.994122	6.19822	88221.6
7.5	0.994122	6.30899	90604.2
7.5	0.994122	6.40348	100170
7.5	0.994122	6.48588	124615
7.5	0.994122	6.55893	163829
7.5	0.994122	6.62453	190627
7.5	0.994122	6.68407	212381
7.5	0.994122	6.73858	222413
7.5	0.994122	6.78883	218806
7.5	0.994122	6.83544	191138
7.5	0.994122	6.87891	165936
7.5	0.994122	6.91964	135591
7.5	0.994122	6.95794	141877
7.5	0.994122	6.99409	116435
7.5	0.994122	7.02832	105092
7.5	0.994122	7.06083	104498
7.5	0.994122	7.09178	95404.8
7.5	0.994122	7.1213	82884.6
7.5	0.994122	7.14954	64489.2
7.5	0.994122	7.17658	51183.9
7.5	0.994122	7.20254	38710.4
7.5	0.994122	7.2275	25180.5
7.5	0.994122	7.25152	13173.6
7.5	0.994122	7.27468	5835.31
7.5	0.994122	7.29704	2668.32
7.5	0.994122	7.31865	1084.88
7.5	0.994122	7.33955	379.465
7.5	0.994122	7.3598	66.1902
7.5	0.994122	7.37944	0
7.5	0.994614	5.89527	86779.8
7.5	0.994614	6.06438	85251.5
7.5	0.994614	6.19822	93638.4
7.5	0.994614	6.30899	93809.8
7.5	0.994614	6.40348	101724
7.5	0.994614	6.48588	124998
7.5	0.994614	6.55893	167302
7.5	0.994614	6.62453	198771
7.5	0.994614	6.68407	225874
7.5	0.994614	6.73858	244174
7.5	0.994614	6.78883	251861
7.5	0.994614	6.83544	233649
7.5	0.994614	6.87891	197789
7.5	0.994614	6.91964	171662
7.5	0.994614	6.95794	162992
7.5	0.994614	6.99409	135334
7.5	0.994614	7.02832	123014
7.5	0.994614	7.06083	121128
7.5	0.994614	7.09178	120527
7.5	0.994614	7.1213	111675
7.5	0.994614	7.14954	97986
7.5	0.994614	7.17658	71266.7
7.5	0.994614	7.20254	53272
7.5	0.994614	7.2275	37957.6
7.5	0.994614	7.25152	22647.2
7.5	0.994614	7.27468	10721.6
7.5	0.994614	7.29704	4346.2
7.5	0.994614	7.31865	1771.24
7.5	0.994614	7.33955	576.645
7.5	0.994614	7.3598	92.7381
7.5	0.994614	7.37944	0
7.5	0.995071	5.89527	93790.8
7.5	0.995071	6.06438	89910.4
7.5	0.995071	6.19822	98692
7.5	0.995071	6.30899	98066.4
7.5	0.995071	6.40348	103461
7.5	0.995071	6.48588	126029
7.5	0.995071	6.55893	167543
7.5	0.995071	6.62453	205512
7.5	0.995071	6.68407	236105
7.5	0.995071	6.73858	262938
7.5	0.995071	6.78883	282328
7.5	0.995071	6.83544	276599
7.5	0.995071	6.87891	241673
7.5	0.995071	6.91964	208524
7.5	0.995071	6.95794	189078
7.5	0.995071	6.99409	159940
7.5	0.995071	7.02832	139460
7.5	0.995071	7.06083	137975
7.5	0.995071	7.09178	144424
7.5	0.995071	7.1213	139570
7.5	0.995071	7.14954	134700
7.5	0.995071	7.17658	105646
7.5	0.995071	7.20254	74719.1
7.5	0.995071	7.2275	52613.1
7.5	0.995071	7.25152	35592.1
7.5	0.995071	7.27468	19056.9
7.5	0.995071	7.29704	7699.45
7.5	0.995071	7.31865	2848.9
7.5	0.995071	7.33955	892.877
7.5	0.995071	7.3598	113.945
7.5	0.995071	7.37944	0
7.5	0.995497	5.89527	100385
7.5	0.995497	6.06438	95345.9
7.5	0.995497	6.19822	103256
7.5	0.995497	6.30899	102619
7.5	0.995497	6.40348	105777
7.5	0.995497	6.48588	126432
7.5	0.995497	6.55893	166719
7.5	0.995497	6.62453	208496
7.5	0.995497	6.68407	243391
7.5	0.995497	6.73858	278540
7.5	0.995497	6.78883	310128
7.5	0.995497	6.83544	316919
7.5	0.995497	6.87891	292826
7.5	0.995497	6.91964	246126
7.5	0.995497	6.95794	225246
7.5	0.995497	6.99409	188012
7.5	0.995497	7.02832	164144
7.5	0.995497	7.06083	160480
7.5	0.995497	7.09178	164843
7.5	0.995497	7.1213	172179
7.5	0.995497	7.14954	175594
7.5	0.995497	7.17658	150556
7.5	0.995497	7.20254	106397
7.5	0.995497	7.2275	72901.3
7.5	0.995497	7.25152	51727.6
7.5	0.995497	7.27468	31419.8
7.5	0.995497	7.29704	14102.9
7.5	0.995497	7.31865	4705.52
7.5	0.995497	7.33955	1422.74
7.5	0.995497	7.3598	178.982
7.5	0.995497	7.37944	0
7.5	0.995895	5.89527	106813
7.5	0.995895	6.06438	100783
7.5	0.995895	6.19822	106726
7.5	0.995895	6.30899	106537
7.5	0.995895	6.40348	108065
7.5	0.995895	6.48588	126550
7.5	0.995895	6.55893	165789
7.5	0.995895	6.62453	208195
7.5	0.995895	6.68407	247254
7.5	0.995895	6.73858	289174
7.5	0.995895	6.78883	334307
7.5	0.995895	6.83544	356451
7.5	0.995895	6.87891	342038
7.5	0.995895	6.91964	298059
7.5	0.995895	6.95794	254592
7.5	0.995895	6.99409	229700
7.5	0.995895	7.02832	191460
7.5	0.995895	7.06083	183763
7.5	0.995895	7.09178	191143
7.5	0.995895	7.1213	202004
7.5	0.995895	7.14954	215754
7.5	0.995895	7.17658	196081
7.5	0.995895	7.20254	154444
7.5	0.995895	7.2275	101126
7.5	0.995895	7.25152	71201.6
7.5	0.995895	7.27468	47669.5
7.5	0.995895	7.29704	24901.3
7.5	0.995895	7.31865	8574.92
7.5	0.995895	7.33955	2272.69
7.5	0.995895	7.3598	349.732
7.5	0.995895	7.37944	0
7.5	0.99627	5.89527	112196
7.5	0.99627	6.06438	106679
7.5	0.99627	6.19822	109946
7.5	0.99627	6.30899	109708
7.5	0.99627	6.40348	111559
7.5	0.99627	6.48588	127155
7.5	0.99627	6.55893	164810
7.5	0.99627	6.62453	204889
7.5	0.99627	6.68407	247744
7.5	0.99627	6.73858	295064
7.5	0.99627	6.78883	352416
7.5	0.99627	6.83544	391595
7.5	0.99627	6.87891	392996
7.5	0.99627	6.91964	353860
7.5	0.99627	6.95794	298404
7.5	0.99627	6.99409	259298
7.5	0.99627	7.02832	232637
7.5	0.99627	7.06083	213167
7.5	0.99627	7.09178	219725
7.5	0.99627	7.1213	230628
7.5	0.99627	7.14954	256594
7.5	0.99627	7.17658	247152
7.5	0.99627	7.20254	206006
7.5	0.99627	7.2275	149180
7.5	0.99627	7.25152	98181.4
7.5	0.99627	7.27468	66743.5
7.5	0.99627	7.29704	40010.9
7.5	0.99627	7.31865	15903
7.5	0.99627	7.33955	3742.68
7.5	0.99627	7.3598	534.858
7.5	0.99627	7.37944	0
7.5	0.996624	5.89527	117607
7.5	0.996624	6.06438	113038
7.5	0.996624	6.19822	112013
7.5	0.996624	6.30899	112416
7.5	0.996624	6.40348	114156
7.5	0.996624	6.48588	128591
7.5	0.996624	6.55893	164906
7.5	0.996624	6.62453	202293
7.5	0.996624	6.68407	243881
7.5	0.996624	6.73858	296539
7.5	0.996624	6.78883	364713
7.5	0.996624	6.83544	421016
7.5	0.996624	6.87891	441177
7.5	0.996624	6.91964	414124
7.5	0.996624	6.95794	353949
7.5	0.996624	6.99409	298513
7.5	0.996624	7.02832	264342
7.5	0.996624	7.06083	248373
7.5	0.996624	7.09178	248568
7.5	0.996624	7.1213	266066
7.5	0.996624	7.14954	296474
7.5	0.996624	7.17658	293038
7.5	0.996624	7.20254	261091
7.5	0.996624	7.2275	206224
7.5	0.996624	7.25152	138822
7.5	0.996624	7.27468	90624.2
7.5	0.996624	7.29704	61732.1
7.5	0.996624	7.31865	27329.7
7.5	0.996624	7.33955	6975.78
7.5	0.996624	7.3598	696.083
7.5	0.996624	7.37944	0
7.5	0.996959	5.89527	124623
7.5	0.996959	6.06438	118560
7.5	0.996959	6.19822	113719
7.5	0.996959	6.30899	113673
7.5	0.996959	6.40348	115229
7.5	0.996959	6.48588	132806
7.5	0.996959	6.55893	165765
7.5	0.996959	6.62453	198946
7.5	0.996959	6.68407	237540
7.5	0.996959	6.73858	293142
7.5	0.996959	6.78883	369678
7.5	0.996959	6.83544	443135
7.5	0.996959	6.87891	484424
7.5	0.996959	6.91964	474399
7.5	0.996959	6.95794	417514
7.5	0.996959	6.99409	348216
7.5	0.996959	7.02832	297373
7.5	0.996959	7.06083	278415
7.5	0.996959	7.09178	277326
7.5	0.996959	7.1213	296495
7.5	0.996959	7.14954	336067
7.5	0.996959	7.17658	335866
7.5	0.996959	7.20254	317851
7.5	0.996959	7.2275	276111
7.5	0.996959	7.25152	198686
7.5	0.996959	7.27468	123584
7.5	0.996959	7.29704	91394.5
7.5	0.996959	7.31865	43461.2
7.5	0.996959	7.33955	13251.7
7.5	0.996959	7.3598	1095.12
7.5	0.996959	7.37944	0
7.5	0.997277	5.89527	130880
7.5	0.997277	6.06438	122641
7.5	0.997277	6.19822	115492
7.5	0.997277	6.30899	115734
7.5	0.997277	6.40348	116978
7.5	0.997277	6.48588	136954
7.5	0.997277	6.55893	167222
7.5	0.997277	6.62453	196346
7.5	0.997277	6.68407	229836
7.5	0.997277	6.73858	285424
7.5	0.997277	6.78883	369303
7.5	0.997277	6.83544	457049
7.5	0.997277	6.87891	520123
7.5	0.997277	6.91964	531352
7.5	0.997277	6.95794	486806
7.5	0.997277	6.99409	407193
7.5	0.997277	7.02832	339790
7.5	0.997277	7.06083	304030
7.5	0.997277	7.09178	300453
7.5	0.997277	7.1213	327592
7.5	0.997277	7.14954	371414
7.5	0.997277	7.17658	386218
7.5	0.997277	7.20254	374747
7.5	0.997277	7.2275	353885
7.5	0.997277	7.25152	278587
7.5	0.997277	7.27468	177072
7.5	0.997277	7.29704	131737
7.5	0.997277	7.31865	64845.1
7.5	0.997277	7.33955	23739.5
7.5	0.997277	7.3598	2932.31
7.5	0.997277	7.37944	0
7.5	0.997579	5.89527	135581
7.5	0.997579	6.06438	125032
7.5	0.997579	6.19822	117145
7.5	0.997579	6.30899	117977
7.5	0.997579	6.40348	119097
7.5	0.997579	6.48588	140529
7.5	0.997579	6.55893	170747
7.5	0.997579	6.62453	193599
7.5	0.997579	6.68407	222405
7.5	0.997579	6.73858	274048
7.5	0.997579	6.78883	363098
7.5	0.997579	6.83544	461865
7.5	0.997579	6.87891	546250
7.5	0.997579	6.91964	581707
7.5	0.997579	6.95794	556677
7.5	0.997579	6.99409	476183
7.5	0.997579	7.02832	391520
7.5	0.997579	7.06083	337080
7.5	0.997579	7.09178	320373
7.5	0.997579	7.1213	350464
7.5	0.997579	7.14954	413903
7.5	0.997579	7.17658	428107
7.5	0.997579	7.20254	425829
7.5	0.997579	7.2275	417031
7.5	0.997579	7.25152	378063
7.5	0.997579	7.27468	252476
7.5	0.997579	7.29704	185589
7.5	0.997579	7.31865	91579.6
7.5	0.997579	7.33955	39422.7
7.5	0.997579	7.3598	7367.5
7.5	0.997579	7.37944	0
7.5	0.997868	5.89527	140051
7.5	0.997868	6.06438	127783
7.5	0.997868	6.19822	121068
7.5	0.997868	6.30899	119238
7.5	0.997868	6.40348	120294
7.5	0.997868	6.48588	142391
7.5	0.997868	6.55893	174747
7.5	0.997868	6.62453	190526
7.5	0.997868	6.68407	214314
7.5	0.997868	6.73858	261632
7.5	0.997868	6.78883	351973
7.5	0.997868	6.83544	460991
7.5	0.997868	6.87891	561688
7.5	0.997868	6.91964	622921
7.5	0.997868	6.95794	623104
7.5	0.997868	6.99409	552384
7.5	0.997868	7.02832	452661
7.5	0.997868	7.06083	377543
7.5	0.997868	7.09178	345092
7.5	0.997868	7.1213	361389
7.5	0.997868	7.14954	447673
7.5	0.997868	7.17658	478780
7.5	0.997868	7.20254	469160
7.5	0.997868	7.2275	460034
7.5	0.997868	7.25152	477874
7.5	0.997868	7.27468	354588
7.5	0.997868	7.29704	266289
7.5	0.997868	7.31865	125582
7.5	0.997868	7.33955	59562.4
7.5	0.997868	7.3598	13454.3
7.5	0.997868	7.37944	0
7.5	0.998144	5.89527	142860
7.5	0.998144	6.06438	129120
7.5	0.998144	6.19822	126195
7.5	0.998144	6.30899	122535
7.5	0.998144	6.40348	120870
7.5	0.998144	6.48588	147224
7.5	0.998144	6.55893	177157
7.5	0.998144	6.62453	187194
7.5	0.998144	6.68407	206161
7.5	0.998144	6.73858	248865
7.5	0.998144	6.78883	336719
7.5	0.998144	6.83544	452957
7.5	0.998144	6.87891	568856
7.5	0.998144	6.91964	653132
7.5	0.998144	6.95794	681563
7.5	0.998144	6.99409	630928
7.5	0.998144	7.02832	524842
7.5	0.998144	7.06083	427363
7.5	0.998144	7.09178	372701
7.5	0.998144	7.1213	377700
7.5	0.998144	7.14954	449340
7.5	0.998144	7.17658	523877
7.5	0.998144	7.20254	527553
7.5	0.998144	7.2275	493074
7.5	0.998144	7.25152	538552
7.5	0.998144	7.27468	477338
7.5	0.998144	7.29704	378608
7.5	0.998144	7.31865	173763
7.5	0.998144	7.33955	83268
7.5	0.998144	7.3598	20371.2
7.5	0.998144	7.37944	0
7.5	0.998408	5.89527	143756
7.5	0.998408	6.06438	128454
7.5	0.998408	6.19822	131011
7.5	0.998408	6.30899	127641
7.5	0.998408	6.40348	125145
7.5	0.998408	6.48588	152563
7.5	0.998408	6.55893	179392
7.5	0.998408	6.62453	182786
7.5	0.998408	6.68407	197297
7.5	0.998408	6.73858	235619
7.5	0.998408	6.78883	319757
7.5	0.998408	6.83544	437679
7.5	0.998408	6.87891	566412
7.5	0.998408	6.91964	672930
7.5	0.998408	6.95794	728913
7.5	0.998408	6.99409	705374
7.5	0.998408	7.02832	605341
7.5	0.998408	7.06083	487735
7.5	0.998408	7.09178	409342
7.5	0.998408	7.1213	390297
7.5	0.998408	7.14954	454503
7.5	0.998408	7.17658	529717
7.5	0.998408	7.20254	584290
7.5	0.998408	7.2275	542556
7.5	0.998408	7.25152	572140
7.5	0.998408	7.27468	567706
7.5	0.998408	7.29704	525692
7.5	0.998408	7.31865	253336
7.5	0.998408	7.33955	112164
7.5	0.998408	7.3598	29486.4
7.5	0.998408	7.37944	0
7.5	0.998662	5.89527	142597
7.5	0.998662	6.06438	125392
7.5	0.998662	6.19822	133090
7.5	0.998662	6.30899	133689
7.5	0.998662	6.40348	132157
7.5	0.998662	6.48588	155654
7.5	0.998662	6.55893	179374
7.5	0.998662	6.62453	178144
7.5	0.998662	6.68407	187616
7.5	0.998662	6.73858	221685
7.5	0.998662	6.78883	301477
7.5	0.998662	6.83544	419297
7.5	0.998662	6.87891	555751
7.5	0.998662	6.91964	681568
7.5	0.998662	6.95794	762839
7.5	0.998662	6.99409	771407
7.5	0.998662	7.02832	689358
7.5	0.998662	7.06083	558929
7.5	0.998662	7.09178	453172
7.5	0.998662	7.1213	412882
7.5	0.998662	7.14954	455211
7.5	0.998662	7.17658	529432
7.5	0.998662	7.20254	611540
7.5	0.998662	7.2275	610420
7.5	0.998662	7.25152	626003
7.5	0.998662	7.27468	611647
7.5	0.998662	7.29704	675641
7.5	0.998662	7.31865	368105
7.5	0.998662	7.33955	153402
7.5	0.998662	7.3598	42837.7
7.5	0.998662	7.37944	0
7.5	0.998906	5.89527	138620
7.5	0.998906	6.06438	120303
7.5	0.998906	6.19822	131808
7.5	0.998906	6.30899	136720
7.5	0.998906	6.40348	138476
7.5	0.998906	6.48588	157599
7.5	0.998906	6.55893	176640
7.5	0.998906	6.62453	171961
7.5	0.998906	6.68407	178434
7.5	0.998906	6.73858	207375
7.5	0.998906	6.78883	281897
7.5	0.998906	6.83544	396492
7.5	0.998906	6.87891	534644
7.5	0.998906	6.91964	676464
7.5	0.998906	6.95794	783047
7.5	0.998906	6.99409	823804
7.5	0.998906	7.02832	770435
7.5	0.998906	7.06083	639095
7.5	0.998906	7.09178	507995
7.5	0.998906	7.1213	441068
7.5	0.998906	7.14954	462523
7.5	0.998906	7.17658	523680
7.5	0.998906	7.20254	612847
7.5	0.998906	7.2275	672980
7.5	0.998906	7.25152	718178
7.5	0.998906	7.27468	660715
7.5	0.998906	7.29704	781292
7.5	0.998906	7.31865	518953
7.5	0.998906	7.33955	224031
7.5	0.998906	7.3598	62579.5
7.5	0.998906	7.37944	0
7.5	0.99914	5.89527	133344
7.5	0.99914	6.06438	114155
7.5	0.99914	6.19822	127179
7.5	0.99914	6.30899	135690
7.5	0.99914	6.40348	140155
7.5	0.99914	6.48588	157958
7.5	0.99914	6.55893	172322
7.5	0.99914	6.62453	163777
7.5	0.99914	6.68407	168201
7.5	0.99914	6.73858	194416
7.5	0.99914	6.78883	263638
7.5	0.99914	6.83544	370604
7.5	0.99914	6.87891	505940
7.5	0.99914	6.91964	653773
7.5	0.99914	6.95794	783696
7.5	0.99914	6.99409	860985
7.5	0.99914	7.02832	840035
7.5	0.99914	7.06083	720782
7.5	0.99914	7.09178	571300
7.5	0.99914	7.1213	476336
7.5	0.99914	7.14954	473055
7.5	0.99914	7.17658	515933
7.5	0.99914	7.20254	612433
7.5	0.99914	7.2275	677865
7.5	0.99914	7.25152	847494
7.5	0.99914	7.27468	766368
7.5	0.99914	7.29704	869250
7.5	0.99914	7.31865	655672
7.5	0.99914	7.33955	334069
7.5	0.99914	7.3598	91565.8
7.5	0.99914	7.37944	0
7.5	0.999367	5.89527	125828
7.5	0.999367	6.06438	108291
7.5	0.999367	6.19822	120155
7.5	0.999367	6.30899	130146
7.5	0.999367	6.40348	137967
7.5	0.999367	6.48588	155033
7.5	0.999367	6.55893	164424
7.5	0.999367	6.62453	156342
7.5	0.999367	6.68407	158957
7.5	0.999367	6.73858	183385
7.5	0.999367	6.78883	245686
7.5	0.999367	6.83544	343848
7.5	0.999367	6.87891	466417
7.5	0.999367	6.91964	612435
7.5	0.999367	6.95794	758949
7.5	0.999367	6.99409	871755
7.5	0.999367	7.02832	893652
7.5	0.999367	7.06083	795880
7.5	0.999367	7.09178	637115
7.5	0.999367	7.1213	520064
7.5	0.999367	7.14954	489233
7.5	0.999367	7.17658	516405
7.5	0.999367	7.20254	590106
7.5	0.999367	7.2275	680720
7.5	0.999367	7.25152	862482
7.5	0.999367	7.27468	943197
7.5	0.999367	7.29704	1.00984e+06
7.5	0.999367	7.31865	779213
7.5	0.999367	7.33955	476589
7.5	0.999367	7.3598	146051
7.5	0.999367	7.37944	0
7.5	0.999585	5.89527	115040
7.5	0.999585	6.06438	100232
7.5	0.999585	6.19822	111480
7.5	0.999585	6.30899	122403
7.5	0.999585	6.40348	132737
7.5	0.999585	6.48588	149610
7.5	0.999585	6.55893	154039
7.5	0.999585	6.62453	148634
7.5	0.999585	6.68407	150443
7.5	0.999585	6.73858	171004
7.5	0.999585	6.78883	229819
7.5	0.999585	6.83544	316073
7.5	0.999585	6.87891	417981
7.5	0.999585	6.91964	550545
7.5	0.999585	6.95794	704393
7.5	0.999585	6.99409	844252
7.5	0.999585	7.02832	911224
7.5	0.999585	7.06083	855569
7.5	0.999585	7.09178	698960
7.5	0.999585	7.1213	566279
7.5	0.999585	7.14954	511649
7.5	0.999585	7.17658	510272
7.5	0.999585	7.20254	570597
7.5	0.999585	7.2275	638288
7.5	0.999585	7.25152	853572
7.5	0.999585	7.27468	973638
7.5	0.999585	7.29704	1.19443e+06
7.5	0.999585	7.31865	1.03071e+06
7.5	0.999585	7.33955	595679
7.5	0.999585	7.3598	296432
7.5	0.999585	7.37944	0
7.5	0.999796	5.89527	102768
7.5	0.999796	6.06438	92774.7
7.5	0.999796	6.19822	99244.9
7.5	0.999796	6.30899	111411
7.5	0.999796	6.40348	123510
7.5	0.999796	6.48588	136746
7.5	0.999796	6.55893	140098
7.5	0.999796	6.62453	133470
7.5	0.999796	6.68407	136934
7.5	0.999796	6.73858	158858
7.5	0.999796	6.78883	211630
7.5	0.999796	6.83544	280198
7.5	0.999796	6.87891	360452
7.5	0.999796	6.91964	471939
7.5	0.999796	6.95794	611876
7.5	0.999796	6.99409	760661
7.5	0.999796	7.02832	870324
7.5	0.999796	7.06083	868163
7.5	0.999796	7.09178	742112
7.5	0.999796	7.1213	607011
7.5	0.999796	7.14954	530201
7.5	0.999796	7.17658	516830
7.5	0.999796	7.20254	544860
7.5	0.999796	7.2275	580810
7.5	0.999796	7.25152	756089
7.5	0.999796	7.27468	935992
7.5	0.999796	7.29704	1.29158e+06
7.5	0.999796	7.31865	1.5616e+06
7.5	0.999796	7.33955	840813
7.5	0.999796	7.3598	410721
7.5	0.999796	7.37944	0
7.5	1	5.89527	88007.7
7.5	1	6.06438	72831.9
7.5	1	6.19822	75407.3
7.5	1	6.30899	99085.7
7.5	1	6.40348	120621
7.5	1	6.48588	118479
7.5	1	6.55893	116623
7.5	1	6.62453	113167
7.5	1	6.68407	109476
7.5	1	6.73858	129039
7.5	1	6.78883	165793
7.5	1	6.83544	225574
7.5	1	6.87891	288318
7.5	1	6.91964	357801
7.5	1	6.95794	455698
7.5	1	6.99409	579957
7.5	1	7.02832	699429
7.5	1	7.06083	749431
7.5	1	7.09178	688196
7.5	1	7.1213	593728
7.5	1	7.14954	532224
7.5	1	7.17658	515558
7.5	1	7.20254	514360
7.5	1	7.2275	503065
7.5	1	7.25152	571530
7.5	1	7.27468	716819
7.5	1	7.29704	1.29036e+06
7.5	1	7.31865	1.91537e+06
7.5	1	7.33955	1.48423e+06
7.5	1	7.3598	261352
7.5	1	7.37944	0
