0.1225     -1     0      0
0.1225     -1     0.00170459      12.0107
0.1225     -1     0.00305363      15.0845
0.1225     -1     0.00417015      12.6302
0.1225     -1     0.00512264      11.3631
0.1225     -1     0.00595318      9.628
0.1225     -1     0.00668948      7.71583
0.1225     -1     0.00735077      6.14407
0.1225     -1     0.00795092      4.72967
0.1225     -1     0.0085003      3.58139
0.1225     -1     0.00900682      2.80959
0.1225     -1     0.00947669      2.21958
0.1225     -1     0.00991486      1.78238
0.1225     -1     0.0103253      1.43539
0.1225     -1     0.0107114      1.14623
0.1225     -1     0.0110758      0.904608
0.1225     -1     0.0114209      0.707936
0.1225     -1     0.0117485      0.546535
0.1225     -1     0.0120605      0.414642
0.1225     -1     0.0123581      0.310636
0.1225     -1     0.0126427      0.224865
0.1225     -1     0.0129153      0.161143
0.1225     -1     0.013177      0.111066
0.1225     -1     0.0134285      0.0726563
0.1225     -1     0.0136707      0.0452907
0.1225     -1     0.0139041      0.0260452
0.1225     -1     0.0141295      0.0135945
0.1225     -1     0.0143473      0.00590499
0.1225     -1     0.014558      0.00192394
0.1225     -1     0.0147621      0.000340658
0.1225     -1     0.01496      4.31369e-06
0.1225     -0.634788     0      0
0.1225     -0.634788     0.00170459      12.56
0.1225     -0.634788     0.00305363      16.4534
0.1225     -0.634788     0.00417015      13.9884
0.1225     -0.634788     0.00512264      12.8512
0.1225     -0.634788     0.00595318      11.4622
0.1225     -0.634788     0.00668948      9.66913
0.1225     -0.634788     0.00735077      7.89003
0.1225     -0.634788     0.00795092      6.30739
0.1225     -0.634788     0.0085003      4.94942
0.1225     -0.634788     0.00900682      3.82646
0.1225     -0.634788     0.00947669      2.90809
0.1225     -0.634788     0.00991486      2.19414
0.1225     -0.634788     0.0103253      1.67942
0.1225     -0.634788     0.0107114      1.31245
0.1225     -0.634788     0.0110758      1.03761
0.1225     -0.634788     0.0114209      0.811546
0.1225     -0.634788     0.0117485      0.627724
0.1225     -0.634788     0.0120605      0.479872
0.1225     -0.634788     0.0123581      0.35951
0.1225     -0.634788     0.0126427      0.263204
0.1225     -0.634788     0.0129153      0.187622
0.1225     -0.634788     0.013177      0.129911
0.1225     -0.634788     0.0134285      0.0855704
0.1225     -0.634788     0.0136707      0.0536245
0.1225     -0.634788     0.0139041      0.0311248
0.1225     -0.634788     0.0141295      0.0165748
0.1225     -0.634788     0.0143473      0.00724526
0.1225     -0.634788     0.014558      0.0023308
0.1225     -0.634788     0.0147621      0.000398106
0.1225     -0.634788     0.01496      5.04656e-06
0.1225     -0.406307     0      0
0.1225     -0.406307     0.00170459      12.9455
0.1225     -0.406307     0.00305363      17.3538
0.1225     -0.406307     0.00417015      14.9128
0.1225     -0.406307     0.00512264      13.8139
0.1225     -0.406307     0.00595318      12.5557
0.1225     -0.406307     0.00668948      10.9516
0.1225     -0.406307     0.00735077      9.33194
0.1225     -0.406307     0.00795092      7.73463
0.1225     -0.406307     0.0085003      6.25397
0.1225     -0.406307     0.00900682      4.96775
0.1225     -0.406307     0.00947669      3.83698
0.1225     -0.406307     0.00991486      2.93159
0.1225     -0.406307     0.0103253      2.17803
0.1225     -0.406307     0.0107114      1.60454
0.1225     -0.406307     0.0110758      1.18306
0.1225     -0.406307     0.0114209      0.897335
0.1225     -0.406307     0.0117485      0.693543
0.1225     -0.406307     0.0120605      0.529092
0.1225     -0.406307     0.0123581      0.396423
0.1225     -0.406307     0.0126427      0.290689
0.1225     -0.406307     0.0129153      0.207003
0.1225     -0.406307     0.013177      0.143428
0.1225     -0.406307     0.0134285      0.0951161
0.1225     -0.406307     0.0136707      0.0599298
0.1225     -0.406307     0.0139041      0.0345641
0.1225     -0.406307     0.0141295      0.0183034
0.1225     -0.406307     0.0143473      0.00818843
0.1225     -0.406307     0.014558      0.00273175
0.1225     -0.406307     0.0147621      0.000519915
0.1225     -0.406307     0.01496      5.57053e-06
0.1225     -0.239626     0      0
0.1225     -0.239626     0.00170459      13.2348
0.1225     -0.239626     0.00305363      17.9982
0.1225     -0.239626     0.00417015      15.6425
0.1225     -0.239626     0.00512264      14.5718
0.1225     -0.239626     0.00595318      13.3114
0.1225     -0.239626     0.00668948      11.8729
0.1225     -0.239626     0.00735077      10.4216
0.1225     -0.239626     0.00795092      8.90814
0.1225     -0.239626     0.0085003      7.47136
0.1225     -0.239626     0.00900682      6.09473
0.1225     -0.239626     0.00947669      4.88169
0.1225     -0.239626     0.00991486      3.75248
0.1225     -0.239626     0.0103253      2.87579
0.1225     -0.239626     0.0107114      2.12636
0.1225     -0.239626     0.0110758      1.5323
0.1225     -0.239626     0.0114209      1.08691
0.1225     -0.239626     0.0117485      0.776123
0.1225     -0.239626     0.0120605      0.57389
0.1225     -0.239626     0.0123581      0.430137
0.1225     -0.239626     0.0126427      0.31549
0.1225     -0.239626     0.0129153      0.225366
0.1225     -0.239626     0.013177      0.156048
0.1225     -0.239626     0.0134285      0.104276
0.1225     -0.239626     0.0136707      0.0653524
0.1225     -0.239626     0.0139041      0.0379069
0.1225     -0.239626     0.0141295      0.0199294
0.1225     -0.239626     0.0143473      0.00918031
0.1225     -0.239626     0.014558      0.00294127
0.1225     -0.239626     0.0147621      0.000567321
0.1225     -0.239626     0.01496      6.13834e-06
0.1225     -0.108332     0      0
0.1225     -0.108332     0.00170459      13.4521
0.1225     -0.108332     0.00305363      18.4491
0.1225     -0.108332     0.00417015      16.2043
0.1225     -0.108332     0.00512264      15.2618
0.1225     -0.108332     0.00595318      13.9339
0.1225     -0.108332     0.00668948      12.5043
0.1225     -0.108332     0.00735077      11.2602
0.1225     -0.108332     0.00795092      9.8846
0.1225     -0.108332     0.0085003      8.49937
0.1225     -0.108332     0.00900682      7.18216
0.1225     -0.108332     0.00947669      5.88799
0.1225     -0.108332     0.00991486      4.71082
0.1225     -0.108332     0.0103253      3.67153
0.1225     -0.108332     0.0107114      2.76886
0.1225     -0.108332     0.0110758      2.03799
0.1225     -0.108332     0.0114209      1.45721
0.1225     -0.108332     0.0117485      0.994277
0.1225     -0.108332     0.0120605      0.658613
0.1225     -0.108332     0.0123581      0.465469
0.1225     -0.108332     0.0126427      0.336748
0.1225     -0.108332     0.0129153      0.240181
0.1225     -0.108332     0.013177      0.165968
0.1225     -0.108332     0.0134285      0.110544
0.1225     -0.108332     0.0136707      0.0691964
0.1225     -0.108332     0.0139041      0.0403771
0.1225     -0.108332     0.0141295      0.0211717
0.1225     -0.108332     0.0143473      0.0093552
0.1225     -0.108332     0.014558      0.00307848
0.1225     -0.108332     0.0147621      0.000540986
0.1225     -0.108332     0.01496      6.53634e-06
0.1225     -2e-20     0      0
0.1225     -2e-20     0.00170459      13.6179
0.1225     -2e-20     0.00305363      18.8996
0.1225     -2e-20     0.00417015      16.7122
0.1225     -2e-20     0.00512264      15.7999
0.1225     -2e-20     0.00595318      14.5621
0.1225     -2e-20     0.00668948      13.065
0.1225     -2e-20     0.00735077      11.8614
0.1225     -2e-20     0.00795092      10.6797
0.1225     -2e-20     0.0085003      9.39697
0.1225     -2e-20     0.00900682      8.12494
0.1225     -2e-20     0.00947669      6.87506
0.1225     -2e-20     0.00991486      5.6475
0.1225     -2e-20     0.0103253      4.55669
0.1225     -2e-20     0.0107114      3.55132
0.1225     -2e-20     0.0110758      2.64994
0.1225     -2e-20     0.0114209      1.92916
0.1225     -2e-20     0.0117485      1.34966
0.1225     -2e-20     0.0120605      0.8875
0.1225     -2e-20     0.0123581      0.56976
0.1225     -2e-20     0.0126427      0.369672
0.1225     -2e-20     0.0129153      0.253099
0.1225     -2e-20     0.013177      0.174551
0.1225     -2e-20     0.0134285      0.11554
0.1225     -2e-20     0.0136707      0.0725959
0.1225     -2e-20     0.0139041      0.0424156
0.1225     -2e-20     0.0141295      0.0222821
0.1225     -2e-20     0.0143473      0.0095922
0.1225     -2e-20     0.014558      0.00313883
0.1225     -2e-20     0.0147621      0.000541755
0.1225     -2e-20     0.01496      6.87917e-06
0.1225     0.0922185     0      0
0.1225     0.0922185     0.00170459      13.7552
0.1225     0.0922185     0.00305363      19.2369
0.1225     0.0922185     0.00417015      17.0743
0.1225     0.0922185     0.00512264      16.2697
0.1225     0.0922185     0.00595318      15.099
0.1225     0.0922185     0.00668948      13.5637
0.1225     0.0922185     0.00735077      12.4045
0.1225     0.0922185     0.00795092      11.2841
0.1225     0.0922185     0.0085003      10.1824
0.1225     0.0922185     0.00900682      8.95921
0.1225     0.0922185     0.00947669      7.75328
0.1225     0.0922185     0.00991486      6.55284
0.1225     0.0922185     0.0103253      5.43713
0.1225     0.0922185     0.0107114      4.402
0.1225     0.0922185     0.0110758      3.40682
0.1225     0.0922185     0.0114209      2.53679
0.1225     0.0922185     0.0117485      1.78545
0.1225     0.0922185     0.0120605      1.22652
0.1225     0.0922185     0.0123581      0.789051
0.1225     0.0922185     0.0126427      0.479417
0.1225     0.0922185     0.0129153      0.283504
0.1225     0.0922185     0.013177      0.184214
0.1225     0.0922185     0.0134285      0.121376
0.1225     0.0922185     0.0136707      0.0759115
0.1225     0.0922185     0.0139041      0.044221
0.1225     0.0922185     0.0141295      0.0228007
0.1225     0.0922185     0.0143473      0.0100706
0.1225     0.0922185     0.014558      0.00325339
0.1225     0.0922185     0.0147621      0.000572082
0.1225     0.0922185     0.01496      7.22914e-06
0.1225     0.172502     0      0
0.1225     0.172502     0.00170459      13.8626
0.1225     0.172502     0.00305363      19.5128
0.1225     0.172502     0.00417015      17.4232
0.1225     0.172502     0.00512264      16.6993
0.1225     0.172502     0.00595318      15.5326
0.1225     0.172502     0.00668948      14.0843
0.1225     0.172502     0.00735077      12.8138
0.1225     0.172502     0.00795092      11.7811
0.1225     0.172502     0.0085003      10.781
0.1225     0.172502     0.00900682      9.74016
0.1225     0.172502     0.00947669      8.54743
0.1225     0.172502     0.00991486      7.38702
0.1225     0.172502     0.0103253      6.296
0.1225     0.172502     0.0107114      5.24002
0.1225     0.172502     0.0110758      4.22955
0.1225     0.172502     0.0114209      3.24452
0.1225     0.172502     0.0117485      2.36203
0.1225     0.172502     0.0120605      1.63276
0.1225     0.172502     0.0123581      1.09252
0.1225     0.172502     0.0126427      0.685528
0.1225     0.172502     0.0129153      0.387331
0.1225     0.172502     0.013177      0.210735
0.1225     0.172502     0.0134285      0.12716
0.1225     0.172502     0.0136707      0.0792288
0.1225     0.172502     0.0139041      0.0459177
0.1225     0.172502     0.0141295      0.0237119
0.1225     0.172502     0.0143473      0.0103581
0.1225     0.172502     0.014558      0.00338555
0.1225     0.172502     0.0147621      0.000600801
0.1225     0.172502     0.01496      7.62807e-06
0.1225     0.243589     0      0
0.1225     0.243589     0.00170459      13.9392
0.1225     0.243589     0.00305363      19.8018
0.1225     0.243589     0.00417015      17.7246
0.1225     0.243589     0.00512264      17.0609
0.1225     0.243589     0.00595318      15.9337
0.1225     0.243589     0.00668948      14.5216
0.1225     0.243589     0.00735077      13.3083
0.1225     0.243589     0.00795092      12.2378
0.1225     0.243589     0.0085003      11.2709
0.1225     0.243589     0.00900682      10.3409
0.1225     0.243589     0.00947669      9.31184
0.1225     0.243589     0.00991486      8.14229
0.1225     0.243589     0.0103253      7.13353
0.1225     0.243589     0.0107114      6.06831
0.1225     0.243589     0.0110758      5.02893
0.1225     0.243589     0.0114209      4.03653
0.1225     0.243589     0.0117485      3.01288
0.1225     0.243589     0.0120605      2.16522
0.1225     0.243589     0.0123581      1.47159
0.1225     0.243589     0.0126427      0.959598
0.1225     0.243589     0.0129153      0.583067
0.1225     0.243589     0.013177      0.304749
0.1225     0.243589     0.0134285      0.150695
0.1225     0.243589     0.0136707      0.0823297
0.1225     0.243589     0.0139041      0.0473462
0.1225     0.243589     0.0141295      0.0244723
0.1225     0.243589     0.0143473      0.0106611
0.1225     0.243589     0.014558      0.00353463
0.1225     0.243589     0.0147621      0.000628255
0.1225     0.243589     0.01496      7.98445e-06
0.1225     0.307372     0      0
0.1225     0.307372     0.00170459      14.0217
0.1225     0.307372     0.00305363      20.0391
0.1225     0.307372     0.00417015      17.9815
0.1225     0.307372     0.00512264      17.4013
0.1225     0.307372     0.00595318      16.3246
0.1225     0.307372     0.00668948      14.8734
0.1225     0.307372     0.00735077      13.7472
0.1225     0.307372     0.00795092      12.6214
0.1225     0.307372     0.0085003      11.7398
0.1225     0.307372     0.00900682      10.8577
0.1225     0.307372     0.00947669      9.92982
0.1225     0.307372     0.00991486      8.88826
0.1225     0.307372     0.0103253      7.88219
0.1225     0.307372     0.0107114      6.92125
0.1225     0.307372     0.0110758      5.83001
0.1225     0.307372     0.0114209      4.80359
0.1225     0.307372     0.0117485      3.76511
0.1225     0.307372     0.0120605      2.77415
0.1225     0.307372     0.0123581      1.96188
0.1225     0.307372     0.0126427      1.30702
0.1225     0.307372     0.0129153      0.837821
0.1225     0.307372     0.013177      0.482235
0.1225     0.307372     0.0134285      0.231832
0.1225     0.307372     0.0136707      0.100047
0.1225     0.307372     0.0139041      0.0487278
0.1225     0.307372     0.0141295      0.0250663
0.1225     0.307372     0.0143473      0.0110322
0.1225     0.307372     0.014558      0.00365827
0.1225     0.307372     0.0147621      0.000650341
0.1225     0.307372     0.01496      8.26707e-06
0.1225     0.365212     0      0
0.1225     0.365212     0.00170459      14.0881
0.1225     0.365212     0.00305363      20.2345
0.1225     0.365212     0.00417015      18.1767
0.1225     0.365212     0.00512264      17.7007
0.1225     0.365212     0.00595318      16.6374
0.1225     0.365212     0.00668948      15.223
0.1225     0.365212     0.00735077      14.1234
0.1225     0.365212     0.00795092      13.0706
0.1225     0.365212     0.0085003      12.0871
0.1225     0.365212     0.00900682      11.3029
0.1225     0.365212     0.00947669      10.4675
0.1225     0.365212     0.00991486      9.52598
0.1225     0.365212     0.0103253      8.65512
0.1225     0.365212     0.0107114      7.68041
0.1225     0.365212     0.0110758      6.69309
0.1225     0.365212     0.0114209      5.59724
0.1225     0.365212     0.0117485      4.50323
0.1225     0.365212     0.0120605      3.48364
0.1225     0.365212     0.0123581      2.53383
0.1225     0.365212     0.0126427      1.75356
0.1225     0.365212     0.0129153      1.14677
0.1225     0.365212     0.013177      0.715515
0.1225     0.365212     0.0134285      0.384485
0.1225     0.365212     0.0136707      0.163226
0.1225     0.365212     0.0139041      0.0586592
0.1225     0.365212     0.0141295      0.0258882
0.1225     0.365212     0.0143473      0.0113912
0.1225     0.365212     0.014558      0.00377824
0.1225     0.365212     0.0147621      0.000671825
0.1225     0.365212     0.01496      8.5421e-06
0.1225     0.418124     0      0
0.1225     0.418124     0.00170459      14.1378
0.1225     0.418124     0.00305363      20.4106
0.1225     0.418124     0.00417015      18.3319
0.1225     0.418124     0.00512264      17.9427
0.1225     0.418124     0.00595318      16.9361
0.1225     0.418124     0.00668948      15.5784
0.1225     0.418124     0.00735077      14.443
0.1225     0.418124     0.00795092      13.4495
0.1225     0.418124     0.0085003      12.4855
0.1225     0.418124     0.00900682      11.7076
0.1225     0.418124     0.00947669      10.9019
0.1225     0.418124     0.00991486      10.0777
0.1225     0.418124     0.0103253      9.33852
0.1225     0.418124     0.0107114      8.49168
0.1225     0.418124     0.0110758      7.47776
0.1225     0.418124     0.0114209      6.44138
0.1225     0.418124     0.0117485      5.27728
0.1225     0.418124     0.0120605      4.19552
0.1225     0.418124     0.0123581      3.19978
0.1225     0.418124     0.0126427      2.28745
0.1225     0.418124     0.0129153      1.55217
0.1225     0.418124     0.013177      0.994107
0.1225     0.418124     0.0134285      0.595753
0.1225     0.418124     0.0136707      0.286267
0.1225     0.418124     0.0139041      0.102689
0.1225     0.418124     0.0141295      0.0301656
0.1225     0.418124     0.0143473      0.0117473
0.1225     0.418124     0.014558      0.00389565
0.1225     0.418124     0.0147621      0.000692863
0.1225     0.418124     0.01496      8.81155e-06
0.1225     0.466881     0      0
0.1225     0.466881     0.00170459      14.1752
0.1225     0.466881     0.00305363      20.5749
0.1225     0.466881     0.00417015      18.5225
0.1225     0.466881     0.00512264      18.1793
0.1225     0.466881     0.00595318      17.2586
0.1225     0.466881     0.00668948      15.8676
0.1225     0.466881     0.00735077      14.7605
0.1225     0.466881     0.00795092      13.7692
0.1225     0.466881     0.0085003      12.9022
0.1225     0.466881     0.00900682      12.0197
0.1225     0.466881     0.00947669      11.3351
0.1225     0.466881     0.00991486      10.5429
0.1225     0.466881     0.0103253      9.93983
0.1225     0.466881     0.0107114      9.21581
0.1225     0.466881     0.0110758      8.29154
0.1225     0.466881     0.0114209      7.24045
0.1225     0.466881     0.0117485      6.08686
0.1225     0.466881     0.0120605      4.95212
0.1225     0.466881     0.0123581      3.88113
0.1225     0.466881     0.0126427      2.91845
0.1225     0.466881     0.0129153      2.03835
0.1225     0.466881     0.013177      1.35717
0.1225     0.466881     0.0134285      0.844264
0.1225     0.466881     0.0136707      0.46623
0.1225     0.466881     0.0139041      0.196085
0.1225     0.466881     0.0141295      0.0547855
0.1225     0.466881     0.0143473      0.0132812
0.1225     0.466881     0.014558      0.00401117
0.1225     0.466881     0.0147621      0.000713573
0.1225     0.466881     0.01496      9.07694e-06
0.1225     0.512089     0      0
0.1225     0.512089     0.00170459      14.2125
0.1225     0.512089     0.00305363      20.7341
0.1225     0.512089     0.00417015      18.6839
0.1225     0.512089     0.00512264      18.3562
0.1225     0.512089     0.00595318      17.5144
0.1225     0.512089     0.00668948      16.0988
0.1225     0.512089     0.00735077      15.0906
0.1225     0.512089     0.00795092      14.0768
0.1225     0.512089     0.0085003      13.2327
0.1225     0.512089     0.00900682      12.4257
0.1225     0.512089     0.00947669      11.6604
0.1225     0.512089     0.00991486      10.955
0.1225     0.512089     0.0103253      10.4653
0.1225     0.512089     0.0107114      9.87102
0.1225     0.512089     0.0110758      9.05462
0.1225     0.512089     0.0114209      8.04498
0.1225     0.512089     0.0117485      6.89244
0.1225     0.512089     0.0120605      5.72729
0.1225     0.512089     0.0123581      4.61742
0.1225     0.512089     0.0126427      3.5646
0.1225     0.512089     0.0129153      2.63214
0.1225     0.512089     0.013177      1.79017
0.1225     0.512089     0.0134285      1.16441
0.1225     0.512089     0.0136707      0.67846
0.1225     0.512089     0.0139041      0.343463
0.1225     0.512089     0.0141295      0.120733
0.1225     0.512089     0.0143473      0.0243931
0.1225     0.512089     0.014558      0.00417201
0.1225     0.512089     0.0147621      0.000734047
0.1225     0.512089     0.01496      9.33948e-06
0.1225     0.55423     0      0
0.1225     0.55423     0.00170459      14.2561
0.1225     0.55423     0.00305363      20.8815
0.1225     0.55423     0.00417015      18.8099
0.1225     0.55423     0.00512264      18.483
0.1225     0.55423     0.00595318      17.7102
0.1225     0.55423     0.00668948      16.4121
0.1225     0.55423     0.00735077      15.3765
0.1225     0.55423     0.00795092      14.3715
0.1225     0.55423     0.0085003      13.5266
0.1225     0.55423     0.00900682      12.8014
0.1225     0.55423     0.00947669      11.9836
0.1225     0.55423     0.00991486      11.339
0.1225     0.55423     0.0103253      10.9001
0.1225     0.55423     0.0107114      10.4616
0.1225     0.55423     0.0110758      9.74962
0.1225     0.55423     0.0114209      8.85159
0.1225     0.55423     0.0117485      7.6755
0.1225     0.55423     0.0120605      6.53604
0.1225     0.55423     0.0123581      5.37506
0.1225     0.55423     0.0126427      4.28404
0.1225     0.55423     0.0129153      3.24648
0.1225     0.55423     0.013177      2.33981
0.1225     0.55423     0.0134285      1.55028
0.1225     0.55423     0.0136707      0.95366
0.1225     0.55423     0.0139041      0.523282
0.1225     0.55423     0.0141295      0.233969
0.1225     0.55423     0.0143473      0.06148
0.1225     0.55423     0.014558      0.00698211
0.1225     0.55423     0.0147621      0.000754301
0.1225     0.55423     0.01496      9.59933e-06
0.1225     0.593693     0      0
0.1225     0.593693     0.00170459      14.2912
0.1225     0.593693     0.00305363      21.0089
0.1225     0.593693     0.00417015      18.9098
0.1225     0.593693     0.00512264      18.6249
0.1225     0.593693     0.00595318      17.9156
0.1225     0.593693     0.00668948      16.6832
0.1225     0.593693     0.00735077      15.5858
0.1225     0.593693     0.00795092      14.6833
0.1225     0.593693     0.0085003      13.8337
0.1225     0.593693     0.00900682      13.0934
0.1225     0.593693     0.00947669      12.3878
0.1225     0.593693     0.00991486      11.6008
0.1225     0.593693     0.0103253      11.3425
0.1225     0.593693     0.0107114      10.9825
0.1225     0.593693     0.0110758      10.4091
0.1225     0.593693     0.0114209      9.58122
0.1225     0.593693     0.0117485      8.51992
0.1225     0.593693     0.0120605      7.32387
0.1225     0.593693     0.0123581      6.16202
0.1225     0.593693     0.0126427      5.03207
0.1225     0.593693     0.0129153      3.94363
0.1225     0.593693     0.013177      2.92016
0.1225     0.593693     0.0134285      2.04866
0.1225     0.593693     0.0136707      1.28143
0.1225     0.593693     0.0139041      0.753429
0.1225     0.593693     0.0141295      0.381117
0.1225     0.593693     0.0143473      0.134022
0.1225     0.593693     0.014558      0.0224547
0.1225     0.593693     0.0147621      0.000952966
0.1225     0.593693     0.01496      9.85925e-06
0.1225     0.630798     0      0
0.1225     0.630798     0.00170459      14.3223
0.1225     0.630798     0.00305363      21.1191
0.1225     0.630798     0.00417015      19.012
0.1225     0.630798     0.00512264      18.7768
0.1225     0.630798     0.00595318      18.0706
0.1225     0.630798     0.00668948      16.8941
0.1225     0.630798     0.00735077      15.8361
0.1225     0.630798     0.00795092      14.9666
0.1225     0.630798     0.0085003      14.1122
0.1225     0.630798     0.00900682      13.393
0.1225     0.630798     0.00947669      12.7239
0.1225     0.630798     0.00991486      11.9687
0.1225     0.630798     0.0103253      11.6874
0.1225     0.630798     0.0107114      11.4477
0.1225     0.630798     0.0110758      10.9964
0.1225     0.630798     0.0114209      10.2758
0.1225     0.630798     0.0117485      9.28816
0.1225     0.630798     0.0120605      8.18235
0.1225     0.630798     0.0123581      6.96301
0.1225     0.630798     0.0126427      5.79733
0.1225     0.630798     0.0129153      4.6725
0.1225     0.630798     0.013177      3.58789
0.1225     0.630798     0.0134285      2.58932
0.1225     0.630798     0.0136707      1.70737
0.1225     0.630798     0.0139041      1.02602
0.1225     0.630798     0.0141295      0.568114
0.1225     0.630798     0.0143473      0.242025
0.1225     0.630798     0.014558      0.0605956
0.1225     0.630798     0.0147621      0.00390719
0.1225     0.630798     0.01496      1.0119e-05
0.1225     0.665812     0      0
0.1225     0.665812     0.00170459      14.359
0.1225     0.665812     0.00305363      21.209
0.1225     0.665812     0.00417015      19.1114
0.1225     0.665812     0.00512264      18.9066
0.1225     0.665812     0.00595318      18.1754
0.1225     0.665812     0.00668948      17.0515
0.1225     0.665812     0.00735077      16.1238
0.1225     0.665812     0.00795092      15.1791
0.1225     0.665812     0.0085003      14.4174
0.1225     0.665812     0.00900682      13.6975
0.1225     0.665812     0.00947669      12.9797
0.1225     0.665812     0.00991486      12.354
0.1225     0.665812     0.0103253      11.9728
0.1225     0.665812     0.0107114      11.8796
0.1225     0.665812     0.0110758      11.4895
0.1225     0.665812     0.0114209      10.9199
0.1225     0.665812     0.0117485      10.0152
0.1225     0.665812     0.0120605      9.00601
0.1225     0.665812     0.0123581      7.80341
0.1225     0.665812     0.0126427      6.61498
0.1225     0.665812     0.0129153      5.42007
0.1225     0.665812     0.013177      4.29055
0.1225     0.665812     0.0134285      3.2108
0.1225     0.665812     0.0136707      2.18499
0.1225     0.665812     0.0139041      1.36705
0.1225     0.665812     0.0141295      0.796505
0.1225     0.665812     0.0143473      0.384067
0.1225     0.665812     0.014558      0.126973
0.1225     0.665812     0.0147621      0.0172616
0.1225     0.665812     0.01496      9.83286e-05
0.1225     0.698958     0      0
0.1225     0.698958     0.00170459      14.4008
0.1225     0.698958     0.00305363      21.2873
0.1225     0.698958     0.00417015      19.2164
0.1225     0.698958     0.00512264      19.0017
0.1225     0.698958     0.00595318      18.2751
0.1225     0.698958     0.00668948      17.2157
0.1225     0.698958     0.00735077      16.3533
0.1225     0.698958     0.00795092      15.3497
0.1225     0.698958     0.0085003      14.6969
0.1225     0.698958     0.00900682      13.9755
0.1225     0.698958     0.00947669      13.3062
0.1225     0.698958     0.00991486      12.6601
0.1225     0.698958     0.0103253      12.3966
0.1225     0.698958     0.0107114      12.2034
0.1225     0.698958     0.0110758      11.9906
0.1225     0.698958     0.0114209      11.5043
0.1225     0.698958     0.0117485      10.7375
0.1225     0.698958     0.0120605      9.77232
0.1225     0.698958     0.0123581      8.66668
0.1225     0.698958     0.0126427      7.45822
0.1225     0.698958     0.0129153      6.23422
0.1225     0.698958     0.013177      5.029
0.1225     0.698958     0.0134285      3.88069
0.1225     0.698958     0.0136707      2.74182
0.1225     0.698958     0.0139041      1.78129
0.1225     0.698958     0.0141295      1.06956
0.1225     0.698958     0.0143473      0.558622
0.1225     0.698958     0.014558      0.21992
0.1225     0.698958     0.0147621      0.0443986
0.1225     0.698958     0.01496      0.000464549
0.1225     0.730425     0      0
0.1225     0.730425     0.00170459      14.4382
0.1225     0.730425     0.00305363      21.3698
0.1225     0.730425     0.00417015      19.2972
0.1225     0.730425     0.00512264      19.0655
0.1225     0.730425     0.00595318      18.4094
0.1225     0.730425     0.00668948      17.3339
0.1225     0.730425     0.00735077      16.5181
0.1225     0.730425     0.00795092      15.6407
0.1225     0.730425     0.0085003      14.913
0.1225     0.730425     0.00900682      14.2844
0.1225     0.730425     0.00947669      13.6067
0.1225     0.730425     0.00991486      12.9068
0.1225     0.730425     0.0103253      12.7815
0.1225     0.730425     0.0107114      12.5716
0.1225     0.730425     0.0110758      12.4065
0.1225     0.730425     0.0114209      12.0192
0.1225     0.730425     0.0117485      11.3882
0.1225     0.730425     0.0120605      10.5518
0.1225     0.730425     0.0123581      9.4722
0.1225     0.730425     0.0126427      8.34091
0.1225     0.730425     0.0129153      7.08156
0.1225     0.730425     0.013177      5.81555
0.1225     0.730425     0.0134285      4.59813
0.1225     0.730425     0.0136707      3.3507
0.1225     0.730425     0.0139041      2.25165
0.1225     0.730425     0.0141295      1.40048
0.1225     0.730425     0.0143473      0.760654
0.1225     0.730425     0.014558      0.33296
0.1225     0.730425     0.0147621      0.0816428
0.1225     0.730425     0.01496      0.00181702
0.1225     0.760374     0      0
0.1225     0.760374     0.00170459      14.4736
0.1225     0.760374     0.00305363      21.4532
0.1225     0.760374     0.00417015      19.3613
0.1225     0.760374     0.00512264      19.1577
0.1225     0.760374     0.00595318      18.5251
0.1225     0.760374     0.00668948      17.3996
0.1225     0.760374     0.00735077      16.6354
0.1225     0.760374     0.00795092      15.8852
0.1225     0.760374     0.0085003      15.0617
0.1225     0.760374     0.00900682      14.5542
0.1225     0.760374     0.00947669      13.8986
0.1225     0.760374     0.00991486      13.26
0.1225     0.760374     0.0103253      13.082
0.1225     0.760374     0.0107114      13.0323
0.1225     0.760374     0.0110758      12.7086
0.1225     0.760374     0.0114209      12.4989
0.1225     0.760374     0.0117485      11.9601
0.1225     0.760374     0.0120605      11.2855
0.1225     0.760374     0.0123581      10.2759
0.1225     0.760374     0.0126427      9.20789
0.1225     0.760374     0.0129153      7.97506
0.1225     0.760374     0.013177      6.67007
0.1225     0.760374     0.0134285      5.35613
0.1225     0.760374     0.0136707      4.01366
0.1225     0.760374     0.0139041      2.77976
0.1225     0.760374     0.0141295      1.78333
0.1225     0.760374     0.0143473      0.988676
0.1225     0.760374     0.014558      0.448236
0.1225     0.760374     0.0147621      0.114711
0.1225     0.760374     0.01496      0.0020987
0.1225     0.788947     0      0
0.1225     0.788947     0.00170459      14.5043
0.1225     0.788947     0.00305363      21.5464
0.1225     0.788947     0.00417015      19.4074
0.1225     0.788947     0.00512264      19.2456
0.1225     0.788947     0.00595318      18.6175
0.1225     0.788947     0.00668948      17.4687
0.1225     0.788947     0.00735077      16.7588
0.1225     0.788947     0.00795092      16.0639
0.1225     0.788947     0.0085003      15.3026
0.1225     0.788947     0.00900682      14.7694
0.1225     0.788947     0.00947669      14.2189
0.1225     0.788947     0.00991486      13.5505
0.1225     0.788947     0.0103253      13.3736
0.1225     0.788947     0.0107114      13.4117
0.1225     0.788947     0.0110758      13.1867
0.1225     0.788947     0.0114209      12.8992
0.1225     0.788947     0.0117485      12.5158
0.1225     0.788947     0.0120605      11.9613
0.1225     0.788947     0.0123581      11.0878
0.1225     0.788947     0.0126427      10.0574
0.1225     0.788947     0.0129153      8.87764
0.1225     0.788947     0.013177      7.55057
0.1225     0.788947     0.0134285      6.17687
0.1225     0.788947     0.0136707      4.70464
0.1225     0.788947     0.0139041      3.35947
0.1225     0.788947     0.0141295      2.19762
0.1225     0.788947     0.0143473      1.24042
0.1225     0.788947     0.014558      0.560296
0.1225     0.788947     0.0147621      0.141901
0.1225     0.788947     0.01496      0.0025374
0.1225     0.816262     0      0
0.1225     0.816262     0.00170459      14.5313
0.1225     0.816262     0.00305363      21.6242
0.1225     0.816262     0.00417015      19.4407
0.1225     0.816262     0.00512264      19.3327
0.1225     0.816262     0.00595318      18.6722
0.1225     0.816262     0.00668948      17.5772
0.1225     0.816262     0.00735077      16.8354
0.1225     0.816262     0.00795092      16.1728
0.1225     0.816262     0.0085003      15.5622
0.1225     0.816262     0.00900682      14.9217
0.1225     0.816262     0.00947669      14.481
0.1225     0.816262     0.00991486      13.8696
0.1225     0.816262     0.0103253      13.7393
0.1225     0.816262     0.0107114      13.7114
0.1225     0.816262     0.0110758      13.6539
0.1225     0.816262     0.0114209      13.2488
0.1225     0.816262     0.0117485      12.9902
0.1225     0.816262     0.0120605      12.5615
0.1225     0.816262     0.0123581      11.844
0.1225     0.816262     0.0126427      10.9305
0.1225     0.816262     0.0129153      9.76809
0.1225     0.816262     0.013177      8.47729
0.1225     0.816262     0.0134285      7.0309
0.1225     0.816262     0.0136707      5.45776
0.1225     0.816262     0.0139041      3.95524
0.1225     0.816262     0.0141295      2.66309
0.1225     0.816262     0.0143473      1.51921
0.1225     0.816262     0.014558      0.6794
0.1225     0.816262     0.0147621      0.163257
0.1225     0.816262     0.01496      0.0026794
0.1225     0.842428     0      0
0.1225     0.842428     0.00170459      14.5642
0.1225     0.842428     0.00305363      21.7056
0.1225     0.842428     0.00417015      19.4566
0.1225     0.842428     0.00512264      19.4014
0.1225     0.842428     0.00595318      18.7482
0.1225     0.842428     0.00668948      17.6649
0.1225     0.842428     0.00735077      16.8498
0.1225     0.842428     0.00795092      16.2775
0.1225     0.842428     0.0085003      15.7512
0.1225     0.842428     0.00900682      15.1454
0.1225     0.842428     0.00947669      14.6877
0.1225     0.842428     0.00991486      14.1956
0.1225     0.842428     0.0103253      14.043
0.1225     0.842428     0.0107114      14.0563
0.1225     0.842428     0.0110758      14.027
0.1225     0.842428     0.0114209      13.7812
0.1225     0.842428     0.0117485      13.4073
0.1225     0.842428     0.0120605      13.1409
0.1225     0.842428     0.0123581      12.5258
0.1225     0.842428     0.0126427      11.7834
0.1225     0.842428     0.0129153      10.7013
0.1225     0.842428     0.013177      9.39528
0.1225     0.842428     0.0134285      7.95355
0.1225     0.842428     0.0136707      6.25498
0.1225     0.842428     0.0139041      4.61748
0.1225     0.842428     0.0141295      3.15611
0.1225     0.842428     0.0143473      1.8271
0.1225     0.842428     0.014558      0.807234
0.1225     0.842428     0.0147621      0.184469
0.1225     0.842428     0.01496      0.00306887
0.1225     0.867536     0      0
0.1225     0.867536     0.00170459      14.5934
0.1225     0.867536     0.00305363      21.7862
0.1225     0.867536     0.00417015      19.4875
0.1225     0.867536     0.00512264      19.4526
0.1225     0.867536     0.00595318      18.8352
0.1225     0.867536     0.00668948      17.7252
0.1225     0.867536     0.00735077      16.9019
0.1225     0.867536     0.00795092      16.3577
0.1225     0.867536     0.0085003      15.8684
0.1225     0.867536     0.00900682      15.3688
0.1225     0.867536     0.00947669      14.8787
0.1225     0.867536     0.00991486      14.4646
0.1225     0.867536     0.0103253      14.4153
0.1225     0.867536     0.0107114      14.4345
0.1225     0.867536     0.0110758      14.331
0.1225     0.867536     0.0114209      14.2259
0.1225     0.867536     0.0117485      13.855
0.1225     0.867536     0.0120605      13.6615
0.1225     0.867536     0.0123581      13.1707
0.1225     0.867536     0.0126427      12.5801
0.1225     0.867536     0.0129153      11.6172
0.1225     0.867536     0.013177      10.3665
0.1225     0.867536     0.0134285      8.87858
0.1225     0.867536     0.0136707      7.09368
0.1225     0.867536     0.0139041      5.31014
0.1225     0.867536     0.0141295      3.69915
0.1225     0.867536     0.0143473      2.16329
0.1225     0.867536     0.014558      0.953016
0.1225     0.867536     0.0147621      0.210373
0.1225     0.867536     0.01496      0.00328084
0.1225     0.891668     0      0
0.1225     0.891668     0.00170459      14.6235
0.1225     0.891668     0.00305363      21.8599
0.1225     0.891668     0.00417015      19.5163
0.1225     0.891668     0.00512264      19.4813
0.1225     0.891668     0.00595318      18.9089
0.1225     0.891668     0.00668948      17.7542
0.1225     0.891668     0.00735077      16.9876
0.1225     0.891668     0.00795092      16.3739
0.1225     0.891668     0.0085003      15.9543
0.1225     0.891668     0.00900682      15.5605
0.1225     0.891668     0.00947669      15.1424
0.1225     0.891668     0.00991486      14.6348
0.1225     0.891668     0.0103253      14.7473
0.1225     0.891668     0.0107114      14.7688
0.1225     0.891668     0.0110758      14.7073
0.1225     0.891668     0.0114209      14.6044
0.1225     0.891668     0.0117485      14.3879
0.1225     0.891668     0.0120605      14.1675
0.1225     0.891668     0.0123581      13.7946
0.1225     0.891668     0.0126427      13.3111
0.1225     0.891668     0.0129153      12.5196
0.1225     0.891668     0.013177      11.3361
0.1225     0.891668     0.0134285      9.84557
0.1225     0.891668     0.0136707      7.98248
0.1225     0.891668     0.0139041      6.05387
0.1225     0.891668     0.0141295      4.26908
0.1225     0.891668     0.0143473      2.53809
0.1225     0.891668     0.014558      1.11963
0.1225     0.891668     0.0147621      0.24671
0.1225     0.891668     0.01496      0.00381341
0.1225     0.914898     0      0
0.1225     0.914898     0.00170459      14.6513
0.1225     0.914898     0.00305363      21.9224
0.1225     0.914898     0.00417015      19.54
0.1225     0.914898     0.00512264      19.4958
0.1225     0.914898     0.00595318      18.9576
0.1225     0.914898     0.00668948      17.8362
0.1225     0.914898     0.00735077      17.0329
0.1225     0.914898     0.00795092      16.3298
0.1225     0.914898     0.0085003      16.0405
0.1225     0.914898     0.00900682      15.6961
0.1225     0.914898     0.00947669      15.3417
0.1225     0.914898     0.00991486      14.9083
0.1225     0.914898     0.0103253      15.0119
0.1225     0.914898     0.0107114      15.1745
0.1225     0.914898     0.0110758      15.1088
0.1225     0.914898     0.0114209      14.9208
0.1225     0.914898     0.0117485      14.8354
0.1225     0.914898     0.0120605      14.6793
0.1225     0.914898     0.0123581      14.3551
0.1225     0.914898     0.0126427      14.0718
0.1225     0.914898     0.0129153      13.3539
0.1225     0.914898     0.013177      12.2951
0.1225     0.914898     0.0134285      10.8477
0.1225     0.914898     0.0136707      8.90397
0.1225     0.914898     0.0139041      6.8466
0.1225     0.914898     0.0141295      4.87666
0.1225     0.914898     0.0143473      2.93508
0.1225     0.914898     0.014558      1.30156
0.1225     0.914898     0.0147621      0.291437
0.1225     0.914898     0.01496      0.00524927
0.1225     0.937291     0      0
0.1225     0.937291     0.00170459      14.6866
0.1225     0.937291     0.00305363      21.9905
0.1225     0.937291     0.00417015      19.5718
0.1225     0.937291     0.00512264      19.4895
0.1225     0.937291     0.00595318      19.0028
0.1225     0.937291     0.00668948      17.9167
0.1225     0.937291     0.00735077      17.0335
0.1225     0.937291     0.00795092      16.381
0.1225     0.937291     0.0085003      16.05
0.1225     0.937291     0.00900682      15.7995
0.1225     0.937291     0.00947669      15.4795
0.1225     0.937291     0.00991486      15.1999
0.1225     0.937291     0.0103253      15.2318
0.1225     0.937291     0.0107114      15.5025
0.1225     0.937291     0.0110758      15.4812
0.1225     0.937291     0.0114209      15.3071
0.1225     0.937291     0.0117485      15.2446
0.1225     0.937291     0.0120605      15.1793
0.1225     0.937291     0.0123581      14.9581
0.1225     0.937291     0.0126427      14.7326
0.1225     0.937291     0.0129153      14.209
0.1225     0.937291     0.013177      13.2309
0.1225     0.937291     0.0134285      11.8561
0.1225     0.937291     0.0136707      9.87172
0.1225     0.937291     0.0139041      7.66159
0.1225     0.937291     0.0141295      5.52546
0.1225     0.937291     0.0143473      3.34921
0.1225     0.937291     0.014558      1.49627
0.1225     0.937291     0.0147621      0.333578
0.1225     0.937291     0.01496      0.00554575
0.1225     0.958905     0      0
0.1225     0.958905     0.00170459      14.7234
0.1225     0.958905     0.00305363      22.0632
0.1225     0.958905     0.00417015      19.604
0.1225     0.958905     0.00512264      19.4991
0.1225     0.958905     0.00595318      19.0243
0.1225     0.958905     0.00668948      17.9703
0.1225     0.958905     0.00735077      17.1081
0.1225     0.958905     0.00795092      16.3892
0.1225     0.958905     0.0085003      15.967
0.1225     0.958905     0.00900682      15.8553
0.1225     0.958905     0.00947669      15.6331
0.1225     0.958905     0.00991486      15.4119
0.1225     0.958905     0.0103253      15.6159
0.1225     0.958905     0.0107114      15.7696
0.1225     0.958905     0.0110758      15.8467
0.1225     0.958905     0.0114209      15.6386
0.1225     0.958905     0.0117485      15.6522
0.1225     0.958905     0.0120605      15.6946
0.1225     0.958905     0.0123581      15.5218
0.1225     0.958905     0.0126427      15.4069
0.1225     0.958905     0.0129153      14.9978
0.1225     0.958905     0.013177      14.1685
0.1225     0.958905     0.0134285      12.8588
0.1225     0.958905     0.0136707      10.8637
0.1225     0.958905     0.0139041      8.54298
0.1225     0.958905     0.0141295      6.20814
0.1225     0.958905     0.0143473      3.79402
0.1225     0.958905     0.014558      1.70908
0.1225     0.958905     0.0147621      0.384823
0.1225     0.958905     0.01496      0.00644575
0.1225     0.979792     0      0
0.1225     0.979792     0.00170459      14.7603
0.1225     0.979792     0.00305363      22.1389
0.1225     0.979792     0.00417015      19.6145
0.1225     0.979792     0.00512264      19.5002
0.1225     0.979792     0.00595318      19.0185
0.1225     0.979792     0.00668948      18.0035
0.1225     0.979792     0.00735077      17.1696
0.1225     0.979792     0.00795092      16.4018
0.1225     0.979792     0.0085003      15.9551
0.1225     0.979792     0.00900682      15.8173
0.1225     0.979792     0.00947669      15.7365
0.1225     0.979792     0.00991486      15.6829
0.1225     0.979792     0.0103253      15.9102
0.1225     0.979792     0.0107114      16.1819
0.1225     0.979792     0.0110758      16.1648
0.1225     0.979792     0.0114209      16.0047
0.1225     0.979792     0.0117485      15.9925
0.1225     0.979792     0.0120605      16.1985
0.1225     0.979792     0.0123581      16.1013
0.1225     0.979792     0.0126427      16.1138
0.1225     0.979792     0.0129153      15.746
0.1225     0.979792     0.013177      15.0407
0.1225     0.979792     0.0134285      13.847
0.1225     0.979792     0.0136707      11.8697
0.1225     0.979792     0.0139041      9.44827
0.1225     0.979792     0.0141295      6.94206
0.1225     0.979792     0.0143473      4.25429
0.1225     0.979792     0.014558      1.92033
0.1225     0.979792     0.0147621      0.435761
0.1225     0.979792     0.01496      0.00718913
0.1225     1     0      0
0.1225     1     0.00170459      14.7955
0.1225     1     0.00305363      22.2318
0.1225     1     0.00417015      19.5874
0.1225     1     0.00512264      19.5359
0.1225     1     0.00595318      18.9823
0.1225     1     0.00668948      18.0273
0.1225     1     0.00735077      17.172
0.1225     1     0.00795092      16.5051
0.1225     1     0.0085003      15.9592
0.1225     1     0.00900682      15.5231
0.1225     1     0.00947669      15.7879
0.1225     1     0.00991486      15.9077
0.1225     1     0.0103253      16.337
0.1225     1     0.0107114      16.6078
0.1225     1     0.0110758      16.4734
0.1225     1     0.0114209      16.3698
0.1225     1     0.0117485      16.3176
0.1225     1     0.0120605      16.5493
0.1225     1     0.0123581      16.7196
0.1225     1     0.0126427      16.927
0.1225     1     0.0129153      16.4884
0.1225     1     0.013177      15.8415
0.1225     1     0.0134285      14.7345
0.1225     1     0.0136707      12.8739
0.1225     1     0.0139041      10.4489
0.1225     1     0.0141295      7.66534
0.1225     1     0.0143473      4.73502
0.1225     1     0.014558      2.11172
0.1225     1     0.0147621      0.470803
0.1225     1     0.01496      0.00770803
