30	0.998749	28.3945	366200
30	0.998749	28.5637	304028
30	0.998749	28.6976	218570
30	0.998749	28.8085	175382
30	0.998749	28.903	189663
30	0.998749	28.9854	113538
30	0.998749	29.0585	87759.2
30	0.998749	29.1242	78514.3
30	0.998749	29.1837	61325.9
30	0.998749	29.2383	42084.6
30	0.998749	29.2885	25846.4
30	0.998749	29.3352	15341.6
30	0.998749	29.3787	8041.21
30	0.998749	29.4194	3656.54
30	0.998749	29.4577	1614.93
30	0.998749	29.4939	708.646
30	0.998749	29.5282	150.155
30	0.998749	29.5607	17.1851
30	0.998749	29.5916	0.0210173
30	0.998749	29.6212	0
30	0.998749	29.6494	0
30	0.998749	29.6765	0
30	0.998749	29.7025	0
30	0.998749	29.7274	0
30	0.998749	29.7515	0
30	0.998749	29.7746	0
30	0.998749	29.797	0
30	0.998749	29.8186	0
30	0.998749	29.8395	0
30	0.998749	29.8598	0
30	0.998749	29.8794	0
30	0.998978	28.3945	505418
30	0.998978	28.5637	489286
30	0.998978	28.6976	502524
30	0.998978	28.8085	365559
30	0.998978	28.903	336556
30	0.998978	28.9854	315329
30	0.998978	29.0585	211332
30	0.998978	29.1242	185342
30	0.998978	29.1837	160991
30	0.998978	29.2383	129788
30	0.998978	29.2885	111103
30	0.998978	29.3352	81819.7
30	0.998978	29.3787	54810.5
30	0.998978	29.4194	32564.2
30	0.998978	29.4577	19217.5
30	0.998978	29.4939	10671.6
30	0.998978	29.5282	5811.11
30	0.998978	29.5607	2665.04
30	0.998978	29.5916	803.309
30	0.998978	29.6212	245.767
30	0.998978	29.6494	13.1207
30	0.998978	29.6765	0
30	0.998978	29.7025	0
30	0.998978	29.7274	0
30	0.998978	29.7515	0
30	0.998978	29.7746	0
30	0.998978	29.797	0
30	0.998978	29.8186	0
30	0.998978	29.8395	0
30	0.998978	29.8598	0
30	0.998978	29.8794	0
30	0.999121	28.3945	583399
30	0.999121	28.5637	662799
30	0.999121	28.6976	774702
30	0.999121	28.8085	738921
30	0.999121	28.903	584749
30	0.999121	28.9854	402884
30	0.999121	29.0585	406625
30	0.999121	29.1242	291984
30	0.999121	29.1837	280672
30	0.999121	29.2383	211060
30	0.999121	29.2885	216378
30	0.999121	29.3352	184942
30	0.999121	29.3787	149546
30	0.999121	29.4194	106042
30	0.999121	29.4577	71292.5
30	0.999121	29.4939	46124.3
30	0.999121	29.5282	27190.8
30	0.999121	29.5607	14663
30	0.999121	29.5916	7196.7
30	0.999121	29.6212	3635.34
30	0.999121	29.6494	1515.42
30	0.999121	29.6765	390.302
30	0.999121	29.7025	31.1578
30	0.999121	29.7274	0
30	0.999121	29.7515	0
30	0.999121	29.7746	0
30	0.999121	29.797	0
30	0.999121	29.8186	0
30	0.999121	29.8395	0
30	0.999121	29.8598	0
30	0.999121	29.8794	0
30	0.999225	28.3945	623267
30	0.999225	28.5637	738435
30	0.999225	28.6976	930446
30	0.999225	28.8085	949086
30	0.999225	28.903	945977
30	0.999225	28.9854	680209
30	0.999225	29.0585	666934
30	0.999225	29.1242	446326
30	0.999225	29.1837	389390
30	0.999225	29.2383	373305
30	0.999225	29.2885	323935
30	0.999225	29.3352	294496
30	0.999225	29.3787	253671
30	0.999225	29.4194	220974
30	0.999225	29.4577	171707
30	0.999225	29.4939	117621
30	0.999225	29.5282	74288.9
30	0.999225	29.5607	44110.2
30	0.999225	29.5916	25939
30	0.999225	29.6212	14443.2
30	0.999225	29.6494	7241.89
30	0.999225	29.6765	3124.3
30	0.999225	29.7025	1312.44
30	0.999225	29.7274	282.768
30	0.999225	29.7515	7.63748
30	0.999225	29.7746	0
30	0.999225	29.797	0
30	0.999225	29.8186	0
30	0.999225	29.8395	0
30	0.999225	29.8598	0
30	0.999225	29.8794	0
30	0.999307	28.3945	670187
30	0.999307	28.5637	830022
30	0.999307	28.6976	1.01724e+06
30	0.999307	28.8085	1.18452e+06
30	0.999307	28.903	1.1573e+06
30	0.999307	28.9854	1.15018e+06
30	0.999307	29.0585	860217
30	0.999307	29.1242	675875
30	0.999307	29.1837	590842
30	0.999307	29.2383	495118
30	0.999307	29.2885	484793
30	0.999307	29.3352	460462
30	0.999307	29.3787	357208
30	0.999307	29.4194	329785
30	0.999307	29.4577	300179
30	0.999307	29.4939	236684
30	0.999307	29.5282	167621
30	0.999307	29.5607	104942
30	0.999307	29.5916	64475
30	0.999307	29.6212	36762.4
30	0.999307	29.6494	20595.2
30	0.999307	29.6765	10916.2
30	0.999307	29.7025	5451.52
30	0.999307	29.7274	2145.35
30	0.999307	29.7515	662.595
30	0.999307	29.7746	66.584
30	0.999307	29.797	0
30	0.999307	29.8186	0
30	0.999307	29.8395	0
30	0.999307	29.8598	0
30	0.999307	29.8794	0
30	0.999375	28.3945	756782
30	0.999375	28.5637	894363
30	0.999375	28.6976	1.13033e+06
30	0.999375	28.8085	1.2324e+06
30	0.999375	28.903	1.41618e+06
30	0.999375	28.9854	1.42766e+06
30	0.999375	29.0585	1.34899e+06
30	0.999375	29.1242	1.0736e+06
30	0.999375	29.1837	768092
30	0.999375	29.2383	708919
30	0.999375	29.2885	691526
30	0.999375	29.3352	608586
30	0.999375	29.3787	544336
30	0.999375	29.4194	476502
30	0.999375	29.4577	471452
30	0.999375	29.4939	361334
30	0.999375	29.5282	292443
30	0.999375	29.5607	214394
30	0.999375	29.5916	140724
30	0.999375	29.6212	82922.9
30	0.999375	29.6494	48764.7
30	0.999375	29.6765	26594.9
30	0.999375	29.7025	14318.5
30	0.999375	29.7274	6821.67
30	0.999375	29.7515	3024.53
30	0.999375	29.7746	857.924
30	0.999375	29.797	80.2754
30	0.999375	29.8186	0.00198691
30	0.999375	29.8395	0
30	0.999375	29.8598	0
30	0.999375	29.8794	0
30	0.999432	28.3945	866772
30	0.999432	28.5637	962613
30	0.999432	28.6976	1.17589e+06
30	0.999432	28.8085	1.29431e+06
30	0.999432	28.903	1.47417e+06
30	0.999432	28.9854	1.76439e+06
30	0.999432	29.0585	1.72952e+06
30	0.999432	29.1242	1.52275e+06
30	0.999432	29.1837	1.1907e+06
30	0.999432	29.2383	906386
30	0.999432	29.2885	888574
30	0.999432	29.3352	816328
30	0.999432	29.3787	782734
30	0.999432	29.4194	679744
30	0.999432	29.4577	711558
30	0.999432	29.4939	514682
30	0.999432	29.5282	415539
30	0.999432	29.5607	343997
30	0.999432	29.5916	262037
30	0.999432	29.6212	172689
30	0.999432	29.6494	99911.2
30	0.999432	29.6765	57071.7
30	0.999432	29.7025	31589.3
30	0.999432	29.7274	16386.2
30	0.999432	29.7515	7847.62
30	0.999432	29.7746	3241.74
30	0.999432	29.797	911.622
30	0.999432	29.8186	56.0368
30	0.999432	29.8395	0
30	0.999432	29.8598	0
30	0.999432	29.8794	0
30	0.999483	28.3945	999808
30	0.999483	28.5637	1.04173e+06
30	0.999483	28.6976	1.22194e+06
30	0.999483	28.8085	1.37558e+06
30	0.999483	28.903	1.56327e+06
30	0.999483	28.9854	1.84734e+06
30	0.999483	29.0585	2.14876e+06
30	0.999483	29.1242	1.97725e+06
30	0.999483	29.1837	1.66093e+06
30	0.999483	29.2383	1.31759e+06
30	0.999483	29.2885	1.13038e+06
30	0.999483	29.3352	1.05385e+06
30	0.999483	29.3787	961657
30	0.999483	29.4194	927378
30	0.999483	29.4577	1.0152e+06
30	0.999483	29.4939	739712
30	0.999483	29.5282	565840
30	0.999483	29.5607	474252
30	0.999483	29.5916	397692
30	0.999483	29.6212	302887
30	0.999483	29.6494	199971
30	0.999483	29.6765	112867
30	0.999483	29.7025	63535.6
30	0.999483	29.7274	34217.9
30	0.999483	29.7515	16409.9
30	0.999483	29.7746	7900.97
30	0.999483	29.797	3129.03
30	0.999483	29.8186	733.802
30	0.999483	29.8395	16.6805
30	0.999483	29.8598	0
30	0.999483	29.8794	0
30	0.999527	28.3945	1.1367e+06
30	0.999527	28.5637	1.1477e+06
30	0.999527	28.6976	1.26769e+06
30	0.999527	28.8085	1.41808e+06
30	0.999527	28.903	1.66505e+06
30	0.999527	28.9854	1.96749e+06
30	0.999527	29.0585	2.31703e+06
30	0.999527	29.1242	2.41197e+06
30	0.999527	29.1837	2.16316e+06
30	0.999527	29.2383	1.83792e+06
30	0.999527	29.2885	1.51675e+06
30	0.999527	29.3352	1.32588e+06
30	0.999527	29.3787	1.23883e+06
30	0.999527	29.4194	1.09818e+06
30	0.999527	29.4577	1.3485e+06
30	0.999527	29.4939	1.01862e+06
30	0.999527	29.5282	802275
30	0.999527	29.5607	644701
30	0.999527	29.5916	541492
30	0.999527	29.6212	448576
30	0.999527	29.6494	342030
30	0.999527	29.6765	220270
30	0.999527	29.7025	120802
30	0.999527	29.7274	63848.6
30	0.999527	29.7515	33184.6
30	0.999527	29.7746	15473.9
30	0.999527	29.797	7072.45
30	0.999527	29.8186	2505.11
30	0.999527	29.8395	368.434
30	0.999527	29.8598	0.170712
30	0.999527	29.8794	0
30	0.999567	28.3945	1.278e+06
30	0.999567	28.5637	1.25136e+06
30	0.999567	28.6976	1.33174e+06
30	0.999567	28.8085	1.45038e+06
30	0.999567	28.903	1.72278e+06
30	0.999567	28.9854	2.09165e+06
30	0.999567	29.0585	2.46976e+06
30	0.999567	29.1242	2.71715e+06
30	0.999567	29.1837	2.68609e+06
30	0.999567	29.2383	2.34551e+06
30	0.999567	29.2885	2.07193e+06
30	0.999567	29.3352	1.68728e+06
30	0.999567	29.3787	1.51288e+06
30	0.999567	29.4194	1.40386e+06
30	0.999567	29.4577	1.60178e+06
30	0.999567	29.4939	1.32311e+06
30	0.999567	29.5282	1.08503e+06
30	0.999567	29.5607	930095
30	0.999567	29.5916	745492
30	0.999567	29.6212	609207
30	0.999567	29.6494	513758
30	0.999567	29.6765	373347
30	0.999567	29.7025	230952
30	0.999567	29.7274	120331
30	0.999567	29.7515	59846
30	0.999567	29.7746	29384.9
30	0.999567	29.797	13468.2
30	0.999567	29.8186	5635.26
30	0.999567	29.8395	1517.6
30	0.999567	29.8598	72.0382
30	0.999567	29.8794	0
30	0.999603	28.3945	1.41599e+06
30	0.999603	28.5637	1.3778e+06
30	0.999603	28.6976	1.40616e+06
30	0.999603	28.8085	1.54408e+06
30	0.999603	28.903	1.73389e+06
30	0.999603	28.9854	2.19454e+06
30	0.999603	29.0585	2.6295e+06
30	0.999603	29.1242	2.93966e+06
30	0.999603	29.1837	3.1164e+06
30	0.999603	29.2383	2.93894e+06
30	0.999603	29.2885	2.63787e+06
30	0.999603	29.3352	2.23703e+06
30	0.999603	29.3787	1.86822e+06
30	0.999603	29.4194	1.63897e+06
30	0.999603	29.4577	1.96215e+06
30	0.999603	29.4939	1.56998e+06
30	0.999603	29.5282	1.37271e+06
30	0.999603	29.5607	1.25151e+06
30	0.999603	29.5916	1.0983e+06
30	0.999603	29.6212	843307
30	0.999603	29.6494	707437
30	0.999603	29.6765	565714
30	0.999603	29.7025	389923
30	0.999603	29.7274	224853
30	0.999603	29.7515	109182
30	0.999603	29.7746	52216.5
30	0.999603	29.797	24434.2
30	0.999603	29.8186	10453.7
30	0.999603	29.8395	3666.08
30	0.999603	29.8598	531.67
30	0.999603	29.8794	0
30	0.999636	28.3945	1.55625e+06
30	0.999636	28.5637	1.50283e+06
30	0.999636	28.6976	1.5035e+06
30	0.999636	28.8085	1.60872e+06
30	0.999636	28.903	1.75965e+06
30	0.999636	28.9854	2.26381e+06
30	0.999636	29.0585	2.77314e+06
30	0.999636	29.1242	3.13274e+06
30	0.999636	29.1837	3.41103e+06
30	0.999636	29.2383	3.49246e+06
30	0.999636	29.2885	3.2771e+06
30	0.999636	29.3352	2.85917e+06
30	0.999636	29.3787	2.38841e+06
30	0.999636	29.4194	2.04447e+06
30	0.999636	29.4577	2.18968e+06
30	0.999636	29.4939	1.86048e+06
30	0.999636	29.5282	1.65809e+06
30	0.999636	29.5607	1.5547e+06
30	0.999636	29.5916	1.47936e+06
30	0.999636	29.6212	1.2621e+06
30	0.999636	29.6494	979620
30	0.999636	29.6765	783288
30	0.999636	29.7025	593583
30	0.999636	29.7274	382120
30	0.999636	29.7515	200465
30	0.999636	29.7746	90623.8
30	0.999636	29.797	41915.2
30	0.999636	29.8186	17317.8
30	0.999636	29.8395	6250.12
30	0.999636	29.8598	1141.44
30	0.999636	29.8794	0
30	0.999667	28.3945	1.66187e+06
30	0.999667	28.5637	1.63547e+06
30	0.999667	28.6976	1.62675e+06
30	0.999667	28.8085	1.67257e+06
30	0.999667	28.903	1.81081e+06
30	0.999667	28.9854	2.27261e+06
30	0.999667	29.0585	2.90826e+06
30	0.999667	29.1242	3.3075e+06
30	0.999667	29.1837	3.67127e+06
30	0.999667	29.2383	3.88317e+06
30	0.999667	29.2885	3.92356e+06
30	0.999667	29.3352	3.49478e+06
30	0.999667	29.3787	3.04423e+06
30	0.999667	29.4194	2.53594e+06
30	0.999667	29.4577	2.6012e+06
30	0.999667	29.4939	2.11292e+06
30	0.999667	29.5282	1.882e+06
30	0.999667	29.5607	1.91612e+06
30	0.999667	29.5916	1.84589e+06
30	0.999667	29.6212	1.71787e+06
30	0.999667	29.6494	1.47254e+06
30	0.999667	29.6765	1.09343e+06
30	0.999667	29.7025	820683
30	0.999667	29.7274	585718
30	0.999667	29.7515	347335
30	0.999667	29.7746	164618
30	0.999667	29.797	68323.3
30	0.999667	29.8186	28081.8
30	0.999667	29.8395	9336.1
30	0.999667	29.8598	1527.26
30	0.999667	29.8794	0
30	0.999695	28.3945	1.70216e+06
30	0.999695	28.5637	1.75465e+06
30	0.999695	28.6976	1.74823e+06
30	0.999695	28.8085	1.75054e+06
30	0.999695	28.903	1.84502e+06
30	0.999695	28.9854	2.2697e+06
30	0.999695	29.0585	2.99714e+06
30	0.999695	29.1242	3.45368e+06
30	0.999695	29.1837	3.90119e+06
30	0.999695	29.2383	4.24175e+06
30	0.999695	29.2885	4.44667e+06
30	0.999695	29.3352	4.27109e+06
30	0.999695	29.3787	3.64751e+06
30	0.999695	29.4194	3.21226e+06
30	0.999695	29.4577	2.98469e+06
30	0.999695	29.4939	2.46625e+06
30	0.999695	29.5282	2.17771e+06
30	0.999695	29.5607	2.19443e+06
30	0.999695	29.5916	2.28049e+06
30	0.999695	29.6212	2.2107e+06
30	0.999695	29.6494	2.07716e+06
30	0.999695	29.6765	1.59102e+06
30	0.999695	29.7025	1.14681e+06
30	0.999695	29.7274	818320
30	0.999695	29.7515	550686
30	0.999695	29.7746	293884
30	0.999695	29.797	120498
30	0.999695	29.8186	44843.1
30	0.999695	29.8395	14186.5
30	0.999695	29.8598	1820.89
30	0.999695	29.8794	0
30	0.999721	28.3945	1.79827e+06
30	0.999721	28.5637	1.8465e+06
30	0.999721	28.6976	1.884e+06
30	0.999721	28.8085	1.83413e+06
30	0.999721	28.903	1.89119e+06
30	0.999721	28.9854	2.26803e+06
30	0.999721	29.0585	3.01252e+06
30	0.999721	29.1242	3.58036e+06
30	0.999721	29.1837	4.07064e+06
30	0.999721	29.2383	4.55722e+06
30	0.999721	29.2885	4.96077e+06
30	0.999721	29.3352	4.96277e+06
30	0.999721	29.3787	4.47572e+06
30	0.999721	29.4194	3.78901e+06
30	0.999721	29.4577	3.55178e+06
30	0.999721	29.4939	2.89007e+06
30	0.999721	29.5282	2.52567e+06
30	0.999721	29.5607	2.49732e+06
30	0.999721	29.5916	2.66837e+06
30	0.999721	29.6212	2.69531e+06
30	0.999721	29.6494	2.7341e+06
30	0.999721	29.6765	2.30165e+06
30	0.999721	29.7025	1.62727e+06
30	0.999721	29.7274	1.12666e+06
30	0.999721	29.7515	805593
30	0.999721	29.7746	489689
30	0.999721	29.797	221947
30	0.999721	29.8186	74184.8
30	0.999721	29.8395	22503.5
30	0.999721	29.8598	2838.72
30	0.999721	29.8794	0
30	0.999746	28.3945	1.8987e+06
30	0.999746	28.5637	1.89064e+06
30	0.999746	28.6976	2.00603e+06
30	0.999746	28.8085	1.92897e+06
30	0.999746	28.903	1.94845e+06
30	0.999746	28.9854	2.26723e+06
30	0.999746	29.0585	2.99033e+06
30	0.999746	29.1242	3.64385e+06
30	0.999746	29.1837	4.19302e+06
30	0.999746	29.2383	4.80785e+06
30	0.999746	29.2885	5.41937e+06
30	0.999746	29.3352	5.65465e+06
30	0.999746	29.3787	5.3379e+06
30	0.999746	29.4194	4.56898e+06
30	0.999746	29.4577	3.98784e+06
30	0.999746	29.4939	3.55265e+06
30	0.999746	29.5282	2.97972e+06
30	0.999746	29.5607	2.94278e+06
30	0.999746	29.5916	3.02559e+06
30	0.999746	29.6212	3.22646e+06
30	0.999746	29.6494	3.40141e+06
30	0.999746	29.6765	3.02892e+06
30	0.999746	29.7025	2.38781e+06
30	0.999746	29.7274	1.56633e+06
30	0.999746	29.7515	1.1108e+06
30	0.999746	29.7746	745355
30	0.999746	29.797	390859
30	0.999746	29.8186	136383
30	0.999746	29.8395	36026.6
30	0.999746	29.8598	5548.21
30	0.999746	29.8794	0
30	0.999769	28.3945	2.0346e+06
30	0.999769	28.5637	1.96396e+06
30	0.999769	28.6976	2.10861e+06
30	0.999769	28.8085	2.03211e+06
30	0.999769	28.903	2.01888e+06
30	0.999769	28.9854	2.28973e+06
30	0.999769	29.0585	2.95475e+06
30	0.999769	29.1242	3.63554e+06
30	0.999769	29.1837	4.2632e+06
30	0.999769	29.2383	4.97211e+06
30	0.999769	29.2885	5.80579e+06
30	0.999769	29.3352	6.30201e+06
30	0.999769	29.3787	6.2146e+06
30	0.999769	29.4194	5.51682e+06
30	0.999769	29.4577	4.64186e+06
30	0.999769	29.4939	4.11011e+06
30	0.999769	29.5282	3.59529e+06
30	0.999769	29.5607	3.37818e+06
30	0.999769	29.5916	3.53168e+06
30	0.999769	29.6212	3.70653e+06
30	0.999769	29.6494	4.02782e+06
30	0.999769	29.6765	3.84207e+06
30	0.999769	29.7025	3.21073e+06
30	0.999769	29.7274	2.30521e+06
30	0.999769	29.7515	1.53244e+06
30	0.999769	29.7746	1.046e+06
30	0.999769	29.797	627095
30	0.999769	29.8186	251994
30	0.999769	29.8395	59479.7
30	0.999769	29.8598	8387.45
30	0.999769	29.8794	0
30	0.999791	28.3945	2.19899e+06
30	0.999791	28.5637	2.0649e+06
30	0.999791	28.6976	2.19937e+06
30	0.999791	28.8085	2.12298e+06
30	0.999791	28.903	2.09372e+06
30	0.999791	28.9854	2.31962e+06
30	0.999791	29.0585	2.93432e+06
30	0.999791	29.1242	3.59168e+06
30	0.999791	29.1837	4.26467e+06
30	0.999791	29.2383	5.0648e+06
30	0.999791	29.2885	6.08629e+06
30	0.999791	29.3352	6.87285e+06
30	0.999791	29.3787	7.06078e+06
30	0.999791	29.4194	6.52202e+06
30	0.999791	29.4577	5.54518e+06
30	0.999791	29.4939	4.70044e+06
30	0.999791	29.5282	4.21336e+06
30	0.999791	29.5607	3.93268e+06
30	0.999791	29.5916	3.96822e+06
30	0.999791	29.6212	4.23246e+06
30	0.999791	29.6494	4.6738e+06
30	0.999791	29.6765	4.63166e+06
30	0.999791	29.7025	4.10949e+06
30	0.999791	29.7274	3.21191e+06
30	0.999791	29.7515	2.16179e+06
30	0.999791	29.7746	1.42182e+06
30	0.999791	29.797	970396
30	0.999791	29.8186	430382
30	0.999791	29.8395	111126
30	0.999791	29.8598	11036.7
30	0.999791	29.8794	0
30	0.999812	28.3945	2.3549e+06
30	0.999812	28.5637	2.177e+06
30	0.999812	28.6976	2.2647e+06
30	0.999812	28.8085	2.18995e+06
30	0.999812	28.903	2.17634e+06
30	0.999812	28.9854	2.36825e+06
30	0.999812	29.0585	2.91608e+06
30	0.999812	29.1242	3.55523e+06
30	0.999812	29.1837	4.19552e+06
30	0.999812	29.2383	5.0725e+06
30	0.999812	29.2885	6.26756e+06
30	0.999812	29.3352	7.3271e+06
30	0.999812	29.3787	7.84816e+06
30	0.999812	29.4194	7.56878e+06
30	0.999812	29.4577	6.5759e+06
30	0.999812	29.4939	5.49896e+06
30	0.999812	29.5282	4.74109e+06
30	0.999812	29.5607	4.4696e+06
30	0.999812	29.5916	4.47279e+06
30	0.999812	29.6212	4.73869e+06
30	0.999812	29.6494	5.34166e+06
30	0.999812	29.6765	5.36983e+06
30	0.999812	29.7025	5.02666e+06
30	0.999812	29.7274	4.30488e+06
30	0.999812	29.7515	3.10803e+06
30	0.999812	29.7746	1.94041e+06
30	0.999812	29.797	1.44001e+06
30	0.999812	29.8186	685573
30	0.999812	29.8395	211763
30	0.999812	29.8598	17724
30	0.999812	29.8794	0
30	0.999831	28.3945	2.48748e+06
30	0.999831	28.5637	2.30716e+06
30	0.999831	28.6976	2.3067e+06
30	0.999831	28.8085	2.24526e+06
30	0.999831	28.903	2.24286e+06
30	0.999831	28.9854	2.42669e+06
30	0.999831	29.0585	2.96088e+06
30	0.999831	29.1242	3.5017e+06
30	0.999831	29.1837	4.0834e+06
30	0.999831	29.2383	5.00381e+06
30	0.999831	29.2885	6.33202e+06
30	0.999831	29.3352	7.65137e+06
30	0.999831	29.3787	8.52837e+06
30	0.999831	29.4194	8.5771e+06
30	0.999831	29.4577	7.7367e+06
30	0.999831	29.4939	6.45259e+06
30	0.999831	29.5282	5.40235e+06
30	0.999831	29.5607	4.887e+06
30	0.999831	29.5916	4.86584e+06
30	0.999831	29.6212	5.28808e+06
30	0.999831	29.6494	5.92372e+06
30	0.999831	29.6765	6.17461e+06
30	0.999831	29.7025	5.94796e+06
30	0.999831	29.7274	5.5723e+06
30	0.999831	29.7515	4.37308e+06
30	0.999831	29.7746	2.78357e+06
30	0.999831	29.797	2.07428e+06
30	0.999831	29.8186	1.02606e+06
30	0.999831	29.8395	377340
30	0.999831	29.8598	48118.8
30	0.999831	29.8794	0
30	0.99985	28.3945	2.58268e+06
30	0.99985	28.5637	2.45117e+06
30	0.99985	28.6976	2.34026e+06
30	0.99985	28.8085	2.26558e+06
30	0.99985	28.903	2.26817e+06
30	0.99985	28.9854	2.53451e+06
30	0.99985	29.0585	3.0213e+06
30	0.99985	29.1242	3.45401e+06
30	0.99985	29.1837	3.96224e+06
30	0.99985	29.2383	4.84501e+06
30	0.99985	29.2885	6.29429e+06
30	0.99985	29.3352	7.84989e+06
30	0.99985	29.3787	9.06622e+06
30	0.99985	29.4194	9.50204e+06
30	0.99985	29.4577	8.94901e+06
30	0.99985	29.4939	7.58166e+06
30	0.99985	29.5282	6.24862e+06
30	0.99985	29.5607	5.4148e+06
30	0.99985	29.5916	5.17996e+06
30	0.99985	29.6212	5.67595e+06
30	0.99985	29.6494	6.63806e+06
30	0.99985	29.6765	6.89231e+06
30	0.99985	29.7025	6.8155e+06
30	0.99985	29.7274	6.63762e+06
30	0.99985	29.7515	5.96342e+06
30	0.99985	29.7746	3.98353e+06
30	0.99985	29.797	2.92731e+06
30	0.99985	29.8186	1.44914e+06
30	0.99985	29.8395	625951
30	0.99985	29.8598	118918
30	0.99985	29.8794	0
30	0.999868	28.3945	2.74265e+06
30	0.999868	28.5637	2.55336e+06
30	0.999868	28.6976	2.37738e+06
30	0.999868	28.8085	2.28726e+06
30	0.999868	28.903	2.28769e+06
30	0.999868	28.9854	2.6277e+06
30	0.999868	29.0585	3.0859e+06
30	0.999868	29.1242	3.43726e+06
30	0.999868	29.1837	3.84115e+06
30	0.999868	29.2383	4.63508e+06
30	0.999868	29.2885	6.14899e+06
30	0.999868	29.3352	7.89049e+06
30	0.999868	29.3787	9.45417e+06
30	0.999868	29.4194	1.02808e+07
30	0.999868	29.4577	1.01208e+07
30	0.999868	29.4939	8.8649e+06
30	0.999868	29.5282	7.25606e+06
30	0.999868	29.5607	6.07418e+06
30	0.999868	29.5916	5.59219e+06
30	0.999868	29.6212	5.87251e+06
30	0.999868	29.6494	7.25197e+06
30	0.999868	29.6765	7.72927e+06
30	0.999868	29.7025	7.52315e+06
30	0.999868	29.7274	7.35846e+06
30	0.999868	29.7515	7.57888e+06
30	0.999868	29.7746	5.61048e+06
30	0.999868	29.797	4.21445e+06
30	0.999868	29.8186	1.99024e+06
30	0.999868	29.8395	945667
30	0.999868	29.8598	214122
30	0.999868	29.8794	0
30	0.999885	28.3945	2.86575e+06
30	0.999885	28.5637	2.60931e+06
30	0.999885	28.6976	2.41034e+06
30	0.999885	28.8085	2.33319e+06
30	0.999885	28.903	2.3208e+06
30	0.999885	28.9854	2.69429e+06
30	0.999885	29.0585	3.19346e+06
30	0.999885	29.1242	3.40879e+06
30	0.999885	29.1837	3.71601e+06
30	0.999885	29.2383	4.43271e+06
30	0.999885	29.2885	5.91769e+06
30	0.999885	29.3352	7.81777e+06
30	0.999885	29.3787	9.64484e+06
30	0.999885	29.4194	1.09045e+07
30	0.999885	29.4577	1.1187e+07
30	0.999885	29.4939	1.02143e+07
30	0.999885	29.5282	8.44793e+06
30	0.999885	29.5607	6.90371e+06
30	0.999885	29.5916	6.04625e+06
30	0.999885	29.6212	6.14954e+06
30	0.999885	29.6494	7.34239e+06
30	0.999885	29.6765	8.46938e+06
30	0.999885	29.7025	8.47113e+06
30	0.999885	29.7274	7.9342e+06
30	0.999885	29.7515	8.60631e+06
30	0.999885	29.7746	7.5821e+06
30	0.999885	29.797	6.00788e+06
30	0.999885	29.8186	2.75989e+06
30	0.999885	29.8395	1.32158e+06
30	0.999885	29.8598	323761
30	0.999885	29.8794	0
30	0.999901	28.3945	2.98252e+06
30	0.999901	28.5637	2.64695e+06
30	0.999901	28.6976	2.49674e+06
30	0.999901	28.8085	2.36816e+06
30	0.999901	28.903	2.32931e+06
30	0.999901	28.9854	2.75678e+06
30	0.999901	29.0585	3.25511e+06
30	0.999901	29.1242	3.36438e+06
30	0.999901	29.1837	3.59274e+06
30	0.999901	29.2383	4.22152e+06
30	0.999901	29.2885	5.64906e+06
30	0.999901	29.3352	7.63148e+06
30	0.999901	29.3787	9.69702e+06
30	0.999901	29.4194	1.13165e+07
30	0.999901	29.4577	1.20892e+07
30	0.999901	29.4939	1.15419e+07
30	0.999901	29.5282	9.81026e+06
30	0.999901	29.5607	7.89598e+06
30	0.999901	29.5916	6.65788e+06
30	0.999901	29.6212	6.36648e+06
30	0.999901	29.6494	7.4439e+06
30	0.999901	29.6765	8.64556e+06
30	0.999901	29.7025	9.44374e+06
30	0.999901	29.7274	8.7354e+06
30	0.999901	29.7515	9.17906e+06
30	0.999901	29.7746	9.06077e+06
30	0.999901	29.797	8.36718e+06
30	0.999901	29.8186	4.03452e+06
30	0.999901	29.8395	1.78173e+06
30	0.999901	29.8598	470347
30	0.999901	29.8794	0
30	0.999917	28.3945	3.0313e+06
30	0.999917	28.5637	2.65837e+06
30	0.999917	28.6976	2.59118e+06
30	0.999917	28.8085	2.45543e+06
30	0.999917	28.903	2.36473e+06
30	0.999917	28.9854	2.88598e+06
30	0.999917	29.0585	3.30277e+06
30	0.999917	29.1242	3.29138e+06
30	0.999917	29.1837	3.4474e+06
30	0.999917	29.2383	4.01099e+06
30	0.999917	29.2885	5.35026e+06
30	0.999917	29.3352	7.31642e+06
30	0.999917	29.3787	9.57833e+06
30	0.999917	29.4194	1.15595e+07
30	0.999917	29.4577	1.27644e+07
30	0.999917	29.4939	1.27458e+07
30	0.999917	29.5282	1.12765e+07
30	0.999917	29.5607	9.10684e+06
30	0.999917	29.5916	7.40561e+06
30	0.999917	29.6212	6.76741e+06
30	0.999917	29.6494	7.46568e+06
30	0.999917	29.6765	8.65937e+06
30	0.999917	29.7025	9.98873e+06
30	0.999917	29.7274	9.82357e+06
30	0.999917	29.7515	1.0068e+07
30	0.999917	29.7746	9.80006e+06
30	0.999917	29.797	1.07861e+07
30	0.999917	29.8186	5.87727e+06
30	0.999917	29.8395	2.44406e+06
30	0.999917	29.8598	682859
30	0.999917	29.8794	0
30	0.999932	28.3945	3.0384e+06
30	0.999932	28.5637	2.60475e+06
30	0.999932	28.6976	2.66178e+06
30	0.999932	28.8085	2.59142e+06
30	0.999932	28.903	2.53176e+06
30	0.999932	28.9854	2.96282e+06
30	0.999932	29.0585	3.30594e+06
30	0.999932	29.1242	3.20395e+06
30	0.999932	29.1837	3.28829e+06
30	0.999932	29.2383	3.77259e+06
30	0.999932	29.2885	5.05017e+06
30	0.999932	29.3352	6.96691e+06
30	0.999932	29.3787	9.28353e+06
30	0.999932	29.4194	1.15831e+07
30	0.999932	29.4577	1.32114e+07
30	0.999932	29.4939	1.37418e+07
30	0.999932	29.5282	1.27129e+07
30	0.999932	29.5607	1.04817e+07
30	0.999932	29.5916	8.32814e+06
30	0.999932	29.6212	7.24305e+06
30	0.999932	29.6494	7.60029e+06
30	0.999932	29.6765	8.59675e+06
30	0.999932	29.7025	1.00305e+07
30	0.999932	29.7274	1.09462e+07
30	0.999932	29.7515	1.15776e+07
30	0.999932	29.7746	1.06197e+07
30	0.999932	29.797	1.25251e+07
30	0.999932	29.8186	8.29987e+06
30	0.999932	29.8395	3.57796e+06
30	0.999932	29.8598	997754
30	0.999932	29.8794	0
30	0.999947	28.3945	2.96164e+06
30	0.999947	28.5637	2.48546e+06
30	0.999947	28.6976	2.63701e+06
30	0.999947	28.8085	2.67171e+06
30	0.999947	28.903	2.67388e+06
30	0.999947	28.9854	3.00416e+06
30	0.999947	29.0585	3.25209e+06
30	0.999947	29.1242	3.07774e+06
30	0.999947	29.1837	3.12937e+06
30	0.999947	29.2383	3.5486e+06
30	0.999947	29.2885	4.7102e+06
30	0.999947	29.3352	6.56413e+06
30	0.999947	29.3787	8.85162e+06
30	0.999947	29.4194	1.12962e+07
30	0.999947	29.4577	1.33511e+07
30	0.999947	29.4939	1.44871e+07
30	0.999947	29.5282	1.40041e+07
30	0.999947	29.5607	1.19276e+07
30	0.999947	29.5916	9.41497e+06
30	0.999947	29.6212	7.83554e+06
30	0.999947	29.6494	7.7986e+06
30	0.999947	29.6765	8.48345e+06
30	0.999947	29.7025	1.00572e+07
30	0.999947	29.7274	1.10584e+07
30	0.999947	29.7515	1.37536e+07
30	0.999947	29.7746	1.23363e+07
30	0.999947	29.797	1.39924e+07
30	0.999947	29.8186	1.05099e+07
30	0.999947	29.8395	5.3535e+06
30	0.999947	29.8598	1.4603e+06
30	0.999947	29.8794	0
30	0.999961	28.3945	2.82206e+06
30	0.999961	28.5637	2.31489e+06
30	0.999961	28.6976	2.51546e+06
30	0.999961	28.8085	2.63384e+06
30	0.999961	28.903	2.69576e+06
30	0.999961	28.9854	2.98387e+06
30	0.999961	29.0585	3.1432e+06
30	0.999961	29.1242	2.92786e+06
30	0.999961	29.1837	2.93594e+06
30	0.999961	29.2383	3.34325e+06
30	0.999961	29.2885	4.43337e+06
30	0.999961	29.3352	6.10911e+06
30	0.999961	29.3787	8.22874e+06
30	0.999961	29.4194	1.06808e+07
30	0.999961	29.4577	1.30458e+07
30	0.999961	29.4939	1.4826e+07
30	0.999961	29.5282	1.5045e+07
30	0.999961	29.5607	1.3303e+07
30	0.999961	29.5916	1.05902e+07
30	0.999961	29.6212	8.60829e+06
30	0.999961	29.6494	8.08962e+06
30	0.999961	29.6765	8.52013e+06
30	0.999961	29.7025	9.6866e+06
30	0.999961	29.7274	1.11376e+07
30	0.999961	29.7515	1.4044e+07
30	0.999961	29.7746	1.52835e+07
30	0.999961	29.797	1.63058e+07
30	0.999961	29.8186	1.25436e+07
30	0.999961	29.8395	7.6475e+06
30	0.999961	29.8598	2.3476e+06
30	0.999961	29.8794	0
30	0.999974	28.3945	2.63141e+06
30	0.999974	28.5637	2.18029e+06
30	0.999974	28.6976	2.3336e+06
30	0.999974	28.8085	2.48437e+06
30	0.999974	28.903	2.62504e+06
30	0.999974	28.9854	2.90665e+06
30	0.999974	29.0585	2.94086e+06
30	0.999974	29.1242	2.8014e+06
30	0.999974	29.1837	2.78909e+06
30	0.999974	29.2383	3.13603e+06
30	0.999974	29.2885	4.14678e+06
30	0.999974	29.3352	5.65555e+06
30	0.999974	29.3787	7.41752e+06
30	0.999974	29.4194	9.66846e+06
30	0.999974	29.4577	1.22331e+07
30	0.999974	29.4939	1.45081e+07
30	0.999974	29.5282	1.55291e+07
30	0.999974	29.5607	1.44403e+07
30	0.999974	29.5916	1.1721e+07
30	0.999974	29.6212	9.47017e+06
30	0.999974	29.6494	8.51294e+06
30	0.999974	29.6765	8.47498e+06
30	0.999974	29.7025	9.42581e+06
30	0.999974	29.7274	1.04814e+07
30	0.999974	29.7515	1.39725e+07
30	0.999974	29.7746	1.58198e+07
30	0.999974	29.797	1.94103e+07
30	0.999974	29.8186	1.66968e+07
30	0.999974	29.8395	9.58303e+06
30	0.999974	29.8598	4.77754e+06
30	0.999974	29.8794	0
30	0.999987	28.3945	2.33599e+06
30	0.999987	28.5637	2.00987e+06
30	0.999987	28.6976	2.09978e+06
30	0.999987	28.8085	2.27482e+06
30	0.999987	28.903	2.44463e+06
30	0.999987	28.9854	2.69034e+06
30	0.999987	29.0585	2.70795e+06
30	0.999987	29.1242	2.52717e+06
30	0.999987	29.1837	2.56574e+06
30	0.999987	29.2383	2.92092e+06
30	0.999987	29.2885	3.86208e+06
30	0.999987	29.3352	5.05632e+06
30	0.999987	29.3787	6.43254e+06
30	0.999987	29.4194	8.35288e+06
30	0.999987	29.4577	1.07252e+07
30	0.999987	29.4939	1.32196e+07
30	0.999987	29.5282	1.49965e+07
30	0.999987	29.5607	1.48502e+07
30	0.999987	29.5916	1.26098e+07
30	0.999987	29.6212	1.02486e+07
30	0.999987	29.6494	8.9006e+06
30	0.999987	29.6765	8.61676e+06
30	0.999987	29.7025	9.03862e+06
30	0.999987	29.7274	9.58031e+06
30	0.999987	29.7515	1.24153e+07
30	0.999987	29.7746	1.52992e+07
30	0.999987	29.797	2.10252e+07
30	0.999987	29.8186	2.53567e+07
30	0.999987	29.8395	1.36256e+07
30	0.999987	29.8598	6.59692e+06
30	0.999987	29.8794	0
30	1	28.3945	2.00236e+06
30	1	28.5637	1.58497e+06
30	1	28.6976	1.58459e+06
30	1	28.8085	2.02602e+06
30	1	28.903	2.41372e+06
30	1	28.9854	2.32766e+06
30	1	29.0585	2.25166e+06
30	1	29.1242	2.15388e+06
30	1	29.1837	2.05591e+06
30	1	29.2383	2.38688e+06
30	1	29.2885	3.03523e+06
30	1	29.3352	4.08813e+06
30	1	29.3787	5.17833e+06
30	1	29.4194	6.37292e+06
30	1	29.4577	8.05983e+06
30	1	29.4939	1.01932e+07
30	1	29.5282	1.22178e+07
30	1	29.5607	1.30186e+07
30	1	29.5916	1.18777e+07
30	1	29.6212	1.01594e+07
30	1	29.6494	9.02794e+06
30	1	29.6765	8.67744e+06
30	1	29.7025	8.59656e+06
30	1	29.7274	8.34339e+06
30	1	29.7515	9.42318e+06
30	1	29.7746	1.17489e+07
30	1	29.797	2.10962e+07
30	1	29.8186	3.12164e+07
30	1	29.8395	2.40956e+07
30	1	29.8598	4.21922e+06
30	1	29.8794	0
