              0.1075             -1.0000              0.0000              0.0000
          0.10750000             -1.0000             -0.0014              0.0000
          0.10750000             -1.0000             -0.0024              0.0000
          0.10750000             -1.0000             -0.0033              0.0000
          0.10750000             -1.0000             -0.0041              0.0000
          0.10750000             -1.0000             -0.0048              0.0000
          0.10750000             -1.0000             -0.0054              0.0000
          0.10750000             -1.0000             -0.0059              0.0000
          0.10750000             -1.0000             -0.0064              0.0000
          0.10750000             -1.0000             -0.0068              0.0000
          0.10750000             -1.0000             -0.0072              0.0000
          0.10750000             -1.0000             -0.0076              0.0000
          0.10750000             -1.0000             -0.0079              0.0000
          0.10750000             -1.0000             -0.0083              0.0000
          0.10750000             -1.0000             -0.0086              0.0000
          0.10750000             -1.0000             -0.0089              0.0000
          0.10750000             -1.0000             -0.0091              0.0000
          0.10750000             -1.0000             -0.0094              0.0000
          0.10750000             -1.0000             -0.0096              0.0000
          0.10750000             -1.0000             -0.0099              0.0000
          0.10750000             -1.0000             -0.0101              0.0000
          0.10750000             -1.0000             -0.0103              0.0000
          0.10750000             -1.0000             -0.0105              0.0000
          0.10750000             -1.0000             -0.0107              0.0000
          0.10750000             -1.0000             -0.0109              0.0000
          0.10750000             -1.0000             -0.0111              0.0000
          0.10750000             -1.0000             -0.0113              0.0000
          0.10750000             -1.0000             -0.0115              0.0000
          0.10750000             -1.0000             -0.0116              0.0000
          0.10750000             -1.0000             -0.0118              0.0000
          0.10750000             -1.0000             -0.0120              0.0000
          0.10750000             -0.6348              0.0000              0.0000
          0.10750000             -0.6348             -0.0014              0.0000
          0.10750000             -0.6348             -0.0024              0.0000
          0.10750000             -0.6348             -0.0033              0.0000
          0.10750000             -0.6348             -0.0041              0.0000
          0.10750000             -0.6348             -0.0048              0.0000
          0.10750000             -0.6348             -0.0054              0.0000
          0.10750000             -0.6348             -0.0059              0.0000
          0.10750000             -0.6348             -0.0064              0.0000
          0.10750000             -0.6348             -0.0068              0.0000
          0.10750000             -0.6348             -0.0072              0.0000
          0.10750000             -0.6348             -0.0076              0.0000
          0.10750000             -0.6348             -0.0079              0.0000
          0.10750000             -0.6348             -0.0083              0.0000
          0.10750000             -0.6348             -0.0086              0.0000
          0.10750000             -0.6348             -0.0089              0.0000
          0.10750000             -0.6348             -0.0091              0.0000
          0.10750000             -0.6348             -0.0094              0.0000
          0.10750000             -0.6348             -0.0096              0.0000
          0.10750000             -0.6348             -0.0099              0.0000
          0.10750000             -0.6348             -0.0101              0.0000
          0.10750000             -0.6348             -0.0103              0.0000
          0.10750000             -0.6348             -0.0105              0.0000
          0.10750000             -0.6348             -0.0107              0.0000
          0.10750000             -0.6348             -0.0109              0.0000
          0.10750000             -0.6348             -0.0111              0.0000
          0.10750000             -0.6348             -0.0113              0.0000
          0.10750000             -0.6348             -0.0115              0.0000
          0.10750000             -0.6348             -0.0116              0.0000
          0.10750000             -0.6348             -0.0118              0.0000
          0.10750000             -0.6348             -0.0120              0.0000
          0.10750000             -0.4063              0.0000              0.0000
          0.10750000             -0.4063             -0.0014              0.0000
          0.10750000             -0.4063             -0.0024              0.0000
          0.10750000             -0.4063             -0.0033              0.0000
          0.10750000             -0.4063             -0.0041              0.0000
          0.10750000             -0.4063             -0.0048              0.0000
          0.10750000             -0.4063             -0.0054              0.0000
          0.10750000             -0.4063             -0.0059              0.0000
          0.10750000             -0.4063             -0.0064              0.0000
          0.10750000             -0.4063             -0.0068              0.0000
          0.10750000             -0.4063             -0.0072              0.0000
          0.10750000             -0.4063             -0.0076              0.0000
          0.10750000             -0.4063             -0.0079              0.0000
          0.10750000             -0.4063             -0.0083              0.0000
          0.10750000             -0.4063             -0.0086              0.0000
          0.10750000             -0.4063             -0.0089              0.0000
          0.10750000             -0.4063             -0.0091              0.0000
          0.10750000             -0.4063             -0.0094              0.0000
          0.10750000             -0.4063             -0.0096              0.0000
          0.10750000             -0.4063             -0.0099              0.0000
          0.10750000             -0.4063             -0.0101              0.0000
          0.10750000             -0.4063             -0.0103              0.0000
          0.10750000             -0.4063             -0.0105              0.0000
          0.10750000             -0.4063             -0.0107              0.0000
          0.10750000             -0.4063             -0.0109              0.0000
          0.10750000             -0.4063             -0.0111              0.0000
          0.10750000             -0.4063             -0.0113              0.0000
          0.10750000             -0.4063             -0.0115              0.0000
          0.10750000             -0.4063             -0.0116              0.0000
          0.10750000             -0.4063             -0.0118              0.0000
          0.10750000             -0.4063             -0.0120              0.0000
          0.10750000             -0.2396              0.0000              0.0000
          0.10750000             -0.2396             -0.0014              0.0000
          0.10750000             -0.2396             -0.0024              0.0000
          0.10750000             -0.2396             -0.0033              0.0000
          0.10750000             -0.2396             -0.0041              0.0000
          0.10750000             -0.2396             -0.0048              0.0000
          0.10750000             -0.2396             -0.0054              0.0000
          0.10750000             -0.2396             -0.0059              0.0000
          0.10750000             -0.2396             -0.0064              0.0000
          0.10750000             -0.2396             -0.0068              0.0000
          0.10750000             -0.2396             -0.0072              0.0000
          0.10750000             -0.2396             -0.0076              0.0000
          0.10750000             -0.2396             -0.0079              0.0000
          0.10750000             -0.2396             -0.0083              0.0000
          0.10750000             -0.2396             -0.0086              0.0000
          0.10750000             -0.2396             -0.0089              0.0000
          0.10750000             -0.2396             -0.0091              0.0000
          0.10750000             -0.2396             -0.0094              0.0000
          0.10750000             -0.2396             -0.0096              0.0000
          0.10750000             -0.2396             -0.0099              0.0000
          0.10750000             -0.2396             -0.0101              0.0000
          0.10750000             -0.2396             -0.0103              0.0000
          0.10750000             -0.2396             -0.0105              0.0000
          0.10750000             -0.2396             -0.0107              0.0000
          0.10750000             -0.2396             -0.0109              0.0000
          0.10750000             -0.2396             -0.0111              0.0000
          0.10750000             -0.2396             -0.0113              0.0000
          0.10750000             -0.2396             -0.0115              0.0000
          0.10750000             -0.2396             -0.0116              0.0000
          0.10750000             -0.2396             -0.0118              0.0000
          0.10750000             -0.2396             -0.0120              0.0000
          0.10750000             -0.1083              0.0000              0.0000
          0.10750000             -0.1083             -0.0014              0.0000
          0.10750000             -0.1083             -0.0024              0.0000
          0.10750000             -0.1083             -0.0033              0.0000
          0.10750000             -0.1083             -0.0041              0.0000
          0.10750000             -0.1083             -0.0048              0.0000
          0.10750000             -0.1083             -0.0054              0.0000
          0.10750000             -0.1083             -0.0059              0.0000
          0.10750000             -0.1083             -0.0064              0.0000
          0.10750000             -0.1083             -0.0068              0.0000
          0.10750000             -0.1083             -0.0072              0.0000
          0.10750000             -0.1083             -0.0076              0.0000
          0.10750000             -0.1083             -0.0079              0.0000
          0.10750000             -0.1083             -0.0083              0.0000
          0.10750000             -0.1083             -0.0086              0.0000
          0.10750000             -0.1083             -0.0089              0.0000
          0.10750000             -0.1083             -0.0091              0.0000
          0.10750000             -0.1083             -0.0094              0.0000
          0.10750000             -0.1083             -0.0096              0.0000
          0.10750000             -0.1083             -0.0099              0.0000
          0.10750000             -0.1083             -0.0101              0.0000
          0.10750000             -0.1083             -0.0103              0.0000
          0.10750000             -0.1083             -0.0105              0.0000
          0.10750000             -0.1083             -0.0107              0.0000
          0.10750000             -0.1083             -0.0109              0.0000
          0.10750000             -0.1083             -0.0111              0.0000
          0.10750000             -0.1083             -0.0113              0.0000
          0.10750000             -0.1083             -0.0115              0.0000
          0.10750000             -0.1083             -0.0116              0.0000
          0.10750000             -0.1083             -0.0118              0.0000
          0.10750000             -0.1083             -0.0120              0.0000
          0.10750000             -0.0000              0.0000              0.0000
          0.10750000             -0.0000             -0.0014              0.0000
          0.10750000             -0.0000             -0.0024              0.0000
          0.10750000             -0.0000             -0.0033              0.0000
          0.10750000             -0.0000             -0.0041              0.0000
          0.10750000             -0.0000             -0.0048              0.0000
          0.10750000             -0.0000             -0.0054              0.0000
          0.10750000             -0.0000             -0.0059              0.0000
          0.10750000             -0.0000             -0.0064              0.0000
          0.10750000             -0.0000             -0.0068              0.0000
          0.10750000             -0.0000             -0.0072              0.0000
          0.10750000             -0.0000             -0.0076              0.0000
          0.10750000             -0.0000             -0.0079              0.0000
          0.10750000             -0.0000             -0.0083              0.0000
          0.10750000             -0.0000             -0.0086              0.0000
          0.10750000             -0.0000             -0.0089              0.0000
          0.10750000             -0.0000             -0.0091              0.0000
          0.10750000             -0.0000             -0.0094              0.0000
          0.10750000             -0.0000             -0.0096              0.0000
          0.10750000             -0.0000             -0.0099              0.0000
          0.10750000             -0.0000             -0.0101              0.0000
          0.10750000             -0.0000             -0.0103              0.0000
          0.10750000             -0.0000             -0.0105              0.0000
          0.10750000             -0.0000             -0.0107              0.0000
          0.10750000             -0.0000             -0.0109              0.0000
          0.10750000             -0.0000             -0.0111              0.0000
          0.10750000             -0.0000             -0.0113              0.0000
          0.10750000             -0.0000             -0.0115              0.0000
          0.10750000             -0.0000             -0.0116              0.0000
          0.10750000             -0.0000             -0.0118              0.0000
          0.10750000             -0.0000             -0.0120              0.0000
          0.10750000              0.0922              0.0000              0.0000
          0.10750000              0.0922             -0.0014              0.0000
          0.10750000              0.0922             -0.0024              0.0000
          0.10750000              0.0922             -0.0033              0.0000
          0.10750000              0.0922             -0.0041              0.0000
          0.10750000              0.0922             -0.0048              0.0000
          0.10750000              0.0922             -0.0054              0.0000
          0.10750000              0.0922             -0.0059              0.0000
          0.10750000              0.0922             -0.0064              0.0000
          0.10750000              0.0922             -0.0068              0.0000
          0.10750000              0.0922             -0.0072              0.0000
          0.10750000              0.0922             -0.0076              0.0000
          0.10750000              0.0922             -0.0079              0.0000
          0.10750000              0.0922             -0.0083              0.0000
          0.10750000              0.0922             -0.0086              0.0000
          0.10750000              0.0922             -0.0089              0.0000
          0.10750000              0.0922             -0.0091              0.0000
          0.10750000              0.0922             -0.0094              0.0000
          0.10750000              0.0922             -0.0096              0.0000
          0.10750000              0.0922             -0.0099              0.0000
          0.10750000              0.0922             -0.0101              0.0000
          0.10750000              0.0922             -0.0103              0.0000
          0.10750000              0.0922             -0.0105              0.0000
          0.10750000              0.0922             -0.0107              0.0000
          0.10750000              0.0922             -0.0109              0.0000
          0.10750000              0.0922             -0.0111              0.0000
          0.10750000              0.0922             -0.0113              0.0000
          0.10750000              0.0922             -0.0115              0.0000
          0.10750000              0.0922             -0.0116              0.0000
          0.10750000              0.0922             -0.0118              0.0000
          0.10750000              0.0922             -0.0120              0.0000
          0.10750000              0.1725              0.0000              0.0000
          0.10750000              0.1725             -0.0014              0.0000
          0.10750000              0.1725             -0.0024              0.0000
          0.10750000              0.1725             -0.0033              0.0000
          0.10750000              0.1725             -0.0041              0.0000
          0.10750000              0.1725             -0.0048              0.0000
          0.10750000              0.1725             -0.0054              0.0000
          0.10750000              0.1725             -0.0059              0.0000
          0.10750000              0.1725             -0.0064              0.0000
          0.10750000              0.1725             -0.0068              0.0000
          0.10750000              0.1725             -0.0072              0.0000
          0.10750000              0.1725             -0.0076              0.0000
          0.10750000              0.1725             -0.0079              0.0000
          0.10750000              0.1725             -0.0083              0.0000
          0.10750000              0.1725             -0.0086              0.0000
          0.10750000              0.1725             -0.0089              0.0000
          0.10750000              0.1725             -0.0091              0.0000
          0.10750000              0.1725             -0.0094              0.0000
          0.10750000              0.1725             -0.0096              0.0000
          0.10750000              0.1725             -0.0099              0.0000
          0.10750000              0.1725             -0.0101              0.0000
          0.10750000              0.1725             -0.0103              0.0000
          0.10750000              0.1725             -0.0105              0.0000
          0.10750000              0.1725             -0.0107              0.0000
          0.10750000              0.1725             -0.0109              0.0000
          0.10750000              0.1725             -0.0111              0.0000
          0.10750000              0.1725             -0.0113              0.0000
          0.10750000              0.1725             -0.0115              0.0000
          0.10750000              0.1725             -0.0116              0.0000
          0.10750000              0.1725             -0.0118              0.0000
          0.10750000              0.1725             -0.0120              0.0000
          0.10750000              0.2436              0.0000              0.0000
          0.10750000              0.2436             -0.0014              0.0000
          0.10750000              0.2436             -0.0024              0.0000
          0.10750000              0.2436             -0.0033              0.0000
          0.10750000              0.2436             -0.0041              0.0000
          0.10750000              0.2436             -0.0048              0.0000
          0.10750000              0.2436             -0.0054              0.0000
          0.10750000              0.2436             -0.0059              0.0000
          0.10750000              0.2436             -0.0064              0.0000
          0.10750000              0.2436             -0.0068              0.0000
          0.10750000              0.2436             -0.0072              0.0000
          0.10750000              0.2436             -0.0076              0.0000
          0.10750000              0.2436             -0.0079              0.0000
          0.10750000              0.2436             -0.0083              0.0000
          0.10750000              0.2436             -0.0086              0.0000
          0.10750000              0.2436             -0.0089              0.0000
          0.10750000              0.2436             -0.0091              0.0000
          0.10750000              0.2436             -0.0094              0.0000
          0.10750000              0.2436             -0.0096              0.0000
          0.10750000              0.2436             -0.0099              0.0000
          0.10750000              0.2436             -0.0101              0.0000
          0.10750000              0.2436             -0.0103              0.0000
          0.10750000              0.2436             -0.0105              0.0000
          0.10750000              0.2436             -0.0107              0.0000
          0.10750000              0.2436             -0.0109              0.0000
          0.10750000              0.2436             -0.0111              0.0000
          0.10750000              0.2436             -0.0113              0.0000
          0.10750000              0.2436             -0.0115              0.0000
          0.10750000              0.2436             -0.0116              0.0000
          0.10750000              0.2436             -0.0118              0.0000
          0.10750000              0.2436             -0.0120              0.0000
          0.10750000              0.3074              0.0000              0.0000
          0.10750000              0.3074             -0.0014              0.0000
          0.10750000              0.3074             -0.0024              0.0000
          0.10750000              0.3074             -0.0033              0.0000
          0.10750000              0.3074             -0.0041              0.0000
          0.10750000              0.3074             -0.0048              0.0000
          0.10750000              0.3074             -0.0054              0.0000
          0.10750000              0.3074             -0.0059              0.0000
          0.10750000              0.3074             -0.0064              0.0000
          0.10750000              0.3074             -0.0068              0.0000
          0.10750000              0.3074             -0.0072              0.0000
          0.10750000              0.3074             -0.0076              0.0000
          0.10750000              0.3074             -0.0079              0.0000
          0.10750000              0.3074             -0.0083              0.0000
          0.10750000              0.3074             -0.0086              0.0000
          0.10750000              0.3074             -0.0089              0.0000
          0.10750000              0.3074             -0.0091              0.0000
          0.10750000              0.3074             -0.0094              0.0000
          0.10750000              0.3074             -0.0096              0.0000
          0.10750000              0.3074             -0.0099              0.0000
          0.10750000              0.3074             -0.0101              0.0000
          0.10750000              0.3074             -0.0103              0.0000
          0.10750000              0.3074             -0.0105              0.0000
          0.10750000              0.3074             -0.0107              0.0000
          0.10750000              0.3074             -0.0109              0.0000
          0.10750000              0.3074             -0.0111              0.0000
          0.10750000              0.3074             -0.0113              0.0000
          0.10750000              0.3074             -0.0115              0.0000
          0.10750000              0.3074             -0.0116              0.0000
          0.10750000              0.3074             -0.0118              0.0000
          0.10750000              0.3074             -0.0120              0.0000
          0.10750000              0.3652              0.0000              0.0000
          0.10750000              0.3652             -0.0014              0.0000
          0.10750000              0.3652             -0.0024              0.0000
          0.10750000              0.3652             -0.0033              0.0000
          0.10750000              0.3652             -0.0041              0.0000
          0.10750000              0.3652             -0.0048              0.0000
          0.10750000              0.3652             -0.0054              0.0000
          0.10750000              0.3652             -0.0059              0.0000
          0.10750000              0.3652             -0.0064              0.0000
          0.10750000              0.3652             -0.0068              0.0000
          0.10750000              0.3652             -0.0072              0.0000
          0.10750000              0.3652             -0.0076              0.0000
          0.10750000              0.3652             -0.0079              0.0000
          0.10750000              0.3652             -0.0083              0.0000
          0.10750000              0.3652             -0.0086              0.0000
          0.10750000              0.3652             -0.0089              0.0000
          0.10750000              0.3652             -0.0091              0.0000
          0.10750000              0.3652             -0.0094              0.0000
          0.10750000              0.3652             -0.0096              0.0000
          0.10750000              0.3652             -0.0099              0.0000
          0.10750000              0.3652             -0.0101              0.0000
          0.10750000              0.3652             -0.0103              0.0000
          0.10750000              0.3652             -0.0105              0.0000
          0.10750000              0.3652             -0.0107              0.0000
          0.10750000              0.3652             -0.0109              0.0000
          0.10750000              0.3652             -0.0111              0.0000
          0.10750000              0.3652             -0.0113              0.0000
          0.10750000              0.3652             -0.0115              0.0000
          0.10750000              0.3652             -0.0116              0.0000
          0.10750000              0.3652             -0.0118              0.0000
          0.10750000              0.3652             -0.0120              0.0000
          0.10750000              0.4181              0.0000              0.0000
          0.10750000              0.4181             -0.0014              0.0000
          0.10750000              0.4181             -0.0024              0.0000
          0.10750000              0.4181             -0.0033              0.0000
          0.10750000              0.4181             -0.0041              0.0000
          0.10750000              0.4181             -0.0048              0.0000
          0.10750000              0.4181             -0.0054              0.0000
          0.10750000              0.4181             -0.0059              0.0000
          0.10750000              0.4181             -0.0064              0.0000
          0.10750000              0.4181             -0.0068              0.0000
          0.10750000              0.4181             -0.0072              0.0000
          0.10750000              0.4181             -0.0076              0.0000
          0.10750000              0.4181             -0.0079              0.0000
          0.10750000              0.4181             -0.0083              0.0000
          0.10750000              0.4181             -0.0086              0.0000
          0.10750000              0.4181             -0.0089              0.0000
          0.10750000              0.4181             -0.0091              0.0000
          0.10750000              0.4181             -0.0094              0.0000
          0.10750000              0.4181             -0.0096              0.0000
          0.10750000              0.4181             -0.0099              0.0000
          0.10750000              0.4181             -0.0101              0.0000
          0.10750000              0.4181             -0.0103              0.0000
          0.10750000              0.4181             -0.0105              0.0000
          0.10750000              0.4181             -0.0107              0.0000
          0.10750000              0.4181             -0.0109              0.0000
          0.10750000              0.4181             -0.0111              0.0000
          0.10750000              0.4181             -0.0113              0.0000
          0.10750000              0.4181             -0.0115              0.0000
          0.10750000              0.4181             -0.0116              0.0000
          0.10750000              0.4181             -0.0118              0.0000
          0.10750000              0.4181             -0.0120              0.0000
          0.10750000              0.4669              0.0000              0.0000
          0.10750000              0.4669             -0.0014              0.0000
          0.10750000              0.4669             -0.0024              0.0000
          0.10750000              0.4669             -0.0033              0.0000
          0.10750000              0.4669             -0.0041              0.0000
          0.10750000              0.4669             -0.0048              0.0000
          0.10750000              0.4669             -0.0054              0.0000
          0.10750000              0.4669             -0.0059              0.0000
          0.10750000              0.4669             -0.0064              0.0000
          0.10750000              0.4669             -0.0068              0.0000
          0.10750000              0.4669             -0.0072              0.0000
          0.10750000              0.4669             -0.0076              0.0000
          0.10750000              0.4669             -0.0079              0.0000
          0.10750000              0.4669             -0.0083              0.0000
          0.10750000              0.4669             -0.0086              0.0000
          0.10750000              0.4669             -0.0089              0.0000
          0.10750000              0.4669             -0.0091              0.0000
          0.10750000              0.4669             -0.0094              0.0000
          0.10750000              0.4669             -0.0096              0.0000
          0.10750000              0.4669             -0.0099              0.0000
          0.10750000              0.4669             -0.0101              0.0000
          0.10750000              0.4669             -0.0103              0.0000
          0.10750000              0.4669             -0.0105              0.0000
          0.10750000              0.4669             -0.0107              0.0000
          0.10750000              0.4669             -0.0109              0.0000
          0.10750000              0.4669             -0.0111              0.0000
          0.10750000              0.4669             -0.0113              0.0000
          0.10750000              0.4669             -0.0115              0.0000
          0.10750000              0.4669             -0.0116              0.0000
          0.10750000              0.4669             -0.0118              0.0000
          0.10750000              0.4669             -0.0120              0.0000
          0.10750000              0.5121              0.0000              0.0000
          0.10750000              0.5121             -0.0014              0.0000
          0.10750000              0.5121             -0.0024              0.0000
          0.10750000              0.5121             -0.0033              0.0000
          0.10750000              0.5121             -0.0041              0.0000
          0.10750000              0.5121             -0.0048              0.0000
          0.10750000              0.5121             -0.0054              0.0000
          0.10750000              0.5121             -0.0059              0.0000
          0.10750000              0.5121             -0.0064              0.0000
          0.10750000              0.5121             -0.0068              0.0000
          0.10750000              0.5121             -0.0072              0.0000
          0.10750000              0.5121             -0.0076              0.0000
          0.10750000              0.5121             -0.0079              0.0000
          0.10750000              0.5121             -0.0083              0.0000
          0.10750000              0.5121             -0.0086              0.0000
          0.10750000              0.5121             -0.0089              0.0000
          0.10750000              0.5121             -0.0091              0.0000
          0.10750000              0.5121             -0.0094              0.0000
          0.10750000              0.5121             -0.0096              0.0000
          0.10750000              0.5121             -0.0099              0.0000
          0.10750000              0.5121             -0.0101              0.0000
          0.10750000              0.5121             -0.0103              0.0000
          0.10750000              0.5121             -0.0105              0.0000
          0.10750000              0.5121             -0.0107              0.0000
          0.10750000              0.5121             -0.0109              0.0000
          0.10750000              0.5121             -0.0111              0.0000
          0.10750000              0.5121             -0.0113              0.0000
          0.10750000              0.5121             -0.0115              0.0000
          0.10750000              0.5121             -0.0116              0.0000
          0.10750000              0.5121             -0.0118              0.0000
          0.10750000              0.5121             -0.0120              0.0000
          0.10750000              0.5542              0.0000              0.0000
          0.10750000              0.5542             -0.0014              0.0000
          0.10750000              0.5542             -0.0024              0.0000
          0.10750000              0.5542             -0.0033              0.0000
          0.10750000              0.5542             -0.0041              0.0000
          0.10750000              0.5542             -0.0048              0.0000
          0.10750000              0.5542             -0.0054              0.0000
          0.10750000              0.5542             -0.0059              0.0000
          0.10750000              0.5542             -0.0064              0.0000
          0.10750000              0.5542             -0.0068              0.0000
          0.10750000              0.5542             -0.0072              0.0000
          0.10750000              0.5542             -0.0076              0.0000
          0.10750000              0.5542             -0.0079              0.0000
          0.10750000              0.5542             -0.0083              0.0000
          0.10750000              0.5542             -0.0086              0.0000
          0.10750000              0.5542             -0.0089              0.0000
          0.10750000              0.5542             -0.0091              0.0000
          0.10750000              0.5542             -0.0094              0.0000
          0.10750000              0.5542             -0.0096              0.0000
          0.10750000              0.5542             -0.0099              0.0000
          0.10750000              0.5542             -0.0101              0.0000
          0.10750000              0.5542             -0.0103              0.0000
          0.10750000              0.5542             -0.0105              0.0000
          0.10750000              0.5542             -0.0107              0.0000
          0.10750000              0.5542             -0.0109              0.0000
          0.10750000              0.5542             -0.0111              0.0000
          0.10750000              0.5542             -0.0113              0.0000
          0.10750000              0.5542             -0.0115              0.0000
          0.10750000              0.5542             -0.0116              0.0000
          0.10750000              0.5542             -0.0118              0.0000
          0.10750000              0.5542             -0.0120              0.0000
          0.10750000              0.5937              0.0000              0.0000
          0.10750000              0.5937             -0.0014              0.0000
          0.10750000              0.5937             -0.0024              0.0000
          0.10750000              0.5937             -0.0033              0.0000
          0.10750000              0.5937             -0.0041              0.0000
          0.10750000              0.5937             -0.0048              0.0000
          0.10750000              0.5937             -0.0054              0.0000
          0.10750000              0.5937             -0.0059              0.0000
          0.10750000              0.5937             -0.0064              0.0000
          0.10750000              0.5937             -0.0068              0.0000
          0.10750000              0.5937             -0.0072              0.0000
          0.10750000              0.5937             -0.0076              0.0000
          0.10750000              0.5937             -0.0079              0.0000
          0.10750000              0.5937             -0.0083              0.0000
          0.10750000              0.5937             -0.0086              0.0000
          0.10750000              0.5937             -0.0089              0.0000
          0.10750000              0.5937             -0.0091              0.0000
          0.10750000              0.5937             -0.0094              0.0000
          0.10750000              0.5937             -0.0096              0.0000
          0.10750000              0.5937             -0.0099              0.0000
          0.10750000              0.5937             -0.0101              0.0000
          0.10750000              0.5937             -0.0103              0.0000
          0.10750000              0.5937             -0.0105              0.0000
          0.10750000              0.5937             -0.0107              0.0000
          0.10750000              0.5937             -0.0109              0.0000
          0.10750000              0.5937             -0.0111              0.0000
          0.10750000              0.5937             -0.0113              0.0000
          0.10750000              0.5937             -0.0115              0.0000
          0.10750000              0.5937             -0.0116              0.0000
          0.10750000              0.5937             -0.0118              0.0000
          0.10750000              0.5937             -0.0120              0.0000
          0.10750000              0.6308              0.0000              0.0000
          0.10750000              0.6308             -0.0014              0.0000
          0.10750000              0.6308             -0.0024              0.0000
          0.10750000              0.6308             -0.0033              0.0000
          0.10750000              0.6308             -0.0041              0.0000
          0.10750000              0.6308             -0.0048              0.0000
          0.10750000              0.6308             -0.0054              0.0000
          0.10750000              0.6308             -0.0059              0.0000
          0.10750000              0.6308             -0.0064              0.0000
          0.10750000              0.6308             -0.0068              0.0000
          0.10750000              0.6308             -0.0072              0.0000
          0.10750000              0.6308             -0.0076              0.0000
          0.10750000              0.6308             -0.0079              0.0000
          0.10750000              0.6308             -0.0083              0.0000
          0.10750000              0.6308             -0.0086              0.0000
          0.10750000              0.6308             -0.0089              0.0000
          0.10750000              0.6308             -0.0091              0.0000
          0.10750000              0.6308             -0.0094              0.0000
          0.10750000              0.6308             -0.0096              0.0000
          0.10750000              0.6308             -0.0099              0.0000
          0.10750000              0.6308             -0.0101              0.0000
          0.10750000              0.6308             -0.0103              0.0000
          0.10750000              0.6308             -0.0105              0.0000
          0.10750000              0.6308             -0.0107              0.0000
          0.10750000              0.6308             -0.0109              0.0000
          0.10750000              0.6308             -0.0111              0.0000
          0.10750000              0.6308             -0.0113              0.0000
          0.10750000              0.6308             -0.0115              0.0000
          0.10750000              0.6308             -0.0116              0.0000
          0.10750000              0.6308             -0.0118              0.0000
          0.10750000              0.6308             -0.0120              0.0000
          0.10750000              0.6658              0.0000              0.0000
          0.10750000              0.6658             -0.0014              0.0000
          0.10750000              0.6658             -0.0024              0.0000
          0.10750000              0.6658             -0.0033              0.0000
          0.10750000              0.6658             -0.0041              0.0000
          0.10750000              0.6658             -0.0048              0.0000
          0.10750000              0.6658             -0.0054              0.0000
          0.10750000              0.6658             -0.0059              0.0000
          0.10750000              0.6658             -0.0064              0.0000
          0.10750000              0.6658             -0.0068              0.0000
          0.10750000              0.6658             -0.0072              0.0000
          0.10750000              0.6658             -0.0076              0.0000
          0.10750000              0.6658             -0.0079              0.0000
          0.10750000              0.6658             -0.0083              0.0000
          0.10750000              0.6658             -0.0086              0.0000
          0.10750000              0.6658             -0.0089              0.0000
          0.10750000              0.6658             -0.0091              0.0000
          0.10750000              0.6658             -0.0094              0.0000
          0.10750000              0.6658             -0.0096              0.0000
          0.10750000              0.6658             -0.0099              0.0000
          0.10750000              0.6658             -0.0101              0.0000
          0.10750000              0.6658             -0.0103              0.0000
          0.10750000              0.6658             -0.0105              0.0000
          0.10750000              0.6658             -0.0107              0.0000
          0.10750000              0.6658             -0.0109              0.0000
          0.10750000              0.6658             -0.0111              0.0000
          0.10750000              0.6658             -0.0113              0.0000
          0.10750000              0.6658             -0.0115              0.0000
          0.10750000              0.6658             -0.0116              0.0000
          0.10750000              0.6658             -0.0118              0.0000
          0.10750000              0.6658             -0.0120              0.0000
          0.10750000              0.6990              0.0000              0.0000
          0.10750000              0.6990             -0.0014              0.0000
          0.10750000              0.6990             -0.0024              0.0000
          0.10750000              0.6990             -0.0033              0.0000
          0.10750000              0.6990             -0.0041              0.0000
          0.10750000              0.6990             -0.0048              0.0000
          0.10750000              0.6990             -0.0054              0.0000
          0.10750000              0.6990             -0.0059              0.0000
          0.10750000              0.6990             -0.0064              0.0000
          0.10750000              0.6990             -0.0068              0.0000
          0.10750000              0.6990             -0.0072              0.0000
          0.10750000              0.6990             -0.0076              0.0000
          0.10750000              0.6990             -0.0079              0.0000
          0.10750000              0.6990             -0.0083              0.0000
          0.10750000              0.6990             -0.0086              0.0000
          0.10750000              0.6990             -0.0089              0.0000
          0.10750000              0.6990             -0.0091              0.0000
          0.10750000              0.6990             -0.0094              0.0000
          0.10750000              0.6990             -0.0096              0.0000
          0.10750000              0.6990             -0.0099              0.0000
          0.10750000              0.6990             -0.0101              0.0000
          0.10750000              0.6990             -0.0103              0.0000
          0.10750000              0.6990             -0.0105              0.0000
          0.10750000              0.6990             -0.0107              0.0000
          0.10750000              0.6990             -0.0109              0.0000
          0.10750000              0.6990             -0.0111              0.0000
          0.10750000              0.6990             -0.0113              0.0000
          0.10750000              0.6990             -0.0115              0.0000
          0.10750000              0.6990             -0.0116              0.0000
          0.10750000              0.6990             -0.0118              0.0000
          0.10750000              0.6990             -0.0120              0.0000
          0.10750000              0.7304              0.0000              0.0000
          0.10750000              0.7304             -0.0014              0.0000
          0.10750000              0.7304             -0.0024              0.0000
          0.10750000              0.7304             -0.0033              0.0000
          0.10750000              0.7304             -0.0041              0.0000
          0.10750000              0.7304             -0.0048              0.0000
          0.10750000              0.7304             -0.0054              0.0000
          0.10750000              0.7304             -0.0059              0.0000
          0.10750000              0.7304             -0.0064              0.0000
          0.10750000              0.7304             -0.0068              0.0000
          0.10750000              0.7304             -0.0072              0.0000
          0.10750000              0.7304             -0.0076              0.0000
          0.10750000              0.7304             -0.0079              0.0000
          0.10750000              0.7304             -0.0083              0.0000
          0.10750000              0.7304             -0.0086              0.0000
          0.10750000              0.7304             -0.0089              0.0000
          0.10750000              0.7304             -0.0091              0.0000
          0.10750000              0.7304             -0.0094              0.0000
          0.10750000              0.7304             -0.0096              0.0000
          0.10750000              0.7304             -0.0099              0.0000
          0.10750000              0.7304             -0.0101              0.0000
          0.10750000              0.7304             -0.0103              0.0000
          0.10750000              0.7304             -0.0105              0.0000
          0.10750000              0.7304             -0.0107              0.0000
          0.10750000              0.7304             -0.0109              0.0000
          0.10750000              0.7304             -0.0111              0.0000
          0.10750000              0.7304             -0.0113              0.0000
          0.10750000              0.7304             -0.0115              0.0000
          0.10750000              0.7304             -0.0116              0.0000
          0.10750000              0.7304             -0.0118              0.0000
          0.10750000              0.7304             -0.0120              0.0000
          0.10750000              0.7604              0.0000              0.0000
          0.10750000              0.7604             -0.0014              0.0000
          0.10750000              0.7604             -0.0024              0.0000
          0.10750000              0.7604             -0.0033              0.0000
          0.10750000              0.7604             -0.0041              0.0000
          0.10750000              0.7604             -0.0048              0.0000
          0.10750000              0.7604             -0.0054              0.0000
          0.10750000              0.7604             -0.0059              0.0000
          0.10750000              0.7604             -0.0064              0.0000
          0.10750000              0.7604             -0.0068              0.0000
          0.10750000              0.7604             -0.0072              0.0000
          0.10750000              0.7604             -0.0076              0.0000
          0.10750000              0.7604             -0.0079              0.0000
          0.10750000              0.7604             -0.0083              0.0000
          0.10750000              0.7604             -0.0086              0.0000
          0.10750000              0.7604             -0.0089              0.0000
          0.10750000              0.7604             -0.0091              0.0000
          0.10750000              0.7604             -0.0094              0.0000
          0.10750000              0.7604             -0.0096              0.0000
          0.10750000              0.7604             -0.0099              0.0000
          0.10750000              0.7604             -0.0101              0.0000
          0.10750000              0.7604             -0.0103              0.0000
          0.10750000              0.7604             -0.0105              0.0000
          0.10750000              0.7604             -0.0107              0.0000
          0.10750000              0.7604             -0.0109              0.0000
          0.10750000              0.7604             -0.0111              0.0000
          0.10750000              0.7604             -0.0113              0.0000
          0.10750000              0.7604             -0.0115              0.0000
          0.10750000              0.7604             -0.0116              0.0000
          0.10750000              0.7604             -0.0118              0.0000
          0.10750000              0.7604             -0.0120              0.0000
          0.10750000              0.7889              0.0000              0.0000
          0.10750000              0.7889             -0.0014              0.0000
          0.10750000              0.7889             -0.0024              0.0000
          0.10750000              0.7889             -0.0033              0.0000
          0.10750000              0.7889             -0.0041              0.0000
          0.10750000              0.7889             -0.0048              0.0000
          0.10750000              0.7889             -0.0054              0.0000
          0.10750000              0.7889             -0.0059              0.0000
          0.10750000              0.7889             -0.0064              0.0000
          0.10750000              0.7889             -0.0068              0.0000
          0.10750000              0.7889             -0.0072              0.0000
          0.10750000              0.7889             -0.0076              0.0000
          0.10750000              0.7889             -0.0079              0.0000
          0.10750000              0.7889             -0.0083              0.0000
          0.10750000              0.7889             -0.0086              0.0000
          0.10750000              0.7889             -0.0089              0.0000
          0.10750000              0.7889             -0.0091              0.0000
          0.10750000              0.7889             -0.0094              0.0000
          0.10750000              0.7889             -0.0096              0.0000
          0.10750000              0.7889             -0.0099              0.0000
          0.10750000              0.7889             -0.0101              0.0000
          0.10750000              0.7889             -0.0103              0.0000
          0.10750000              0.7889             -0.0105              0.0000
          0.10750000              0.7889             -0.0107              0.0000
          0.10750000              0.7889             -0.0109              0.0000
          0.10750000              0.7889             -0.0111              0.0000
          0.10750000              0.7889             -0.0113              0.0000
          0.10750000              0.7889             -0.0115              0.0000
          0.10750000              0.7889             -0.0116              0.0000
          0.10750000              0.7889             -0.0118              0.0000
          0.10750000              0.7889             -0.0120              0.0000
          0.10750000              0.8163              0.0000              0.0000
          0.10750000              0.8163             -0.0014              0.0000
          0.10750000              0.8163             -0.0024              0.0000
          0.10750000              0.8163             -0.0033              0.0000
          0.10750000              0.8163             -0.0041              0.0000
          0.10750000              0.8163             -0.0048              0.0000
          0.10750000              0.8163             -0.0054              0.0000
          0.10750000              0.8163             -0.0059              0.0000
          0.10750000              0.8163             -0.0064              0.0000
          0.10750000              0.8163             -0.0068              0.0000
          0.10750000              0.8163             -0.0072              0.0000
          0.10750000              0.8163             -0.0076              0.0000
          0.10750000              0.8163             -0.0079              0.0000
          0.10750000              0.8163             -0.0083              0.0000
          0.10750000              0.8163             -0.0086              0.0000
          0.10750000              0.8163             -0.0089              0.0000
          0.10750000              0.8163             -0.0091              0.0000
          0.10750000              0.8163             -0.0094              0.0000
          0.10750000              0.8163             -0.0096              0.0000
          0.10750000              0.8163             -0.0099              0.0000
          0.10750000              0.8163             -0.0101              0.0000
          0.10750000              0.8163             -0.0103              0.0000
          0.10750000              0.8163             -0.0105              0.0000
          0.10750000              0.8163             -0.0107              0.0000
          0.10750000              0.8163             -0.0109              0.0000
          0.10750000              0.8163             -0.0111              0.0000
          0.10750000              0.8163             -0.0113              0.0000
          0.10750000              0.8163             -0.0115              0.0000
          0.10750000              0.8163             -0.0116              0.0000
          0.10750000              0.8163             -0.0118              0.0000
          0.10750000              0.8163             -0.0120              0.0000
          0.10750000              0.8424              0.0000              0.0000
          0.10750000              0.8424             -0.0014              0.0000
          0.10750000              0.8424             -0.0024              0.0000
          0.10750000              0.8424             -0.0033              0.0000
          0.10750000              0.8424             -0.0041              0.0000
          0.10750000              0.8424             -0.0048              0.0000
          0.10750000              0.8424             -0.0054              0.0000
          0.10750000              0.8424             -0.0059              0.0000
          0.10750000              0.8424             -0.0064              0.0000
          0.10750000              0.8424             -0.0068              0.0000
          0.10750000              0.8424             -0.0072              0.0000
          0.10750000              0.8424             -0.0076              0.0000
          0.10750000              0.8424             -0.0079              0.0000
          0.10750000              0.8424             -0.0083              0.0000
          0.10750000              0.8424             -0.0086              0.0000
          0.10750000              0.8424             -0.0089              0.0000
          0.10750000              0.8424             -0.0091              0.0000
          0.10750000              0.8424             -0.0094              0.0000
          0.10750000              0.8424             -0.0096              0.0000
          0.10750000              0.8424             -0.0099              0.0000
          0.10750000              0.8424             -0.0101              0.0000
          0.10750000              0.8424             -0.0103              0.0000
          0.10750000              0.8424             -0.0105              0.0000
          0.10750000              0.8424             -0.0107              0.0000
          0.10750000              0.8424             -0.0109              0.0000
          0.10750000              0.8424             -0.0111              0.0000
          0.10750000              0.8424             -0.0113              0.0000
          0.10750000              0.8424             -0.0115              0.0000
          0.10750000              0.8424             -0.0116              0.0000
          0.10750000              0.8424             -0.0118              0.0000
          0.10750000              0.8424             -0.0120              0.0000
          0.10750000              0.8675              0.0000              0.0000
          0.10750000              0.8675             -0.0014              0.0000
          0.10750000              0.8675             -0.0024              0.0000
          0.10750000              0.8675             -0.0033              0.0000
          0.10750000              0.8675             -0.0041              0.0000
          0.10750000              0.8675             -0.0048              0.0000
          0.10750000              0.8675             -0.0054              0.0000
          0.10750000              0.8675             -0.0059              0.0000
          0.10750000              0.8675             -0.0064              0.0000
          0.10750000              0.8675             -0.0068              0.0000
          0.10750000              0.8675             -0.0072              0.0000
          0.10750000              0.8675             -0.0076              0.0000
          0.10750000              0.8675             -0.0079              0.0000
          0.10750000              0.8675             -0.0083              0.0000
          0.10750000              0.8675             -0.0086              0.0000
          0.10750000              0.8675             -0.0089              0.0000
          0.10750000              0.8675             -0.0091              0.0000
          0.10750000              0.8675             -0.0094              0.0000
          0.10750000              0.8675             -0.0096              0.0000
          0.10750000              0.8675             -0.0099              0.0000
          0.10750000              0.8675             -0.0101              0.0000
          0.10750000              0.8675             -0.0103              0.0000
          0.10750000              0.8675             -0.0105              0.0000
          0.10750000              0.8675             -0.0107              0.0000
          0.10750000              0.8675             -0.0109              0.0000
          0.10750000              0.8675             -0.0111              0.0000
          0.10750000              0.8675             -0.0113              0.0000
          0.10750000              0.8675             -0.0115              0.0000
          0.10750000              0.8675             -0.0116              0.0000
          0.10750000              0.8675             -0.0118              0.0000
          0.10750000              0.8675             -0.0120              0.0000
          0.10750000              0.8917              0.0000              0.0000
          0.10750000              0.8917             -0.0014              0.0000
          0.10750000              0.8917             -0.0024              0.0000
          0.10750000              0.8917             -0.0033              0.0000
          0.10750000              0.8917             -0.0041              0.0000
          0.10750000              0.8917             -0.0048              0.0000
          0.10750000              0.8917             -0.0054              0.0000
          0.10750000              0.8917             -0.0059              0.0000
          0.10750000              0.8917             -0.0064              0.0000
          0.10750000              0.8917             -0.0068              0.0000
          0.10750000              0.8917             -0.0072              0.0000
          0.10750000              0.8917             -0.0076              0.0000
          0.10750000              0.8917             -0.0079              0.0000
          0.10750000              0.8917             -0.0083              0.0000
          0.10750000              0.8917             -0.0086              0.0000
          0.10750000              0.8917             -0.0089              0.0000
          0.10750000              0.8917             -0.0091              0.0000
          0.10750000              0.8917             -0.0094              0.0000
          0.10750000              0.8917             -0.0096              0.0000
          0.10750000              0.8917             -0.0099              0.0000
          0.10750000              0.8917             -0.0101              0.0000
          0.10750000              0.8917             -0.0103              0.0000
          0.10750000              0.8917             -0.0105              0.0000
          0.10750000              0.8917             -0.0107              0.0000
          0.10750000              0.8917             -0.0109              0.0000
          0.10750000              0.8917             -0.0111              0.0000
          0.10750000              0.8917             -0.0113              0.0000
          0.10750000              0.8917             -0.0115              0.0000
          0.10750000              0.8917             -0.0116              0.0000
          0.10750000              0.8917             -0.0118              0.0000
          0.10750000              0.8917             -0.0120              0.0000
          0.10750000              0.9149              0.0000              0.0000
          0.10750000              0.9149             -0.0014              0.0000
          0.10750000              0.9149             -0.0024              0.0000
          0.10750000              0.9149             -0.0033              0.0000
          0.10750000              0.9149             -0.0041              0.0000
          0.10750000              0.9149             -0.0048              0.0000
          0.10750000              0.9149             -0.0054              0.0000
          0.10750000              0.9149             -0.0059              0.0000
          0.10750000              0.9149             -0.0064              0.0000
          0.10750000              0.9149             -0.0068              0.0000
          0.10750000              0.9149             -0.0072              0.0000
          0.10750000              0.9149             -0.0076              0.0000
          0.10750000              0.9149             -0.0079              0.0000
          0.10750000              0.9149             -0.0083              0.0000
          0.10750000              0.9149             -0.0086              0.0000
          0.10750000              0.9149             -0.0089              0.0000
          0.10750000              0.9149             -0.0091              0.0000
          0.10750000              0.9149             -0.0094              0.0000
          0.10750000              0.9149             -0.0096              0.0000
          0.10750000              0.9149             -0.0099              0.0000
          0.10750000              0.9149             -0.0101              0.0000
          0.10750000              0.9149             -0.0103              0.0000
          0.10750000              0.9149             -0.0105              0.0000
          0.10750000              0.9149             -0.0107              0.0000
          0.10750000              0.9149             -0.0109              0.0000
          0.10750000              0.9149             -0.0111              0.0000
          0.10750000              0.9149             -0.0113              0.0000
          0.10750000              0.9149             -0.0115              0.0000
          0.10750000              0.9149             -0.0116              0.0000
          0.10750000              0.9149             -0.0118              0.0000
          0.10750000              0.9149             -0.0120              0.0000
          0.10750000              0.9373              0.0000              0.0000
          0.10750000              0.9373             -0.0014              0.0000
          0.10750000              0.9373             -0.0024              0.0000
          0.10750000              0.9373             -0.0033              0.0000
          0.10750000              0.9373             -0.0041              0.0000
          0.10750000              0.9373             -0.0048              0.0000
          0.10750000              0.9373             -0.0054              0.0000
          0.10750000              0.9373             -0.0059              0.0000
          0.10750000              0.9373             -0.0064              0.0000
          0.10750000              0.9373             -0.0068              0.0000
          0.10750000              0.9373             -0.0072              0.0000
          0.10750000              0.9373             -0.0076              0.0000
          0.10750000              0.9373             -0.0079              0.0000
          0.10750000              0.9373             -0.0083              0.0000
          0.10750000              0.9373             -0.0086              0.0000
          0.10750000              0.9373             -0.0089              0.0000
          0.10750000              0.9373             -0.0091              0.0000
          0.10750000              0.9373             -0.0094              0.0000
          0.10750000              0.9373             -0.0096              0.0000
          0.10750000              0.9373             -0.0099              0.0000
          0.10750000              0.9373             -0.0101              0.0000
          0.10750000              0.9373             -0.0103              0.0000
          0.10750000              0.9373             -0.0105              0.0000
          0.10750000              0.9373             -0.0107              0.0000
          0.10750000              0.9373             -0.0109              0.0000
          0.10750000              0.9373             -0.0111              0.0000
          0.10750000              0.9373             -0.0113              0.0000
          0.10750000              0.9373             -0.0115              0.0000
          0.10750000              0.9373             -0.0116              0.0000
          0.10750000              0.9373             -0.0118              0.0000
          0.10750000              0.9373             -0.0120              0.0000
          0.10750000              0.9589              0.0000              0.0000
          0.10750000              0.9589             -0.0014              0.0000
          0.10750000              0.9589             -0.0024              0.0000
          0.10750000              0.9589             -0.0033              0.0000
          0.10750000              0.9589             -0.0041              0.0000
          0.10750000              0.9589             -0.0048              0.0000
          0.10750000              0.9589             -0.0054              0.0000
          0.10750000              0.9589             -0.0059              0.0000
          0.10750000              0.9589             -0.0064              0.0000
          0.10750000              0.9589             -0.0068              0.0000
          0.10750000              0.9589             -0.0072              0.0000
          0.10750000              0.9589             -0.0076              0.0000
          0.10750000              0.9589             -0.0079              0.0000
          0.10750000              0.9589             -0.0083              0.0000
          0.10750000              0.9589             -0.0086              0.0000
          0.10750000              0.9589             -0.0089              0.0000
          0.10750000              0.9589             -0.0091              0.0000
          0.10750000              0.9589             -0.0094              0.0000
          0.10750000              0.9589             -0.0096              0.0000
          0.10750000              0.9589             -0.0099              0.0000
          0.10750000              0.9589             -0.0101              0.0000
          0.10750000              0.9589             -0.0103              0.0000
          0.10750000              0.9589             -0.0105              0.0000
          0.10750000              0.9589             -0.0107              0.0000
          0.10750000              0.9589             -0.0109              0.0000
          0.10750000              0.9589             -0.0111              0.0000
          0.10750000              0.9589             -0.0113              0.0000
          0.10750000              0.9589             -0.0115              0.0000
          0.10750000              0.9589             -0.0116              0.0000
          0.10750000              0.9589             -0.0118              0.0000
          0.10750000              0.9589             -0.0120              0.0000
          0.10750000              0.9798              0.0000              0.0000
          0.10750000              0.9798             -0.0014              0.0000
          0.10750000              0.9798             -0.0024              0.0000
          0.10750000              0.9798             -0.0033              0.0000
          0.10750000              0.9798             -0.0041              0.0000
          0.10750000              0.9798             -0.0048              0.0000
          0.10750000              0.9798             -0.0054              0.0000
          0.10750000              0.9798             -0.0059              0.0000
          0.10750000              0.9798             -0.0064              0.0000
          0.10750000              0.9798             -0.0068              0.0000
          0.10750000              0.9798             -0.0072              0.0000
          0.10750000              0.9798             -0.0076              0.0000
          0.10750000              0.9798             -0.0079              0.0000
          0.10750000              0.9798             -0.0083              0.0000
          0.10750000              0.9798             -0.0086              0.0000
          0.10750000              0.9798             -0.0089              0.0000
          0.10750000              0.9798             -0.0091              0.0000
          0.10750000              0.9798             -0.0094              0.0000
          0.10750000              0.9798             -0.0096              0.0000
          0.10750000              0.9798             -0.0099              0.0000
          0.10750000              0.9798             -0.0101              0.0000
          0.10750000              0.9798             -0.0103              0.0000
          0.10750000              0.9798             -0.0105              0.0000
          0.10750000              0.9798             -0.0107              0.0000
          0.10750000              0.9798             -0.0109              0.0000
          0.10750000              0.9798             -0.0111              0.0000
          0.10750000              0.9798             -0.0113              0.0000
          0.10750000              0.9798             -0.0115              0.0000
          0.10750000              0.9798             -0.0116              0.0000
          0.10750000              0.9798             -0.0118              0.0000
          0.10750000              0.9798             -0.0120              0.0000
          0.10750000              1.0000              0.0000              0.0000
          0.10750000              1.0000             -0.0014              0.0000
          0.10750000              1.0000             -0.0024              0.0000
          0.10750000              1.0000             -0.0033              0.0000
          0.10750000              1.0000             -0.0041              0.0000
          0.10750000              1.0000             -0.0048              0.0000
          0.10750000              1.0000             -0.0054              0.0000
          0.10750000              1.0000             -0.0059              0.0000
          0.10750000              1.0000             -0.0064              0.0000
          0.10750000              1.0000             -0.0068              0.0000
          0.10750000              1.0000             -0.0072              0.0000
          0.10750000              1.0000             -0.0076              0.0000
          0.10750000              1.0000             -0.0079              0.0000
          0.10750000              1.0000             -0.0083              0.0000
          0.10750000              1.0000             -0.0086              0.0000
          0.10750000              1.0000             -0.0089              0.0000
          0.10750000              1.0000             -0.0091              0.0000
          0.10750000              1.0000             -0.0094              0.0000
          0.10750000              1.0000             -0.0096              0.0000
          0.10750000              1.0000             -0.0099              0.0000
          0.10750000              1.0000             -0.0101              0.0000
          0.10750000              1.0000             -0.0103              0.0000
          0.10750000              1.0000             -0.0105              0.0000
          0.10750000              1.0000             -0.0107              0.0000
          0.10750000              1.0000             -0.0109              0.0000
          0.10750000              1.0000             -0.0111              0.0000
          0.10750000              1.0000             -0.0113              0.0000
          0.10750000              1.0000             -0.0115              0.0000
          0.10750000              1.0000             -0.0116              0.0000
          0.10750000              1.0000             -0.0118              0.0000
          0.10750000              1.0000             -0.0120              0.0000
