0.21	-1	0	0
0.21	-1	0.0226244	5.1188
0.21	-1	0.0405297	14.4615
0.21	-1	0.0553488	25.8495
0.21	-1	0.0679908	37.3463
0.21	-1	0.0790142	47.8946
0.21	-1	0.0887868	53.6552
0.21	-1	0.0975638	59.4096
0.21	-1	0.105529	64.695
0.21	-1	0.112821	72.3183
0.21	-1	0.119544	73.3133
0.21	-1	0.12578	70.3861
0.21	-1	0.131596	66.7762
0.21	-1	0.137044	60.7262
0.21	-1	0.142168	53.3327
0.21	-1	0.147005	45.1649
0.21	-1	0.151585	37.5247
0.21	-1	0.155934	29.7166
0.21	-1	0.160073	23.1884
0.21	-1	0.164024	19.9812
0.21	-1	0.167801	13.9253
0.21	-1	0.17142	9.85818
0.21	-1	0.174893	6.67607
0.21	-1	0.178231	4.93277
0.21	-1	0.181445	2.6547
0.21	-1	0.184544	1.55609
0.21	-1	0.187535	0.736511
0.21	-1	0.190425	0.278539
0.21	-1	0.193222	0.0766215
0.21	-1	0.195931	0.00950067
0.21	-1	0.198558	0
0.21	-0.634788	0	0
0.21	-0.634788	0.0226244	5.15681
0.21	-0.634788	0.0405297	14.6786
0.21	-0.634788	0.0553488	27.3167
0.21	-0.634788	0.0679908	42.2242
0.21	-0.634788	0.0790142	56.8721
0.21	-0.634788	0.0887868	66.9496
0.21	-0.634788	0.0975638	78.1301
0.21	-0.634788	0.105529	86.7355
0.21	-0.634788	0.112821	96.0761
0.21	-0.634788	0.119544	96.9885
0.21	-0.634788	0.12578	93.9911
0.21	-0.634788	0.131596	91.353
0.21	-0.634788	0.137044	86.4027
0.21	-0.634788	0.142168	79.2863
0.21	-0.634788	0.147005	70.2244
0.21	-0.634788	0.151585	60.1067
0.21	-0.634788	0.155934	48.5276
0.21	-0.634788	0.160073	38.4481
0.21	-0.634788	0.164024	34.8571
0.21	-0.634788	0.167801	24.3866
0.21	-0.634788	0.17142	17.5904
0.21	-0.634788	0.174893	12.3328
0.21	-0.634788	0.178231	10.4384
0.21	-0.634788	0.181445	5.5629
0.21	-0.634788	0.184544	3.90448
0.21	-0.634788	0.187535	1.99488
0.21	-0.634788	0.190425	0.775215
0.21	-0.634788	0.193222	0.231807
0.21	-0.634788	0.195931	0.0301895
0.21	-0.634788	0.198558	0
0.21	-0.406307	0	0
0.21	-0.406307	0.0226244	5.17182
0.21	-0.406307	0.0405297	14.9084
0.21	-0.406307	0.0553488	28.124
0.21	-0.406307	0.0679908	44.9407
0.21	-0.406307	0.0790142	62.0095
0.21	-0.406307	0.0887868	75.6532
0.21	-0.406307	0.0975638	91.5523
0.21	-0.406307	0.105529	105.951
0.21	-0.406307	0.112821	115.856
0.21	-0.406307	0.119544	118.918
0.21	-0.406307	0.12578	116.353
0.21	-0.406307	0.131596	112.758
0.21	-0.406307	0.137044	107.391
0.21	-0.406307	0.142168	100.635
0.21	-0.406307	0.147005	91.4273
0.21	-0.406307	0.151585	81.1773
0.21	-0.406307	0.155934	67.642
0.21	-0.406307	0.160073	54.3135
0.21	-0.406307	0.164024	50.6485
0.21	-0.406307	0.167801	36.0346
0.21	-0.406307	0.17142	25.703
0.21	-0.406307	0.174893	18.1394
0.21	-0.406307	0.178231	16.3942
0.21	-0.406307	0.181445	8.66008
0.21	-0.406307	0.184544	6.45267
0.21	-0.406307	0.187535	3.41938
0.21	-0.406307	0.190425	1.35351
0.21	-0.406307	0.193222	0.418474
0.21	-0.406307	0.195931	0.0559449
0.21	-0.406307	0.198558	0
0.21	-0.239626	0	0
0.21	-0.239626	0.0226244	5.18246
0.21	-0.239626	0.0405297	15.0208
0.21	-0.239626	0.0553488	28.5473
0.21	-0.239626	0.0679908	46.621
0.21	-0.239626	0.0790142	66.239
0.21	-0.239626	0.0887868	81.8241
0.21	-0.239626	0.0975638	101.514
0.21	-0.239626	0.105529	122.434
0.21	-0.239626	0.112821	134.803
0.21	-0.239626	0.119544	139.234
0.21	-0.239626	0.12578	137.442
0.21	-0.239626	0.131596	133.519
0.21	-0.239626	0.137044	127.981
0.21	-0.239626	0.142168	119.578
0.21	-0.239626	0.147005	110.258
0.21	-0.239626	0.151585	99.9272
0.21	-0.239626	0.155934	85.3354
0.21	-0.239626	0.160073	70.5531
0.21	-0.239626	0.164024	67.363
0.21	-0.239626	0.167801	49.2656
0.21	-0.239626	0.17142	35.6198
0.21	-0.239626	0.174893	24.5064
0.21	-0.239626	0.178231	22.4323
0.21	-0.239626	0.181445	11.7875
0.21	-0.239626	0.184544	8.86186
0.21	-0.239626	0.187535	4.66071
0.21	-0.239626	0.190425	1.84161
0.21	-0.239626	0.193222	0.566869
0.21	-0.239626	0.195931	0.076062
0.21	-0.239626	0.198558	0
0.21	-0.108332	0	0
0.21	-0.108332	0.0226244	5.19845
0.21	-0.108332	0.0405297	15.1149
0.21	-0.108332	0.0553488	29.0275
0.21	-0.108332	0.0679908	47.6372
0.21	-0.108332	0.0790142	69.4604
0.21	-0.108332	0.0887868	87.4335
0.21	-0.108332	0.0975638	109.005
0.21	-0.108332	0.105529	134.725
0.21	-0.108332	0.112821	153.005
0.21	-0.108332	0.119544	159.006
0.21	-0.108332	0.12578	159.505
0.21	-0.108332	0.131596	154.263
0.21	-0.108332	0.137044	147.824
0.21	-0.108332	0.142168	138.693
0.21	-0.108332	0.147005	128.097
0.21	-0.108332	0.151585	116.461
0.21	-0.108332	0.155934	102.032
0.21	-0.108332	0.160073	85.946
0.21	-0.108332	0.164024	84.5938
0.21	-0.108332	0.167801	64.1524
0.21	-0.108332	0.17142	47.6868
0.21	-0.108332	0.174893	32.8828
0.21	-0.108332	0.178231	29.0539
0.21	-0.108332	0.181445	14.9872
0.21	-0.108332	0.184544	11.2447
0.21	-0.108332	0.187535	5.88518
0.21	-0.108332	0.190425	2.30714
0.21	-0.108332	0.193222	0.709606
0.21	-0.108332	0.195931	0.0957878
0.21	-0.108332	0.198558	0
0.21	-2e-20	0	0
0.21	-2e-20	0.0226244	5.2131
0.21	-2e-20	0.0405297	15.226
0.21	-2e-20	0.0553488	29.4071
0.21	-2e-20	0.0679908	48.2668
0.21	-2e-20	0.0790142	71.7731
0.21	-2e-20	0.0887868	91.8355
0.21	-2e-20	0.0975638	116.434
0.21	-2e-20	0.105529	144.036
0.21	-2e-20	0.112821	167.853
0.21	-2e-20	0.119544	179.913
0.21	-2e-20	0.12578	181.146
0.21	-2e-20	0.131596	176.912
0.21	-2e-20	0.137044	168.093
0.21	-2e-20	0.142168	156.93
0.21	-2e-20	0.147005	145.256
0.21	-2e-20	0.151585	132.947
0.21	-2e-20	0.155934	116.856
0.21	-2e-20	0.160073	101.165
0.21	-2e-20	0.164024	101.712
0.21	-2e-20	0.167801	80.2808
0.21	-2e-20	0.17142	61.6374
0.21	-2e-20	0.174893	43.345
0.21	-2e-20	0.178231	37.5309
0.21	-2e-20	0.181445	18.5974
0.21	-2e-20	0.184544	13.6913
0.21	-2e-20	0.187535	7.19204
0.21	-2e-20	0.190425	2.83154
0.21	-2e-20	0.193222	0.869944
0.21	-2e-20	0.195931	0.11712
0.21	-2e-20	0.198558	0
0.21	0.0922185	0	0
0.21	0.0922185	0.0226244	5.22588
0.21	0.0922185	0.0405297	15.2962
0.21	0.0922185	0.0553488	29.6665
0.21	0.0922185	0.0679908	48.7708
0.21	0.0922185	0.0790142	73.401
0.21	0.0922185	0.0887868	95.2662
0.21	0.0922185	0.0975638	123.149
0.21	0.0922185	0.105529	152.848
0.21	0.0922185	0.112821	178.801
0.21	0.0922185	0.119544	199.309
0.21	0.0922185	0.12578	204.057
0.21	0.0922185	0.131596	199.153
0.21	0.0922185	0.137044	190.559
0.21	0.0922185	0.142168	175.621
0.21	0.0922185	0.147005	162.398
0.21	0.0922185	0.151585	148.601
0.21	0.0922185	0.155934	131.26
0.21	0.0922185	0.160073	114.872
0.21	0.0922185	0.164024	118.721
0.21	0.0922185	0.167801	96.87
0.21	0.0922185	0.17142	77.3068
0.21	0.0922185	0.174893	55.627
0.21	0.0922185	0.178231	47.6857
0.21	0.0922185	0.181445	23.5413
0.21	0.0922185	0.184544	16.2562
0.21	0.0922185	0.187535	8.55774
0.21	0.0922185	0.190425	3.41444
0.21	0.0922185	0.193222	1.06402
0.21	0.0922185	0.195931	0.143698
0.21	0.0922185	0.198558	0
0.21	0.172502	0	0
0.21	0.172502	0.0226244	5.23667
0.21	0.172502	0.0405297	15.3485
0.21	0.172502	0.0553488	29.8651
0.21	0.172502	0.0679908	49.363
0.21	0.172502	0.0790142	74.5712
0.21	0.172502	0.0887868	97.931
0.21	0.172502	0.0975638	128.853
0.21	0.172502	0.105529	161.236
0.21	0.172502	0.112821	187.969
0.21	0.172502	0.119544	215.52
0.21	0.172502	0.12578	226.683
0.21	0.172502	0.131596	223.141
0.21	0.172502	0.137044	213.153
0.21	0.172502	0.142168	197.151
0.21	0.172502	0.147005	179.601
0.21	0.172502	0.151585	164.863
0.21	0.172502	0.155934	145.47
0.21	0.172502	0.160073	127.46
0.21	0.172502	0.164024	135.218
0.21	0.172502	0.167801	112.857
0.21	0.172502	0.17142	93.9248
0.21	0.172502	0.174893	70.2338
0.21	0.172502	0.178231	59.6583
0.21	0.172502	0.181445	29.8321
0.21	0.172502	0.184544	19.7393
0.21	0.172502	0.187535	9.95338
0.21	0.172502	0.190425	4.00698
0.21	0.172502	0.193222	1.26587
0.21	0.172502	0.195931	0.174688
0.21	0.172502	0.198558	0
0.21	0.243589	0	0
0.21	0.243589	0.0226244	5.24512
0.21	0.243589	0.0405297	15.3882
0.21	0.243589	0.0553488	29.9927
0.21	0.243589	0.0679908	49.927
0.21	0.243589	0.0790142	75.5469
0.21	0.243589	0.0887868	100.005
0.21	0.243589	0.0975638	133.684
0.21	0.243589	0.105529	168.74
0.21	0.243589	0.112821	197.37
0.21	0.243589	0.119544	228.07
0.21	0.243589	0.12578	248.174
0.21	0.243589	0.131596	248.042
0.21	0.243589	0.137044	237.307
0.21	0.243589	0.142168	219.154
0.21	0.243589	0.147005	199.104
0.21	0.243589	0.151585	180.639
0.21	0.243589	0.155934	159.671
0.21	0.243589	0.160073	140.423
0.21	0.243589	0.164024	150.568
0.21	0.243589	0.167801	128.696
0.21	0.243589	0.17142	110.547
0.21	0.243589	0.174893	86.2567
0.21	0.243589	0.178231	73.5626
0.21	0.243589	0.181445	37.5834
0.21	0.243589	0.184544	24.2595
0.21	0.243589	0.187535	11.5892
0.21	0.243589	0.190425	4.59973
0.21	0.243589	0.193222	1.45772
0.21	0.243589	0.195931	0.200533
0.21	0.243589	0.198558	0
0.21	0.307372	0	0
0.21	0.307372	0.0226244	5.2517
0.21	0.307372	0.0405297	15.4101
0.21	0.307372	0.0553488	30.0974
0.21	0.307372	0.0679908	50.3381
0.21	0.307372	0.0790142	76.18
0.21	0.307372	0.0887868	101.613
0.21	0.307372	0.0975638	137.732
0.21	0.307372	0.105529	175.936
0.21	0.307372	0.112821	206.145
0.21	0.307372	0.119544	240.022
0.21	0.307372	0.12578	267.131
0.21	0.307372	0.131596	272.932
0.21	0.307372	0.137044	262.728
0.21	0.307372	0.142168	242.37
0.21	0.307372	0.147005	220.228
0.21	0.307372	0.151585	197.832
0.21	0.307372	0.155934	174.811
0.21	0.307372	0.160073	153.357
0.21	0.307372	0.164024	165.091
0.21	0.307372	0.167801	143.068
0.21	0.307372	0.17142	126.633
0.21	0.307372	0.174893	102.839
0.21	0.307372	0.178231	89.368
0.21	0.307372	0.181445	46.7063
0.21	0.307372	0.184544	30.0927
0.21	0.307372	0.187535	14.2465
0.21	0.307372	0.190425	5.20316
0.21	0.307372	0.193222	1.64981
0.21	0.307372	0.195931	0.228927
0.21	0.307372	0.198558	0
0.21	0.365212	0	0
0.21	0.365212	0.0226244	5.25677
0.21	0.365212	0.0405297	15.4449
0.21	0.365212	0.0553488	30.1684
0.21	0.365212	0.0679908	50.6501
0.21	0.365212	0.0790142	76.7107
0.21	0.365212	0.0887868	103.077
0.21	0.365212	0.0975638	140.839
0.21	0.365212	0.105529	182.461
0.21	0.365212	0.112821	214.452
0.21	0.365212	0.119544	251.132
0.21	0.365212	0.12578	283.326
0.21	0.365212	0.131596	297.429
0.21	0.365212	0.137044	289.364
0.21	0.365212	0.142168	267.441
0.21	0.365212	0.147005	242.481
0.21	0.365212	0.151585	216.368
0.21	0.365212	0.155934	189.875
0.21	0.365212	0.160073	166.695
0.21	0.365212	0.164024	179.852
0.21	0.365212	0.167801	155.819
0.21	0.365212	0.17142	141.404
0.21	0.365212	0.174893	119.028
0.21	0.365212	0.178231	106.637
0.21	0.365212	0.181445	57.6352
0.21	0.365212	0.184544	37.377
0.21	0.365212	0.187535	18.5006
0.21	0.365212	0.190425	6.05703
0.21	0.365212	0.193222	1.85072
0.21	0.365212	0.195931	0.257583
0.21	0.365212	0.198558	0
0.21	0.418124	0	0
0.21	0.418124	0.0226244	5.26061
0.21	0.418124	0.0405297	15.4966
0.21	0.418124	0.0553488	30.1855
0.21	0.418124	0.0679908	50.9353
0.21	0.418124	0.0790142	77.0764
0.21	0.418124	0.0887868	104.152
0.21	0.418124	0.0975638	143.116
0.21	0.418124	0.105529	188.496
0.21	0.418124	0.112821	222.137
0.21	0.418124	0.119544	261.591
0.21	0.418124	0.12578	299.042
0.21	0.418124	0.131596	320.283
0.21	0.418124	0.137044	316.85
0.21	0.418124	0.142168	294.103
0.21	0.418124	0.147005	266.991
0.21	0.418124	0.151585	236.916
0.21	0.418124	0.155934	206.65
0.21	0.418124	0.160073	180.682
0.21	0.418124	0.164024	195.048
0.21	0.418124	0.167801	167.26
0.21	0.418124	0.17142	154.143
0.21	0.418124	0.174893	134.127
0.21	0.418124	0.178231	124.041
0.21	0.418124	0.181445	69.8999
0.21	0.418124	0.184544	45.9587
0.21	0.418124	0.187535	24.0655
0.21	0.418124	0.190425	8.01297
0.21	0.418124	0.193222	2.04703
0.21	0.418124	0.195931	0.284355
0.21	0.418124	0.198558	0
0.21	0.466881	0	0
0.21	0.466881	0.0226244	5.26463
0.21	0.466881	0.0405297	15.5604
0.21	0.466881	0.0553488	30.1971
0.21	0.466881	0.0679908	51.1126
0.21	0.466881	0.0790142	77.2318
0.21	0.466881	0.0887868	104.888
0.21	0.466881	0.0975638	145.193
0.21	0.466881	0.105529	193.817
0.21	0.466881	0.112821	229.679
0.21	0.466881	0.119544	271.63
0.21	0.466881	0.12578	313
0.21	0.466881	0.131596	340.72
0.21	0.466881	0.137044	344.819
0.21	0.466881	0.142168	322.471
0.21	0.466881	0.147005	292.946
0.21	0.466881	0.151585	258.894
0.21	0.466881	0.155934	224.614
0.21	0.466881	0.160073	195.067
0.21	0.466881	0.164024	210.428
0.21	0.466881	0.167801	178.199
0.21	0.466881	0.17142	164.686
0.21	0.466881	0.174893	147.728
0.21	0.466881	0.178231	141.217
0.21	0.466881	0.181445	83.3137
0.21	0.466881	0.184544	56.2287
0.21	0.466881	0.187535	31.4213
0.21	0.466881	0.190425	11.2524
0.21	0.466881	0.193222	2.3208
0.21	0.466881	0.195931	0.31202
0.21	0.466881	0.198558	0
0.21	0.512089	0	0
0.21	0.512089	0.0226244	5.26832
0.21	0.512089	0.0405297	15.6303
0.21	0.512089	0.0553488	30.2414
0.21	0.512089	0.0679908	51.1927
0.21	0.512089	0.0790142	77.4721
0.21	0.512089	0.0887868	105.518
0.21	0.512089	0.0975638	147.085
0.21	0.512089	0.105529	198.449
0.21	0.512089	0.112821	237.163
0.21	0.512089	0.119544	281.295
0.21	0.512089	0.12578	326.254
0.21	0.512089	0.131596	360.321
0.21	0.512089	0.137044	372.154
0.21	0.512089	0.142168	352.347
0.21	0.512089	0.147005	320.457
0.21	0.512089	0.151585	282.82
0.21	0.512089	0.155934	244.269
0.21	0.512089	0.160073	210.749
0.21	0.512089	0.164024	226.212
0.21	0.512089	0.167801	188.578
0.21	0.512089	0.17142	173.132
0.21	0.512089	0.174893	158.607
0.21	0.512089	0.178231	157.174
0.21	0.512089	0.181445	96.49
0.21	0.512089	0.184544	67.9573
0.21	0.512089	0.187535	40.6757
0.21	0.512089	0.190425	16.073
0.21	0.512089	0.193222	3.28207
0.21	0.512089	0.195931	0.340136
0.21	0.512089	0.198558	0
0.21	0.55423	0	0
0.21	0.55423	0.0226244	5.27392
0.21	0.55423	0.0405297	15.6926
0.21	0.55423	0.0553488	30.2633
0.21	0.55423	0.0679908	51.1841
0.21	0.55423	0.0790142	77.654
0.21	0.55423	0.0887868	106.148
0.21	0.55423	0.0975638	148.505
0.21	0.55423	0.105529	202.326
0.21	0.55423	0.112821	244.392
0.21	0.55423	0.119544	290.623
0.21	0.55423	0.12578	339.034
0.21	0.55423	0.131596	377.681
0.21	0.55423	0.137044	397.402
0.21	0.55423	0.142168	383.334
0.21	0.55423	0.147005	349.565
0.21	0.55423	0.151585	308.361
0.21	0.55423	0.155934	265.818
0.21	0.55423	0.160073	227.726
0.21	0.55423	0.164024	242.18
0.21	0.55423	0.167801	198.942
0.21	0.55423	0.17142	181.379
0.21	0.55423	0.174893	166.557
0.21	0.55423	0.178231	171.536
0.21	0.55423	0.181445	109.366
0.21	0.55423	0.184544	80.8973
0.21	0.55423	0.187535	51.972
0.21	0.55423	0.190425	22.4867
0.21	0.55423	0.193222	5.46556
0.21	0.55423	0.195931	0.375104
0.21	0.55423	0.198558	0
0.21	0.593693	0	0
0.21	0.593693	0.0226244	5.27873
0.21	0.593693	0.0405297	15.7478
0.21	0.593693	0.0553488	30.2829
0.21	0.593693	0.0679908	51.1906
0.21	0.593693	0.0790142	77.7241
0.21	0.593693	0.0887868	106.542
0.21	0.593693	0.0975638	149.573
0.21	0.593693	0.105529	205.465
0.21	0.593693	0.112821	251.004
0.21	0.593693	0.119544	299.587
0.21	0.593693	0.12578	351.588
0.21	0.593693	0.131596	393.682
0.21	0.593693	0.137044	420.278
0.21	0.593693	0.142168	414.288
0.21	0.593693	0.147005	380.186
0.21	0.593693	0.151585	335.806
0.21	0.593693	0.155934	289.216
0.21	0.593693	0.160073	246.607
0.21	0.593693	0.164024	258.88
0.21	0.593693	0.167801	208.895
0.21	0.593693	0.17142	187.553
0.21	0.593693	0.174893	172.367
0.21	0.593693	0.178231	182.676
0.21	0.593693	0.181445	121.035
0.21	0.593693	0.184544	93.9206
0.21	0.593693	0.187535	65.6023
0.21	0.593693	0.190425	31.008
0.21	0.593693	0.193222	9.16794
0.21	0.593693	0.195931	0.50426
0.21	0.593693	0.198558	0
0.21	0.630798	0	0
0.21	0.630798	0.0226244	5.28272
0.21	0.630798	0.0405297	15.7952
0.21	0.630798	0.0553488	30.2891
0.21	0.630798	0.0679908	51.1423
0.21	0.630798	0.0790142	77.746
0.21	0.630798	0.0887868	106.717
0.21	0.630798	0.0975638	150.349
0.21	0.630798	0.105529	207.975
0.21	0.630798	0.112821	257.251
0.21	0.630798	0.119544	308.262
0.21	0.630798	0.12578	363.782
0.21	0.630798	0.131596	408.836
0.21	0.630798	0.137044	440.928
0.21	0.630798	0.142168	443.826
0.21	0.630798	0.147005	411.759
0.21	0.630798	0.151585	365.854
0.21	0.630798	0.155934	314.503
0.21	0.630798	0.160073	267.182
0.21	0.630798	0.164024	277.057
0.21	0.630798	0.167801	219.199
0.21	0.630798	0.17142	193.956
0.21	0.630798	0.174893	177.684
0.21	0.630798	0.178231	190.31
0.21	0.630798	0.181445	130.964
0.21	0.630798	0.184544	106.714
0.21	0.630798	0.187535	81.2094
0.21	0.630798	0.190425	41.6613
0.21	0.630798	0.193222	14.6448
0.21	0.630798	0.195931	1.2129
0.21	0.630798	0.198558	0
0.21	0.665812	0	0
0.21	0.665812	0.0226244	5.28599
0.21	0.665812	0.0405297	15.8377
0.21	0.665812	0.0553488	30.2938
0.21	0.665812	0.0679908	51.0494
0.21	0.665812	0.0790142	77.6623
0.21	0.665812	0.0887868	106.666
0.21	0.665812	0.0975638	151.047
0.21	0.665812	0.105529	209.965
0.21	0.665812	0.112821	262.799
0.21	0.665812	0.119544	316.859
0.21	0.665812	0.12578	375.669
0.21	0.665812	0.131596	423.778
0.21	0.665812	0.137044	459.984
0.21	0.665812	0.142168	470.969
0.21	0.665812	0.147005	443.76
0.21	0.665812	0.151585	398.056
0.21	0.665812	0.155934	341.607
0.21	0.665812	0.160073	289.292
0.21	0.665812	0.164024	296.082
0.21	0.665812	0.167801	229.917
0.21	0.665812	0.17142	198.683
0.21	0.665812	0.174893	180.005
0.21	0.665812	0.178231	196.059
0.21	0.665812	0.181445	137.82
0.21	0.665812	0.184544	118.843
0.21	0.665812	0.187535	98.1347
0.21	0.665812	0.190425	54.958
0.21	0.665812	0.193222	22.0932
0.21	0.665812	0.195931	2.96324
0.21	0.665812	0.198558	0
0.21	0.698958	0	0
0.21	0.698958	0.0226244	5.28859
0.21	0.698958	0.0405297	15.8783
0.21	0.698958	0.0553488	30.2854
0.21	0.698958	0.0679908	50.8872
0.21	0.698958	0.0790142	77.6793
0.21	0.698958	0.0887868	106.455
0.21	0.698958	0.0975638	151.847
0.21	0.698958	0.105529	212.06
0.21	0.698958	0.112821	267.52
0.21	0.698958	0.119544	325.116
0.21	0.698958	0.12578	387.264
0.21	0.698958	0.131596	438.318
0.21	0.698958	0.137044	477.653
0.21	0.698958	0.142168	495.004
0.21	0.698958	0.147005	474.84
0.21	0.698958	0.151585	432.029
0.21	0.698958	0.155934	371.034
0.21	0.698958	0.160073	313.078
0.21	0.698958	0.164024	315.45
0.21	0.698958	0.167801	241.224
0.21	0.698958	0.17142	204.089
0.21	0.698958	0.174893	181.718
0.21	0.698958	0.178231	201.145
0.21	0.698958	0.181445	140.884
0.21	0.698958	0.184544	129.333
0.21	0.698958	0.187535	115.026
0.21	0.698958	0.190425	71.1547
0.21	0.698958	0.193222	32.1611
0.21	0.698958	0.195931	6.32172
0.21	0.698958	0.198558	0
0.21	0.730425	0	0
0.21	0.730425	0.0226244	5.29054
0.21	0.730425	0.0405297	15.9154
0.21	0.730425	0.0553488	30.2549
0.21	0.730425	0.0679908	50.6782
0.21	0.730425	0.0790142	77.6195
0.21	0.730425	0.0887868	106.113
0.21	0.730425	0.0975638	152.468
0.21	0.730425	0.105529	213.723
0.21	0.730425	0.112821	271.529
0.21	0.730425	0.119544	332.896
0.21	0.730425	0.12578	398.647
0.21	0.730425	0.131596	452.527
0.21	0.730425	0.137044	494.125
0.21	0.730425	0.142168	516.092
0.21	0.730425	0.147005	506.55
0.21	0.730425	0.151585	467.463
0.21	0.730425	0.155934	402.482
0.21	0.730425	0.160073	339.383
0.21	0.730425	0.164024	334.409
0.21	0.730425	0.167801	254.801
0.21	0.730425	0.17142	209.573
0.21	0.730425	0.174893	180.965
0.21	0.730425	0.178231	203.565
0.21	0.730425	0.181445	142.429
0.21	0.730425	0.184544	137.097
0.21	0.730425	0.187535	131.643
0.21	0.730425	0.190425	89.7774
0.21	0.730425	0.193222	45.2184
0.21	0.730425	0.195931	11.0149
0.21	0.730425	0.198558	0
0.21	0.760374	0	0
0.21	0.760374	0.0226244	5.29186
0.21	0.760374	0.0405297	15.9532
0.21	0.760374	0.0553488	30.2047
0.21	0.760374	0.0679908	50.4579
0.21	0.760374	0.0790142	77.4425
0.21	0.760374	0.0887868	105.876
0.21	0.760374	0.0975638	152.856
0.21	0.760374	0.105529	215.067
0.21	0.760374	0.112821	274.769
0.21	0.760374	0.119544	340.277
0.21	0.760374	0.12578	409.545
0.21	0.760374	0.131596	466.913
0.21	0.760374	0.137044	509.984
0.21	0.760374	0.142168	535.262
0.21	0.760374	0.147005	535.748
0.21	0.760374	0.151585	502.789
0.21	0.760374	0.155934	436.178
0.21	0.760374	0.160073	369.001
0.21	0.760374	0.164024	352.83
0.21	0.760374	0.167801	269.605
0.21	0.760374	0.17142	215.668
0.21	0.760374	0.174893	180.993
0.21	0.760374	0.178231	204.758
0.21	0.760374	0.181445	142.895
0.21	0.760374	0.184544	140.669
0.21	0.760374	0.187535	147.039
0.21	0.760374	0.190425	109.32
0.21	0.760374	0.193222	62.2168
0.21	0.760374	0.195931	17.0068
0.21	0.760374	0.198558	0
0.21	0.788947	0	0
0.21	0.788947	0.0226244	5.29358
0.21	0.788947	0.0405297	15.9874
0.21	0.788947	0.0553488	30.181
0.21	0.788947	0.0679908	50.2919
0.21	0.788947	0.0790142	77.1967
0.21	0.788947	0.0887868	105.522
0.21	0.788947	0.0975638	153.032
0.21	0.788947	0.105529	216.208
0.21	0.788947	0.112821	277.425
0.21	0.788947	0.119544	346.772
0.21	0.788947	0.12578	419.959
0.21	0.788947	0.131596	480.911
0.21	0.788947	0.137044	526.428
0.21	0.788947	0.142168	554.626
0.21	0.788947	0.147005	561.853
0.21	0.788947	0.151585	536.423
0.21	0.788947	0.155934	471.045
0.21	0.788947	0.160073	400.419
0.21	0.788947	0.164024	373.611
0.21	0.788947	0.167801	285.789
0.21	0.788947	0.17142	223.79
0.21	0.788947	0.174893	180.357
0.21	0.788947	0.178231	203.495
0.21	0.788947	0.181445	141.061
0.21	0.788947	0.184544	142.192
0.21	0.788947	0.187535	159.457
0.21	0.788947	0.190425	129.01
0.21	0.788947	0.193222	83.688
0.21	0.788947	0.195931	24.5749
0.21	0.788947	0.198558	0
0.21	0.816262	0	0
0.21	0.816262	0.0226244	5.29605
0.21	0.816262	0.0405297	16.0168
0.21	0.816262	0.0553488	30.1833
0.21	0.816262	0.0679908	50.0751
0.21	0.816262	0.0790142	76.9241
0.21	0.816262	0.0887868	105.106
0.21	0.816262	0.0975638	152.883
0.21	0.816262	0.105529	217.283
0.21	0.816262	0.112821	279.537
0.21	0.816262	0.119544	352.613
0.21	0.816262	0.12578	430.372
0.21	0.816262	0.131596	494.401
0.21	0.816262	0.137044	542.97
0.21	0.816262	0.142168	575.472
0.21	0.816262	0.147005	585.582
0.21	0.816262	0.151585	566.965
0.21	0.816262	0.155934	508.173
0.21	0.816262	0.160073	433.915
0.21	0.816262	0.164024	395.14
0.21	0.816262	0.167801	303.263
0.21	0.816262	0.17142	234.163
0.21	0.816262	0.174893	180.127
0.21	0.816262	0.178231	203.282
0.21	0.816262	0.181445	136.802
0.21	0.816262	0.184544	141.552
0.21	0.816262	0.187535	165.791
0.21	0.816262	0.190425	148.886
0.21	0.816262	0.193222	109.355
0.21	0.816262	0.195931	34.565
0.21	0.816262	0.198558	0
0.21	0.842428	0	0
0.21	0.842428	0.0226244	5.30006
0.21	0.842428	0.0405297	16.0471
0.21	0.842428	0.0553488	30.2212
0.21	0.842428	0.0679908	49.88
0.21	0.842428	0.0790142	76.5626
0.21	0.842428	0.0887868	104.63
0.21	0.842428	0.0975638	152.412
0.21	0.842428	0.105529	218.19
0.21	0.842428	0.112821	281.32
0.21	0.842428	0.119544	357.622
0.21	0.842428	0.12578	440.166
0.21	0.842428	0.131596	507.318
0.21	0.842428	0.137044	559.274
0.21	0.842428	0.142168	595.458
0.21	0.842428	0.147005	607.278
0.21	0.842428	0.151585	594.159
0.21	0.842428	0.155934	545.248
0.21	0.842428	0.160073	468.786
0.21	0.842428	0.164024	418.063
0.21	0.842428	0.167801	322.116
0.21	0.842428	0.17142	246.094
0.21	0.842428	0.174893	182.023
0.21	0.842428	0.178231	203.355
0.21	0.842428	0.181445	130.448
0.21	0.842428	0.184544	139.934
0.21	0.842428	0.187535	166.567
0.21	0.842428	0.190425	166.814
0.21	0.842428	0.193222	137.803
0.21	0.842428	0.195931	47.3954
0.21	0.842428	0.198558	0
0.21	0.867536	0	0
0.21	0.867536	0.0226244	5.30355
0.21	0.867536	0.0405297	16.0755
0.21	0.867536	0.0553488	30.2612
0.21	0.867536	0.0679908	49.7096
0.21	0.867536	0.0790142	76.0818
0.21	0.867536	0.0887868	103.96
0.21	0.867536	0.0975638	151.839
0.21	0.867536	0.105529	219.043
0.21	0.867536	0.112821	283.065
0.21	0.867536	0.119544	362.392
0.21	0.867536	0.12578	448.947
0.21	0.867536	0.131596	520.87
0.21	0.867536	0.137044	577.934
0.21	0.867536	0.142168	615.098
0.21	0.867536	0.147005	627.72
0.21	0.867536	0.151585	620.227
0.21	0.867536	0.155934	579.117
0.21	0.867536	0.160073	503.943
0.21	0.867536	0.164024	443.694
0.21	0.867536	0.167801	341.207
0.21	0.867536	0.17142	258.655
0.21	0.867536	0.174893	187.631
0.21	0.867536	0.178231	204.593
0.21	0.867536	0.181445	123.475
0.21	0.867536	0.184544	134.376
0.21	0.867536	0.187535	162.18
0.21	0.867536	0.190425	177.789
0.21	0.867536	0.193222	168.445
0.21	0.867536	0.195931	64.1633
0.21	0.867536	0.198558	0
0.21	0.891668	0	0
0.21	0.891668	0.0226244	5.30652
0.21	0.891668	0.0405297	16.1036
0.21	0.891668	0.0553488	30.2956
0.21	0.891668	0.0679908	49.5534
0.21	0.891668	0.0790142	75.4627
0.21	0.891668	0.0887868	103.351
0.21	0.891668	0.0975638	151.594
0.21	0.891668	0.105529	219.561
0.21	0.891668	0.112821	284.325
0.21	0.891668	0.119544	366.509
0.21	0.891668	0.12578	456.326
0.21	0.891668	0.131596	534.779
0.21	0.891668	0.137044	595.982
0.21	0.891668	0.142168	634.012
0.21	0.891668	0.147005	647.42
0.21	0.891668	0.151585	647.296
0.21	0.891668	0.155934	609.189
0.21	0.891668	0.160073	538.829
0.21	0.891668	0.164024	468.933
0.21	0.891668	0.167801	363.026
0.21	0.891668	0.17142	271.197
0.21	0.891668	0.174893	194.668
0.21	0.891668	0.178231	205.254
0.21	0.891668	0.181445	117.437
0.21	0.891668	0.184544	127.086
0.21	0.891668	0.187535	156.697
0.21	0.891668	0.190425	178.774
0.21	0.891668	0.193222	201.034
0.21	0.891668	0.195931	85.198
0.21	0.891668	0.198558	0
0.21	0.914898	0	0
0.21	0.914898	0.0226244	5.30947
0.21	0.914898	0.0405297	16.128
0.21	0.914898	0.0553488	30.3206
0.21	0.914898	0.0679908	49.3526
0.21	0.914898	0.0790142	74.7248
0.21	0.914898	0.0887868	102.715
0.21	0.914898	0.0975638	151.148
0.21	0.914898	0.105529	219.706
0.21	0.914898	0.112821	285.596
0.21	0.914898	0.119544	369.661
0.21	0.914898	0.12578	463.395
0.21	0.914898	0.131596	550.146
0.21	0.914898	0.137044	613.782
0.21	0.914898	0.142168	652.209
0.21	0.914898	0.147005	668.737
0.21	0.914898	0.151585	672.152
0.21	0.914898	0.155934	636.287
0.21	0.914898	0.160073	571.753
0.21	0.914898	0.164024	494.94
0.21	0.914898	0.167801	385.642
0.21	0.914898	0.17142	285.354
0.21	0.914898	0.174893	200.748
0.21	0.914898	0.178231	206.077
0.21	0.914898	0.181445	111.434
0.21	0.914898	0.184544	118.111
0.21	0.914898	0.187535	145.341
0.21	0.914898	0.190425	174.676
0.21	0.914898	0.193222	231.056
0.21	0.914898	0.195931	109.126
0.21	0.914898	0.198558	0
0.21	0.937291	0	0
0.21	0.937291	0.0226244	5.31453
0.21	0.937291	0.0405297	16.1483
0.21	0.937291	0.0553488	30.3321
0.21	0.937291	0.0679908	49.1406
0.21	0.937291	0.0790142	73.9163
0.21	0.937291	0.0887868	101.956
0.21	0.937291	0.0975638	150.394
0.21	0.937291	0.105529	219.234
0.21	0.937291	0.112821	286.512
0.21	0.937291	0.119544	372.036
0.21	0.937291	0.12578	472.102
0.21	0.937291	0.131596	563.511
0.21	0.937291	0.137044	630.132
0.21	0.937291	0.142168	669.639
0.21	0.937291	0.147005	693.89
0.21	0.937291	0.151585	695.605
0.21	0.937291	0.155934	661.653
0.21	0.937291	0.160073	600.436
0.21	0.937291	0.164024	519.816
0.21	0.937291	0.167801	410.613
0.21	0.937291	0.17142	300.518
0.21	0.937291	0.174893	207.373
0.21	0.937291	0.178231	205.967
0.21	0.937291	0.181445	106.798
0.21	0.937291	0.184544	110.159
0.21	0.937291	0.187535	125.01
0.21	0.937291	0.190425	165.672
0.21	0.937291	0.193222	245.976
0.21	0.937291	0.195931	134.862
0.21	0.937291	0.198558	0
0.21	0.958905	0	0
0.21	0.958905	0.0226244	5.31994
0.21	0.958905	0.0405297	16.1641
0.21	0.958905	0.0553488	30.3325
0.21	0.958905	0.0679908	49.0654
0.21	0.958905	0.0790142	73.3334
0.21	0.958905	0.0887868	100.977
0.21	0.958905	0.0975638	149.322
0.21	0.958905	0.105529	219.443
0.21	0.958905	0.112821	287.12
0.21	0.958905	0.119544	375.008
0.21	0.958905	0.12578	481.483
0.21	0.958905	0.131596	575.124
0.21	0.958905	0.137044	644.85
0.21	0.958905	0.142168	690.097
0.21	0.958905	0.147005	717.72
0.21	0.958905	0.151585	718.949
0.21	0.958905	0.155934	685.849
0.21	0.958905	0.160073	626.098
0.21	0.958905	0.164024	543.107
0.21	0.958905	0.167801	436.178
0.21	0.958905	0.17142	319.055
0.21	0.958905	0.174893	215.142
0.21	0.958905	0.178231	204.195
0.21	0.958905	0.181445	103.751
0.21	0.958905	0.184544	103.923
0.21	0.958905	0.187535	99.2031
0.21	0.958905	0.190425	142.223
0.21	0.958905	0.193222	244.033
0.21	0.958905	0.195931	166.168
0.21	0.958905	0.198558	0
0.21	0.979792	0	0
0.21	0.979792	0.0226244	5.32497
0.21	0.979792	0.0405297	16.1741
0.21	0.979792	0.0553488	30.3171
0.21	0.979792	0.0679908	49.0286
0.21	0.979792	0.0790142	72.7896
0.21	0.979792	0.0887868	99.4518
0.21	0.979792	0.0975638	148.227
0.21	0.979792	0.105529	219.138
0.21	0.979792	0.112821	287.284
0.21	0.979792	0.119544	380.561
0.21	0.979792	0.12578	489.865
0.21	0.979792	0.131596	584.576
0.21	0.979792	0.137044	658.391
0.21	0.979792	0.142168	712.444
0.21	0.979792	0.147005	740.509
0.21	0.979792	0.151585	744.857
0.21	0.979792	0.155934	708.821
0.21	0.979792	0.160073	648.34
0.21	0.979792	0.164024	566.701
0.21	0.979792	0.167801	460.995
0.21	0.979792	0.17142	340.292
0.21	0.979792	0.174893	227.593
0.21	0.979792	0.178231	195.638
0.21	0.979792	0.181445	92.1708
0.21	0.979792	0.184544	91.2224
0.21	0.979792	0.187535	69.6079
0.21	0.979792	0.190425	94.8166
0.21	0.979792	0.193222	230.664
0.21	0.979792	0.195931	192.285
0.21	0.979792	0.198558	0
0.21	1	0	0
0.21	1	0.0226244	5.32953
0.21	1	0.0405297	16.1666
0.21	1	0.0553488	30.3483
0.21	1	0.0679908	48.8814
0.21	1	0.0790142	72.3233
0.21	1	0.0887868	97.8155
0.21	1	0.0975638	145.212
0.21	1	0.105529	217.876
0.21	1	0.112821	291.772
0.21	1	0.119544	385.821
0.21	1	0.12578	493.678
0.21	1	0.131596	596.117
0.21	1	0.137044	673.977
0.21	1	0.142168	730.489
0.21	1	0.147005	765.241
0.21	1	0.151585	772.243
0.21	1	0.155934	732.376
0.21	1	0.160073	668.966
0.21	1	0.164024	586.74
0.21	1	0.167801	481.861
0.21	1	0.17142	363.424
0.21	1	0.174893	246.54
0.21	1	0.178231	178.294
0.21	1	0.181445	76.7598
0.21	1	0.184544	75.817
0.21	1	0.187535	50.2371
0.21	1	0.190425	23.1317
0.21	1	0.193222	151.875
0.21	1	0.195931	214.007
0.21	1	0.198558	0
