0.525	-1	0	0
0.525	-1	0.0458639	391.898
0.525	-1	0.0821614	374.404
0.525	-1	0.112203	366.197
0.525	-1	0.13783	387.373
0.525	-1	0.160177	380.404
0.525	-1	0.179988	259.249
0.525	-1	0.19778	150.434
0.525	-1	0.213928	107.001
0.525	-1	0.22871	77.1367
0.525	-1	0.242338	53.5989
0.525	-1	0.254981	35.598
0.525	-1	0.26677	22.0496
0.525	-1	0.277814	13.4472
0.525	-1	0.288202	8.71156
0.525	-1	0.298007	5.9148
0.525	-1	0.307291	4.05958
0.525	-1	0.316107	2.85661
0.525	-1	0.3245	1.93728
0.525	-1	0.332507	1.30082
0.525	-1	0.340165	0.811537
0.525	-1	0.3475	0.517243
0.525	-1	0.354541	0.32851
0.525	-1	0.361308	0.215776
0.525	-1	0.367824	0.135081
0.525	-1	0.374105	0.0763757
0.525	-1	0.380168	0.0375062
0.525	-1	0.386029	0.0147797
0.525	-1	0.391699	0.00360153
0.525	-1	0.39719	0.000212892
0.525	-1	0.402515	0
0.525	-0.634788	0	0
0.525	-0.634788	0.0458639	456.409
0.525	-0.634788	0.0821614	445.175
0.525	-0.634788	0.112203	452.323
0.525	-0.634788	0.13783	490.525
0.525	-0.634788	0.160177	562.308
0.525	-0.634788	0.179988	570.168
0.525	-0.634788	0.19778	421.633
0.525	-0.634788	0.213928	274.619
0.525	-0.634788	0.22871	178.761
0.525	-0.634788	0.242338	136.168
0.525	-0.634788	0.254981	103.515
0.525	-0.634788	0.26677	73.8694
0.525	-0.634788	0.277814	53.2995
0.525	-0.634788	0.288202	34.9336
0.525	-0.634788	0.298007	22.9009
0.525	-0.634788	0.307291	14.676
0.525	-0.634788	0.316107	9.67777
0.525	-0.634788	0.3245	6.75917
0.525	-0.634788	0.332507	4.73794
0.525	-0.634788	0.340165	3.21179
0.525	-0.634788	0.3475	2.10524
0.525	-0.634788	0.354541	1.34519
0.525	-0.634788	0.361308	0.817863
0.525	-0.634788	0.367824	0.488671
0.525	-0.634788	0.374105	0.267552
0.525	-0.634788	0.380168	0.130007
0.525	-0.634788	0.386029	0.0534285
0.525	-0.634788	0.391699	0.015802
0.525	-0.634788	0.39719	0.0019838
0.525	-0.634788	0.402515	0
0.525	-0.406307	0	0
0.525	-0.406307	0.0458639	498.626
0.525	-0.406307	0.0821614	490.147
0.525	-0.406307	0.112203	508.37
0.525	-0.406307	0.13783	571.782
0.525	-0.406307	0.160177	666.38
0.525	-0.406307	0.179988	759.968
0.525	-0.406307	0.19778	693.005
0.525	-0.406307	0.213928	521.858
0.525	-0.406307	0.22871	359.836
0.525	-0.406307	0.242338	242.409
0.525	-0.406307	0.254981	187.626
0.525	-0.406307	0.26677	147.83
0.525	-0.406307	0.277814	114.087
0.525	-0.406307	0.288202	81.8011
0.525	-0.406307	0.298007	58.2397
0.525	-0.406307	0.307291	39.1441
0.525	-0.406307	0.316107	25.4743
0.525	-0.406307	0.3245	17.0145
0.525	-0.406307	0.332507	11.1238
0.525	-0.406307	0.340165	7.40518
0.525	-0.406307	0.3475	4.94789
0.525	-0.406307	0.354541	3.17298
0.525	-0.406307	0.361308	1.89392
0.525	-0.406307	0.367824	1.05761
0.525	-0.406307	0.374105	0.523754
0.525	-0.406307	0.380168	0.222848
0.525	-0.406307	0.386029	0.0783592
0.525	-0.406307	0.391699	0.0215952
0.525	-0.406307	0.39719	0.00269003
0.525	-0.406307	0.402515	0
0.525	-0.239626	0	0
0.525	-0.239626	0.0458639	527.617
0.525	-0.239626	0.0821614	527.04
0.525	-0.239626	0.112203	547.863
0.525	-0.239626	0.13783	625.58
0.525	-0.239626	0.160177	717.526
0.525	-0.239626	0.179988	840.933
0.525	-0.239626	0.19778	883.927
0.525	-0.239626	0.213928	775.35
0.525	-0.239626	0.22871	584.31
0.525	-0.239626	0.242338	430.852
0.525	-0.239626	0.254981	302.976
0.525	-0.239626	0.26677	236.604
0.525	-0.239626	0.277814	190.925
0.525	-0.239626	0.288202	145.285
0.525	-0.239626	0.298007	107.559
0.525	-0.239626	0.307291	78.0351
0.525	-0.239626	0.316107	54.7453
0.525	-0.239626	0.3245	36.7278
0.525	-0.239626	0.332507	24.2794
0.525	-0.239626	0.340165	15.5464
0.525	-0.239626	0.3475	9.70019
0.525	-0.239626	0.354541	6.05329
0.525	-0.239626	0.361308	3.72594
0.525	-0.239626	0.367824	2.16069
0.525	-0.239626	0.374105	1.11365
0.525	-0.239626	0.380168	0.479111
0.525	-0.239626	0.386029	0.156726
0.525	-0.239626	0.391699	0.038918
0.525	-0.239626	0.39719	0.00501632
0.525	-0.239626	0.402515	0
0.525	-0.108332	0	0
0.525	-0.108332	0.0458639	546.992
0.525	-0.108332	0.0821614	565.072
0.525	-0.108332	0.112203	571.349
0.525	-0.108332	0.13783	672.61
0.525	-0.108332	0.160177	758.101
0.525	-0.108332	0.179988	872.234
0.525	-0.108332	0.19778	994.876
0.525	-0.108332	0.213928	955.576
0.525	-0.108332	0.22871	821.195
0.525	-0.108332	0.242338	629.361
0.525	-0.108332	0.254981	487.518
0.525	-0.108332	0.26677	355.39
0.525	-0.108332	0.277814	282.498
0.525	-0.108332	0.288202	220.669
0.525	-0.108332	0.298007	172.165
0.525	-0.108332	0.307291	134.926
0.525	-0.108332	0.316107	95.4771
0.525	-0.108332	0.3245	69.0634
0.525	-0.108332	0.332507	47.1478
0.525	-0.108332	0.340165	30.5112
0.525	-0.108332	0.3475	19.4058
0.525	-0.108332	0.354541	11.3218
0.525	-0.108332	0.361308	6.46092
0.525	-0.108332	0.367824	3.6503
0.525	-0.108332	0.374105	1.95117
0.525	-0.108332	0.380168	0.885708
0.525	-0.108332	0.386029	0.328048
0.525	-0.108332	0.391699	0.0921419
0.525	-0.108332	0.39719	0.0119523
0.525	-0.108332	0.402515	0
0.525	-2e-20	0	0
0.525	-2e-20	0.0458639	559.631
0.525	-2e-20	0.0821614	599.245
0.525	-2e-20	0.112203	594.2
0.525	-2e-20	0.13783	702.217
0.525	-2e-20	0.160177	802.528
0.525	-2e-20	0.179988	890.686
0.525	-2e-20	0.19778	1035.63
0.525	-2e-20	0.213928	1062.64
0.525	-2e-20	0.22871	992.113
0.525	-2e-20	0.242338	843.516
0.525	-2e-20	0.254981	673.554
0.525	-2e-20	0.26677	530.932
0.525	-2e-20	0.277814	403.53
0.525	-2e-20	0.288202	310.654
0.525	-2e-20	0.298007	250.388
0.525	-2e-20	0.307291	219.144
0.525	-2e-20	0.316107	150.844
0.525	-2e-20	0.3245	109.787
0.525	-2e-20	0.332507	79.8306
0.525	-2e-20	0.340165	55.0266
0.525	-2e-20	0.3475	37.8898
0.525	-2e-20	0.354541	21.3308
0.525	-2e-20	0.361308	11.964
0.525	-2e-20	0.367824	6.28708
0.525	-2e-20	0.374105	3.06077
0.525	-2e-20	0.380168	1.41193
0.525	-2e-20	0.386029	0.56014
0.525	-2e-20	0.391699	0.161103
0.525	-2e-20	0.39719	0.0199235
0.525	-2e-20	0.402515	0
0.525	0.0922185	0	0
0.525	0.0922185	0.0458639	567.42
0.525	0.0922185	0.0821614	628.564
0.525	0.0922185	0.112203	611.406
0.525	0.0922185	0.13783	703.003
0.525	0.0922185	0.160177	837.549
0.525	0.0922185	0.179988	910.462
0.525	0.0922185	0.19778	1021.78
0.525	0.0922185	0.213928	1120.29
0.525	0.0922185	0.22871	1109.87
0.525	0.0922185	0.242338	1014.44
0.525	0.0922185	0.254981	872.279
0.525	0.0922185	0.26677	707.206
0.525	0.0922185	0.277814	570.715
0.525	0.0922185	0.288202	428.241
0.525	0.0922185	0.298007	339.357
0.525	0.0922185	0.307291	324.108
0.525	0.0922185	0.316107	221.783
0.525	0.0922185	0.3245	164.512
0.525	0.0922185	0.332507	121.133
0.525	0.0922185	0.340165	87.3834
0.525	0.0922185	0.3475	66.1051
0.525	0.0922185	0.354541	38.0553
0.525	0.0922185	0.361308	22.0889
0.525	0.0922185	0.367824	11.7219
0.525	0.0922185	0.374105	5.45425
0.525	0.0922185	0.380168	2.18847
0.525	0.0922185	0.386029	0.766203
0.525	0.0922185	0.391699	0.222252
0.525	0.0922185	0.39719	0.0294007
0.525	0.0922185	0.402515	0
0.525	0.172502	0	0
0.525	0.172502	0.0458639	571.363
0.525	0.172502	0.0821614	653.584
0.525	0.172502	0.112203	631.455
0.525	0.172502	0.13783	706.436
0.525	0.172502	0.160177	859.193
0.525	0.172502	0.179988	941.707
0.525	0.172502	0.19778	1022.08
0.525	0.172502	0.213928	1137.69
0.525	0.172502	0.22871	1194.21
0.525	0.172502	0.242338	1146.9
0.525	0.172502	0.254981	1053.46
0.525	0.172502	0.26677	898.175
0.525	0.172502	0.277814	739.771
0.525	0.172502	0.288202	585.249
0.525	0.172502	0.298007	450.39
0.525	0.172502	0.307291	440.635
0.525	0.172502	0.316107	306.364
0.525	0.172502	0.3245	233.778
0.525	0.172502	0.332507	174.185
0.525	0.172502	0.340165	127.997
0.525	0.172502	0.3475	101.657
0.525	0.172502	0.354541	61.3278
0.525	0.172502	0.361308	38.2478
0.525	0.172502	0.367824	21.7559
0.525	0.172502	0.374105	10.735
0.525	0.172502	0.380168	4.30562
0.525	0.172502	0.386029	1.32886
0.525	0.172502	0.391699	0.275971
0.525	0.172502	0.39719	0.0336838
0.525	0.172502	0.402515	0
0.525	0.243589	0	0
0.525	0.243589	0.0458639	572.305
0.525	0.243589	0.0821614	675.308
0.525	0.243589	0.112203	654.35
0.525	0.243589	0.13783	709.45
0.525	0.243589	0.160177	854.043
0.525	0.243589	0.179988	974.139
0.525	0.243589	0.19778	1030.67
0.525	0.243589	0.213928	1124.22
0.525	0.243589	0.22871	1211.23
0.525	0.243589	0.242338	1231.71
0.525	0.243589	0.254981	1193.7
0.525	0.243589	0.26677	1083.74
0.525	0.243589	0.277814	923.817
0.525	0.243589	0.288202	746.303
0.525	0.243589	0.298007	602.069
0.525	0.243589	0.307291	573.577
0.525	0.243589	0.316107	402.092
0.525	0.243589	0.3245	312.274
0.525	0.243589	0.332507	242.638
0.525	0.243589	0.340165	179.164
0.525	0.243589	0.3475	144.774
0.525	0.243589	0.354541	90.5183
0.525	0.243589	0.361308	59.7758
0.525	0.243589	0.367824	36.6336
0.525	0.243589	0.374105	20.3955
0.525	0.243589	0.380168	9.38834
0.525	0.243589	0.386029	3.34044
0.525	0.243589	0.391699	0.767863
0.525	0.243589	0.39719	0.0604077
0.525	0.243589	0.402515	0
0.525	0.307372	0	0
0.525	0.307372	0.0458639	570.736
0.525	0.307372	0.0821614	693.105
0.525	0.307372	0.112203	675.858
0.525	0.307372	0.13783	707.723
0.525	0.307372	0.160177	839.667
0.525	0.307372	0.179988	993.477
0.525	0.307372	0.19778	1054.71
0.525	0.307372	0.213928	1126.74
0.525	0.307372	0.22871	1206.29
0.525	0.307372	0.242338	1295.79
0.525	0.307372	0.254981	1307.93
0.525	0.307372	0.26677	1225.28
0.525	0.307372	0.277814	1097.84
0.525	0.307372	0.288202	913.405
0.525	0.307372	0.298007	761.71
0.525	0.307372	0.307291	742.93
0.525	0.307372	0.316107	508.871
0.525	0.307372	0.3245	403.234
0.525	0.307372	0.332507	320.034
0.525	0.307372	0.340165	243.682
0.525	0.307372	0.3475	196.939
0.525	0.307372	0.354541	125.313
0.525	0.307372	0.361308	86.0104
0.525	0.307372	0.367824	55.2089
0.525	0.307372	0.374105	33.0542
0.525	0.307372	0.380168	17.3495
0.525	0.307372	0.386029	7.66113
0.525	0.307372	0.391699	2.26855
0.525	0.307372	0.39719	0.283095
0.525	0.307372	0.402515	0
0.525	0.365212	0	0
0.525	0.365212	0.0458639	567.219
0.525	0.365212	0.0821614	707
0.525	0.365212	0.112203	694.713
0.525	0.365212	0.13783	709.623
0.525	0.365212	0.160177	829.307
0.525	0.365212	0.179988	987.605
0.525	0.365212	0.19778	1084.67
0.525	0.365212	0.213928	1134.53
0.525	0.365212	0.22871	1206.37
0.525	0.365212	0.242338	1321
0.525	0.365212	0.254981	1387.55
0.525	0.365212	0.26677	1348.18
0.525	0.365212	0.277814	1244.15
0.525	0.365212	0.288202	1086.45
0.525	0.365212	0.298007	923.018
0.525	0.365212	0.307291	923.198
0.525	0.365212	0.316107	652.327
0.525	0.365212	0.3245	500.934
0.525	0.365212	0.332507	406.416
0.525	0.365212	0.340165	318.988
0.525	0.365212	0.3475	260.461
0.525	0.365212	0.354541	167.296
0.525	0.365212	0.361308	121.803
0.525	0.365212	0.367824	76.5407
0.525	0.365212	0.374105	47.294
0.525	0.365212	0.380168	26.3031
0.525	0.365212	0.386029	12.8837
0.525	0.365212	0.391699	4.523
0.525	0.365212	0.39719	0.71287
0.525	0.365212	0.402515	0
0.525	0.418124	0	0
0.525	0.418124	0.0458639	562.149
0.525	0.418124	0.0821614	717.386
0.525	0.418124	0.112203	710.761
0.525	0.418124	0.13783	715.532
0.525	0.418124	0.160177	819.801
0.525	0.418124	0.179988	963.287
0.525	0.418124	0.19778	1107.13
0.525	0.418124	0.213928	1163.15
0.525	0.418124	0.22871	1211.59
0.525	0.418124	0.242338	1331.59
0.525	0.418124	0.254981	1421.01
0.525	0.418124	0.26677	1433.46
0.525	0.418124	0.277814	1374.19
0.525	0.418124	0.288202	1250.1
0.525	0.418124	0.298007	1107.84
0.525	0.418124	0.307291	1104.77
0.525	0.418124	0.316107	812.716
0.525	0.418124	0.3245	633.344
0.525	0.418124	0.332507	499.84
0.525	0.418124	0.340165	400.273
0.525	0.418124	0.3475	335.426
0.525	0.418124	0.354541	218.064
0.525	0.418124	0.361308	170.148
0.525	0.418124	0.367824	100.123
0.525	0.418124	0.374105	62.1327
0.525	0.418124	0.380168	34.5725
0.525	0.418124	0.386029	16.8466
0.525	0.418124	0.391699	5.79093
0.525	0.418124	0.39719	0.859368
0.525	0.418124	0.402515	0
0.525	0.466881	0	0
0.525	0.466881	0.0458639	555.72
0.525	0.466881	0.0821614	724.49
0.525	0.466881	0.112203	724.97
0.525	0.466881	0.13783	723.55
0.525	0.466881	0.160177	807.814
0.525	0.466881	0.179988	943.505
0.525	0.466881	0.19778	1107.14
0.525	0.466881	0.213928	1202.13
0.525	0.466881	0.22871	1228.35
0.525	0.466881	0.242338	1347.51
0.525	0.466881	0.254981	1465.89
0.525	0.466881	0.26677	1513.36
0.525	0.466881	0.277814	1490.48
0.525	0.466881	0.288202	1393.8
0.525	0.466881	0.298007	1285.53
0.525	0.466881	0.307291	1313.69
0.525	0.466881	0.316107	979.023
0.525	0.466881	0.3245	786.632
0.525	0.466881	0.332507	619.866
0.525	0.466881	0.340165	490.272
0.525	0.466881	0.3475	415.787
0.525	0.466881	0.354541	282.371
0.525	0.466881	0.361308	233.863
0.525	0.466881	0.367824	128.359
0.525	0.466881	0.374105	78.84
0.525	0.466881	0.380168	43.6483
0.525	0.466881	0.386029	20.4822
0.525	0.466881	0.391699	6.60639
0.525	0.466881	0.39719	0.941804
0.525	0.466881	0.402515	0
0.525	0.512089	0	0
0.525	0.512089	0.0458639	548.073
0.525	0.512089	0.0821614	728.783
0.525	0.512089	0.112203	737.025
0.525	0.512089	0.13783	731.717
0.525	0.512089	0.160177	798.659
0.525	0.512089	0.179988	929.696
0.525	0.512089	0.19778	1080.53
0.525	0.512089	0.213928	1226.08
0.525	0.512089	0.22871	1266.87
0.525	0.512089	0.242338	1362.17
0.525	0.512089	0.254981	1492.99
0.525	0.512089	0.26677	1550.95
0.525	0.512089	0.277814	1569.67
0.525	0.512089	0.288202	1513.49
0.525	0.512089	0.298007	1453.45
0.525	0.512089	0.307291	1516.45
0.525	0.512089	0.316107	1160.78
0.525	0.512089	0.3245	947.439
0.525	0.512089	0.332507	766.559
0.525	0.512089	0.340165	597.402
0.525	0.512089	0.3475	505.722
0.525	0.512089	0.354541	353.074
0.525	0.512089	0.361308	315.198
0.525	0.512089	0.367824	165.438
0.525	0.512089	0.374105	98.7433
0.525	0.512089	0.380168	55.7773
0.525	0.512089	0.386029	25.3343
0.525	0.512089	0.391699	8.17822
0.525	0.512089	0.39719	1.19414
0.525	0.512089	0.402515	0
0.525	0.55423	0	0
0.525	0.55423	0.0458639	539.411
0.525	0.55423	0.0821614	730.064
0.525	0.55423	0.112203	746.256
0.525	0.55423	0.13783	738.193
0.525	0.55423	0.160177	792.342
0.525	0.55423	0.179988	913.65
0.525	0.55423	0.19778	1053.89
0.525	0.55423	0.213928	1234.08
0.525	0.55423	0.22871	1309.12
0.525	0.55423	0.242338	1396.65
0.525	0.55423	0.254981	1517.95
0.525	0.55423	0.26677	1597.44
0.525	0.55423	0.277814	1625.73
0.525	0.55423	0.288202	1602.32
0.525	0.55423	0.298007	1586.36
0.525	0.55423	0.307291	1723.13
0.525	0.55423	0.316107	1364.07
0.525	0.55423	0.3245	1116.43
0.525	0.55423	0.332507	920.7
0.525	0.55423	0.340165	734.364
0.525	0.55423	0.3475	607.371
0.525	0.55423	0.354541	431.453
0.525	0.55423	0.361308	403.989
0.525	0.55423	0.367824	213.688
0.525	0.55423	0.374105	124.233
0.525	0.55423	0.380168	70.6173
0.525	0.55423	0.386029	33.6419
0.525	0.55423	0.391699	10.1746
0.525	0.55423	0.39719	1.43438
0.525	0.55423	0.402515	0
0.525	0.593693	0	0
0.525	0.593693	0.0458639	529.846
0.525	0.593693	0.0821614	728.381
0.525	0.593693	0.112203	752.712
0.525	0.593693	0.13783	743.031
0.525	0.593693	0.160177	790.108
0.525	0.593693	0.179988	893.949
0.525	0.593693	0.19778	1036.84
0.525	0.593693	0.213928	1208.14
0.525	0.593693	0.22871	1335.64
0.525	0.593693	0.242338	1451.9
0.525	0.593693	0.254981	1546.48
0.525	0.593693	0.26677	1626.36
0.525	0.593693	0.277814	1682.52
0.525	0.593693	0.288202	1678.22
0.525	0.593693	0.298007	1709.78
0.525	0.593693	0.307291	1896.58
0.525	0.593693	0.316107	1572.96
0.525	0.593693	0.3245	1326.93
0.525	0.593693	0.332507	1082.74
0.525	0.593693	0.340165	881.498
0.525	0.593693	0.3475	734.721
0.525	0.593693	0.354541	517.552
0.525	0.593693	0.361308	500.147
0.525	0.593693	0.367824	270.096
0.525	0.593693	0.374105	158.376
0.525	0.593693	0.380168	90.706
0.525	0.593693	0.386029	45.9342
0.525	0.593693	0.391699	13.3539
0.525	0.593693	0.39719	1.8016
0.525	0.593693	0.402515	0
0.525	0.630798	0	0
0.525	0.630798	0.0458639	519.479
0.525	0.630798	0.0821614	724.078
0.525	0.630798	0.112203	756.436
0.525	0.630798	0.13783	747.318
0.525	0.630798	0.160177	788.454
0.525	0.630798	0.179988	876.966
0.525	0.630798	0.19778	1018.08
0.525	0.630798	0.213928	1177.06
0.525	0.630798	0.22871	1344.22
0.525	0.630798	0.242338	1503.53
0.525	0.630798	0.254981	1609.02
0.525	0.630798	0.26677	1671.57
0.525	0.630798	0.277814	1728.85
0.525	0.630798	0.288202	1727.19
0.525	0.630798	0.298007	1783.55
0.525	0.630798	0.307291	2040.49
0.525	0.630798	0.316107	1756.77
0.525	0.630798	0.3245	1540.79
0.525	0.630798	0.332507	1287.86
0.525	0.630798	0.340165	1033.77
0.525	0.630798	0.3475	872.855
0.525	0.630798	0.354541	626.153
0.525	0.630798	0.361308	604.819
0.525	0.630798	0.367824	333.307
0.525	0.630798	0.374105	200.967
0.525	0.630798	0.380168	118.7
0.525	0.630798	0.386029	63.6382
0.525	0.630798	0.391699	17.2105
0.525	0.630798	0.39719	2.29285
0.525	0.630798	0.402515	0
0.525	0.665812	0	0
0.525	0.665812	0.0458639	508.467
0.525	0.665812	0.0821614	717.232
0.525	0.665812	0.112203	757.578
0.525	0.665812	0.13783	749.662
0.525	0.665812	0.160177	785.678
0.525	0.665812	0.179988	863.113
0.525	0.665812	0.19778	993.693
0.525	0.665812	0.213928	1157.17
0.525	0.665812	0.22871	1313.73
0.525	0.665812	0.242338	1540.65
0.525	0.665812	0.254981	1672.42
0.525	0.665812	0.26677	1726.1
0.525	0.665812	0.277814	1758.32
0.525	0.665812	0.288202	1777.26
0.525	0.665812	0.298007	1846.29
0.525	0.665812	0.307291	2135.48
0.525	0.665812	0.316107	1895.43
0.525	0.665812	0.3245	1739.11
0.525	0.665812	0.332507	1507.06
0.525	0.665812	0.340165	1225.48
0.525	0.665812	0.3475	1016.68
0.525	0.665812	0.354541	752.65
0.525	0.665812	0.361308	736.471
0.525	0.665812	0.367824	402.44
0.525	0.665812	0.374105	251.927
0.525	0.665812	0.380168	155.359
0.525	0.665812	0.386029	86.7346
0.525	0.665812	0.391699	21.9814
0.525	0.665812	0.39719	2.79308
0.525	0.665812	0.402515	0
0.525	0.698958	0	0
0.525	0.698958	0.0458639	496.836
0.525	0.698958	0.0821614	707.868
0.525	0.698958	0.112203	755.777
0.525	0.698958	0.13783	749.358
0.525	0.698958	0.160177	781.076
0.525	0.698958	0.179988	854.581
0.525	0.698958	0.19778	967.38
0.525	0.698958	0.213928	1135.16
0.525	0.698958	0.22871	1277.88
0.525	0.698958	0.242338	1538.64
0.525	0.698958	0.254981	1733.76
0.525	0.698958	0.26677	1800.29
0.525	0.698958	0.277814	1824.98
0.525	0.698958	0.288202	1820.72
0.525	0.698958	0.298007	1907.78
0.525	0.698958	0.307291	2205.28
0.525	0.698958	0.316107	2005.13
0.525	0.698958	0.3245	1892.32
0.525	0.698958	0.332507	1719.35
0.525	0.698958	0.340165	1443
0.525	0.698958	0.3475	1191.53
0.525	0.698958	0.354541	892.511
0.525	0.698958	0.361308	904.151
0.525	0.698958	0.367824	491.816
0.525	0.698958	0.374105	309.309
0.525	0.698958	0.380168	200.161
0.525	0.698958	0.386029	114.328
0.525	0.698958	0.391699	28.2901
0.525	0.698958	0.39719	3.59506
0.525	0.698958	0.402515	0
0.525	0.730425	0	0
0.525	0.730425	0.0458639	484.619
0.525	0.730425	0.0821614	696.047
0.525	0.730425	0.112203	750.812
0.525	0.730425	0.13783	746.466
0.525	0.730425	0.160177	775.27
0.525	0.730425	0.179988	845.601
0.525	0.730425	0.19778	944.847
0.525	0.730425	0.213928	1103.56
0.525	0.730425	0.22871	1253.71
0.525	0.730425	0.242338	1498.66
0.525	0.730425	0.254981	1768.49
0.525	0.730425	0.26677	1872.3
0.525	0.730425	0.277814	1888.48
0.525	0.730425	0.288202	1889.05
0.525	0.730425	0.298007	1980.87
0.525	0.730425	0.307291	2269.57
0.525	0.730425	0.316107	2068.86
0.525	0.730425	0.3245	2010.13
0.525	0.730425	0.332507	1883.08
0.525	0.730425	0.340165	1666.43
0.525	0.730425	0.3475	1403.4
0.525	0.730425	0.354541	1061.98
0.525	0.730425	0.361308	1107.86
0.525	0.730425	0.367824	614.059
0.525	0.730425	0.374105	377.151
0.525	0.730425	0.380168	250.171
0.525	0.730425	0.386029	144.41
0.525	0.730425	0.391699	37.2454
0.525	0.730425	0.39719	4.09785
0.525	0.730425	0.402515	0
0.525	0.760374	0	0
0.525	0.760374	0.0458639	471.877
0.525	0.760374	0.0821614	681.953
0.525	0.760374	0.112203	742.698
0.525	0.760374	0.13783	741.286
0.525	0.760374	0.160177	767.157
0.525	0.760374	0.179988	833.253
0.525	0.760374	0.19778	930.382
0.525	0.760374	0.213928	1065.21
0.525	0.760374	0.22871	1224.32
0.525	0.760374	0.242338	1451.71
0.525	0.760374	0.254981	1753.32
0.525	0.760374	0.26677	1937.68
0.525	0.760374	0.277814	1968.55
0.525	0.760374	0.288202	1957.15
0.525	0.760374	0.298007	2058.72
0.525	0.760374	0.307291	2335.67
0.525	0.760374	0.316107	2140.32
0.525	0.760374	0.3245	2077.66
0.525	0.760374	0.332507	2008.59
0.525	0.760374	0.340165	1838.72
0.525	0.760374	0.3475	1633.05
0.525	0.760374	0.354541	1279.87
0.525	0.760374	0.361308	1357.34
0.525	0.760374	0.367824	767.48
0.525	0.760374	0.374105	468.419
0.525	0.760374	0.380168	305.47
0.525	0.760374	0.386029	177.836
0.525	0.760374	0.391699	50.6004
0.525	0.760374	0.39719	5.50762
0.525	0.760374	0.402515	0
0.525	0.788947	0	0
0.525	0.788947	0.0458639	458.653
0.525	0.788947	0.0821614	665.671
0.525	0.788947	0.112203	731.101
0.525	0.788947	0.13783	733.16
0.525	0.788947	0.160177	757.22
0.525	0.788947	0.179988	820.686
0.525	0.788947	0.19778	914.555
0.525	0.788947	0.213928	1035.42
0.525	0.788947	0.22871	1184.57
0.525	0.788947	0.242338	1415.36
0.525	0.788947	0.254981	1696.47
0.525	0.788947	0.26677	1955.93
0.525	0.788947	0.277814	2050.74
0.525	0.788947	0.288202	2035.7
0.525	0.788947	0.298007	2153.7
0.525	0.788947	0.307291	2419.59
0.525	0.788947	0.316107	2229.6
0.525	0.788947	0.3245	2154.37
0.525	0.788947	0.332507	2084.16
0.525	0.788947	0.340165	1974.16
0.525	0.788947	0.3475	1814.95
0.525	0.788947	0.354541	1517.34
0.525	0.788947	0.361308	1672.24
0.525	0.788947	0.367824	959.204
0.525	0.788947	0.374105	580.852
0.525	0.788947	0.380168	375.761
0.525	0.788947	0.386029	216.113
0.525	0.788947	0.391699	68.1738
0.525	0.788947	0.39719	9.56965
0.525	0.788947	0.402515	0
0.525	0.816262	0	0
0.525	0.816262	0.0458639	444.961
0.525	0.816262	0.0821614	647.263
0.525	0.816262	0.112203	716.483
0.525	0.816262	0.13783	721.933
0.525	0.816262	0.160177	744.126
0.525	0.816262	0.179988	805.046
0.525	0.816262	0.19778	894.768
0.525	0.816262	0.213928	1011.24
0.525	0.816262	0.22871	1139.15
0.525	0.816262	0.242338	1374.07
0.525	0.816262	0.254981	1638.52
0.525	0.816262	0.26677	1904.98
0.525	0.816262	0.277814	2091.49
0.525	0.816262	0.288202	2141.89
0.525	0.816262	0.298007	2244.83
0.525	0.816262	0.307291	2478.85
0.525	0.816262	0.316107	2347.85
0.525	0.816262	0.3245	2264.06
0.525	0.816262	0.332507	2163.18
0.525	0.816262	0.340165	2052.08
0.525	0.816262	0.3475	1956.21
0.525	0.816262	0.354541	1715.56
0.525	0.816262	0.361308	2005.81
0.525	0.816262	0.367824	1222.37
0.525	0.816262	0.374105	715.746
0.525	0.816262	0.380168	457.767
0.525	0.816262	0.386029	266.872
0.525	0.816262	0.391699	85.8641
0.525	0.816262	0.39719	13.365
0.525	0.816262	0.402515	0
0.525	0.842428	0	0
0.525	0.842428	0.0458639	430.854
0.525	0.842428	0.0821614	626.853
0.525	0.842428	0.112203	698.451
0.525	0.842428	0.13783	708.022
0.525	0.842428	0.160177	729.12
0.525	0.842428	0.179988	787.893
0.525	0.842428	0.19778	874.975
0.525	0.842428	0.213928	984.825
0.525	0.842428	0.22871	1104.46
0.525	0.842428	0.242338	1320.87
0.525	0.842428	0.254981	1578.05
0.525	0.842428	0.26677	1832.04
0.525	0.842428	0.277814	2059.72
0.525	0.842428	0.288202	2218.06
0.525	0.842428	0.298007	2392.84
0.525	0.842428	0.307291	2545.71
0.525	0.842428	0.316107	2445.54
0.525	0.842428	0.3245	2403.69
0.525	0.842428	0.332507	2285.16
0.525	0.842428	0.340165	2122.1
0.525	0.842428	0.3475	2035.47
0.525	0.842428	0.354541	1857.12
0.525	0.842428	0.361308	2300.27
0.525	0.842428	0.367824	1512.02
0.525	0.842428	0.374105	910.088
0.525	0.842428	0.380168	555.826
0.525	0.842428	0.386029	350.429
0.525	0.842428	0.391699	106.955
0.525	0.842428	0.39719	15.8981
0.525	0.842428	0.402515	0
0.525	0.867536	0	0
0.525	0.867536	0.0458639	416.438
0.525	0.867536	0.0821614	604.257
0.525	0.867536	0.112203	676.885
0.525	0.867536	0.13783	689.557
0.525	0.867536	0.160177	711.226
0.525	0.867536	0.179988	768.303
0.525	0.867536	0.19778	852.791
0.525	0.867536	0.213928	956.205
0.525	0.867536	0.22871	1074.05
0.525	0.867536	0.242338	1266.61
0.525	0.867536	0.254981	1511.42
0.525	0.867536	0.26677	1760.47
0.525	0.867536	0.277814	1984.65
0.525	0.867536	0.288202	2202.59
0.525	0.867536	0.298007	2518.5
0.525	0.867536	0.307291	2650.71
0.525	0.867536	0.316107	2597.61
0.525	0.867536	0.3245	2545.78
0.525	0.867536	0.332507	2440.87
0.525	0.867536	0.340165	2250.66
0.525	0.867536	0.3475	2112.63
0.525	0.867536	0.354541	1928.03
0.525	0.867536	0.361308	2502.8
0.525	0.867536	0.367824	1775.7
0.525	0.867536	0.374105	1135.15
0.525	0.867536	0.380168	698
0.525	0.867536	0.386029	478.803
0.525	0.867536	0.391699	154.543
0.525	0.867536	0.39719	18.8786
0.525	0.867536	0.402515	0
0.525	0.891668	0	0
0.525	0.891668	0.0458639	401.711
0.525	0.891668	0.0821614	579.349
0.525	0.891668	0.112203	651.364
0.525	0.891668	0.13783	666.573
0.525	0.891668	0.160177	691.344
0.525	0.891668	0.179988	747.252
0.525	0.891668	0.19778	828.058
0.525	0.891668	0.213928	928.24
0.525	0.891668	0.22871	1038.6
0.525	0.891668	0.242338	1215.91
0.525	0.891668	0.254981	1433.88
0.525	0.891668	0.26677	1686.48
0.525	0.891668	0.277814	1902.51
0.525	0.891668	0.288202	2122.17
0.525	0.891668	0.298007	2525.15
0.525	0.891668	0.307291	2754.85
0.525	0.891668	0.316107	2784.54
0.525	0.891668	0.3245	2765.54
0.525	0.891668	0.332507	2623.28
0.525	0.891668	0.340165	2422.05
0.525	0.891668	0.3475	2249.63
0.525	0.891668	0.354541	1986.08
0.525	0.891668	0.361308	2588.34
0.525	0.891668	0.367824	1958.2
0.525	0.891668	0.374105	1349
0.525	0.891668	0.380168	886.632
0.525	0.891668	0.386029	670.809
0.525	0.891668	0.391699	244.499
0.525	0.891668	0.39719	34.6543
0.525	0.891668	0.402515	0
0.525	0.914898	0	0
0.525	0.914898	0.0458639	386.711
0.525	0.914898	0.0821614	552.037
0.525	0.914898	0.112203	621.58
0.525	0.914898	0.13783	638.903
0.525	0.914898	0.160177	665.995
0.525	0.914898	0.179988	723.159
0.525	0.914898	0.19778	798.4
0.525	0.914898	0.213928	900.005
0.525	0.914898	0.22871	999.002
0.525	0.914898	0.242338	1159.4
0.525	0.914898	0.254981	1361.49
0.525	0.914898	0.26677	1592.02
0.525	0.914898	0.277814	1811.51
0.525	0.914898	0.288202	2022.69
0.525	0.914898	0.298007	2435.81
0.525	0.914898	0.307291	2738.03
0.525	0.914898	0.316107	2977.96
0.525	0.914898	0.3245	3037.65
0.525	0.914898	0.332507	2909.59
0.525	0.914898	0.340165	2647.4
0.525	0.914898	0.3475	2450.73
0.525	0.914898	0.354541	2108.33
0.525	0.914898	0.361308	2577.11
0.525	0.914898	0.367824	2000.55
0.525	0.914898	0.374105	1508.84
0.525	0.914898	0.380168	1079.89
0.525	0.914898	0.386029	959.937
0.525	0.914898	0.391699	391.804
0.525	0.914898	0.39719	87.8046
0.525	0.914898	0.402515	0
0.525	0.937291	0	0
0.525	0.937291	0.0458639	371.443
0.525	0.937291	0.0821614	522.302
0.525	0.937291	0.112203	587.448
0.525	0.937291	0.13783	606.435
0.525	0.937291	0.160177	636.624
0.525	0.937291	0.179988	693.73
0.525	0.937291	0.19778	769.494
0.525	0.937291	0.213928	864.473
0.525	0.937291	0.22871	957.018
0.525	0.937291	0.242338	1096.31
0.525	0.937291	0.254981	1281.48
0.525	0.937291	0.26677	1496.58
0.525	0.937291	0.277814	1691.81
0.525	0.937291	0.288202	1909.43
0.525	0.937291	0.298007	2314.48
0.525	0.937291	0.307291	2641.31
0.525	0.937291	0.316107	3001.36
0.525	0.937291	0.3245	3313.95
0.525	0.937291	0.332507	3287.27
0.525	0.937291	0.340165	2989.16
0.525	0.937291	0.3475	2720.63
0.525	0.937291	0.354541	2300.79
0.525	0.937291	0.361308	2605.99
0.525	0.937291	0.367824	1972.81
0.525	0.937291	0.374105	1535.66
0.525	0.937291	0.380168	1211.86
0.525	0.937291	0.386029	1290.76
0.525	0.937291	0.391699	668.755
0.525	0.937291	0.39719	183.424
0.525	0.937291	0.402515	0
0.525	0.958905	0	0
0.525	0.958905	0.0458639	355.894
0.525	0.958905	0.0821614	489.855
0.525	0.958905	0.112203	548.598
0.525	0.958905	0.13783	570.207
0.525	0.958905	0.160177	602.791
0.525	0.958905	0.179988	660.085
0.525	0.958905	0.19778	735.516
0.525	0.958905	0.213928	823.958
0.525	0.958905	0.22871	907.679
0.525	0.958905	0.242338	1034.89
0.525	0.958905	0.254981	1192.57
0.525	0.958905	0.26677	1377.58
0.525	0.958905	0.277814	1564.41
0.525	0.958905	0.288202	1761.4
0.525	0.958905	0.298007	2175.9
0.525	0.958905	0.307291	2518.09
0.525	0.958905	0.316107	2922.54
0.525	0.958905	0.3245	3354.45
0.525	0.958905	0.332507	3636.11
0.525	0.958905	0.340165	3480.18
0.525	0.958905	0.3475	3124.99
0.525	0.958905	0.354541	2628.13
0.525	0.958905	0.361308	2675.89
0.525	0.958905	0.367824	2003.95
0.525	0.958905	0.374105	1562.75
0.525	0.958905	0.380168	1209.52
0.525	0.958905	0.386029	1505.09
0.525	0.958905	0.391699	1055.04
0.525	0.958905	0.39719	365.169
0.525	0.958905	0.402515	0
0.525	0.979792	0	0
0.525	0.979792	0.0458639	339.954
0.525	0.979792	0.0821614	454.785
0.525	0.979792	0.112203	504.855
0.525	0.979792	0.13783	528.802
0.525	0.979792	0.160177	562.81
0.525	0.979792	0.179988	620.747
0.525	0.979792	0.19778	692.437
0.525	0.979792	0.213928	780.872
0.525	0.979792	0.22871	855.629
0.525	0.979792	0.242338	967.161
0.525	0.979792	0.254981	1100.79
0.525	0.979792	0.26677	1248.56
0.525	0.979792	0.277814	1400.19
0.525	0.979792	0.288202	1584.21
0.525	0.979792	0.298007	1998.96
0.525	0.979792	0.307291	2367.39
0.525	0.979792	0.316107	2794.56
0.525	0.979792	0.3245	3282.42
0.525	0.979792	0.332507	3654.42
0.525	0.979792	0.340165	3818.2
0.525	0.979792	0.3475	3687.95
0.525	0.979792	0.354541	3199.22
0.525	0.979792	0.361308	2901.96
0.525	0.979792	0.367824	2179.83
0.525	0.979792	0.374105	1630.04
0.525	0.979792	0.380168	1249.09
0.525	0.979792	0.386029	1282.94
0.525	0.979792	0.391699	1302.59
0.525	0.979792	0.39719	770.825
0.525	0.979792	0.402515	0
0.525	1	0	0
0.525	1	0.0458639	323.523
0.525	1	0.0821614	418.254
0.525	1	0.112203	452.918
0.525	1	0.13783	481.573
0.525	1	0.160177	516.406
0.525	1	0.179988	567.939
0.525	1	0.19778	647.551
0.525	1	0.213928	733.307
0.525	1	0.22871	789.246
0.525	1	0.242338	883.389
0.525	1	0.254981	976.413
0.525	1	0.26677	1098.27
0.525	1	0.277814	1202.18
0.525	1	0.288202	1353.8
0.525	1	0.298007	1754.9
0.525	1	0.307291	2119.36
0.525	1	0.316107	2585.78
0.525	1	0.3245	3131
0.525	1	0.332507	3557.99
0.525	1	0.340165	3880.22
0.525	1	0.3475	3912.91
0.525	1	0.354541	3786.37
0.525	1	0.361308	3428
0.525	1	0.367824	2709.83
0.525	1	0.374105	1879.37
0.525	1	0.380168	1178.05
0.525	1	0.386029	712.319
0.525	1	0.391699	544.117
0.525	1	0.39719	760.266
0.525	1	0.402515	0
