0.75     -1     0      0
0.75     -1     0.073204      119.387
0.75     -1     0.131139      121.273
0.75     -1     0.179088      72.143
0.75     -1     0.219993      41.5212
0.75     -1     0.255661      20.0676
0.75     -1     0.287281      8.8066
0.75     -1     0.31568      2.97859
0.75     -1     0.341454      0.320566
0.75     -1     0.365047      0
0.75     -1     0.386799      0
0.75     -1     0.406978      0
0.75     -1     0.425795      0
0.75     -1     0.443423      0
0.75     -1     0.460004      0
0.75     -1     0.475653      0
0.75     -1     0.490472      0
0.75     -1     0.504543      0
0.75     -1     0.517938      0
0.75     -1     0.53072      0
0.75     -1     0.542942      0
0.75     -1     0.55465      0
0.75     -1     0.565888      0
0.75     -1     0.57669      0
0.75     -1     0.587089      0
0.75     -1     0.597114      0
0.75     -1     0.606792      0
0.75     -1     0.616146      0
0.75     -1     0.625196      0
0.75     -1     0.633961      0
0.75     -1     0.64246      0
0.75     -0.634788     0      0
0.75     -0.634788     0.073204      131.358
0.75     -0.634788     0.131139      175.11
0.75     -0.634788     0.179088      143.243
0.75     -0.634788     0.219993      107.679
0.75     -0.634788     0.255661      77.8704
0.75     -0.634788     0.287281      52.6727
0.75     -0.634788     0.31568      34.6047
0.75     -0.634788     0.341454      21.7447
0.75     -0.634788     0.365047      12.4788
0.75     -0.634788     0.386799      6.81356
0.75     -0.634788     0.406978      3.54764
0.75     -0.634788     0.425795      1.72075
0.75     -0.634788     0.443423      0.821375
0.75     -0.634788     0.460004      0.352121
0.75     -0.634788     0.475653      0.129617
0.75     -0.634788     0.490472      0.0437489
0.75     -0.634788     0.504543      0.0114476
0.75     -0.634788     0.517938      0.0021334
0.75     -0.634788     0.53072      4.65672e-05
0.75     -0.634788     0.542942      0
0.75     -0.634788     0.55465      0
0.75     -0.634788     0.565888      0
0.75     -0.634788     0.57669      0
0.75     -0.634788     0.587089      0
0.75     -0.634788     0.597114      0
0.75     -0.634788     0.606792      0
0.75     -0.634788     0.616146      0
0.75     -0.634788     0.625196      0
0.75     -0.634788     0.633961      0
0.75     -0.634788     0.64246      0
0.75     -0.406307     0      0
0.75     -0.406307     0.073204      142.007
0.75     -0.406307     0.131139      211.661
0.75     -0.406307     0.179088      202.828
0.75     -0.406307     0.219993      171.319
0.75     -0.406307     0.255661      146.353
0.75     -0.406307     0.287281      116.279
0.75     -0.406307     0.31568      85.1105
0.75     -0.406307     0.341454      62.7602
0.75     -0.406307     0.365047      43.8823
0.75     -0.406307     0.386799      28.6868
0.75     -0.406307     0.406978      17.8373
0.75     -0.406307     0.425795      10.5803
0.75     -0.406307     0.443423      6.11543
0.75     -0.406307     0.460004      3.4701
0.75     -0.406307     0.475653      1.9173
0.75     -0.406307     0.490472      1.03839
0.75     -0.406307     0.504543      0.503187
0.75     -0.406307     0.517938      0.216025
0.75     -0.406307     0.53072      0.0710467
0.75     -0.406307     0.542942      0.0136517
0.75     -0.406307     0.55465      0.000322908
0.75     -0.406307     0.565888      0
0.75     -0.406307     0.57669      0
0.75     -0.406307     0.587089      0
0.75     -0.406307     0.597114      0
0.75     -0.406307     0.606792      0
0.75     -0.406307     0.616146      0
0.75     -0.406307     0.625196      0
0.75     -0.406307     0.633961      0
0.75     -0.406307     0.64246      0
0.75     -0.239626     0      0
0.75     -0.239626     0.073204      154.12
0.75     -0.239626     0.131139      244.555
0.75     -0.239626     0.179088      256.068
0.75     -0.239626     0.219993      233.633
0.75     -0.239626     0.255661      216.477
0.75     -0.239626     0.287281      196.629
0.75     -0.239626     0.31568      154.424
0.75     -0.239626     0.341454      120.275
0.75     -0.239626     0.365047      91.5759
0.75     -0.239626     0.386799      68.3428
0.75     -0.239626     0.406978      47.0027
0.75     -0.239626     0.425795      30.4736
0.75     -0.239626     0.443423      19.5147
0.75     -0.239626     0.460004      12.113
0.75     -0.239626     0.475653      7.12724
0.75     -0.239626     0.490472      4.34405
0.75     -0.239626     0.504543      2.67477
0.75     -0.239626     0.517938      1.53622
0.75     -0.239626     0.53072      0.788979
0.75     -0.239626     0.542942      0.360126
0.75     -0.239626     0.55465      0.119077
0.75     -0.239626     0.565888      0.0174933
0.75     -0.239626     0.57669      0.000110306
0.75     -0.239626     0.587089      0
0.75     -0.239626     0.597114      0
0.75     -0.239626     0.606792      0
0.75     -0.239626     0.616146      0
0.75     -0.239626     0.625196      0
0.75     -0.239626     0.633961      0
0.75     -0.239626     0.64246      0
0.75     -0.108332     0      0
0.75     -0.108332     0.073204      164.555
0.75     -0.108332     0.131139      278.239
0.75     -0.108332     0.179088      313.476
0.75     -0.108332     0.219993      300.068
0.75     -0.108332     0.255661      281.896
0.75     -0.108332     0.287281      280.989
0.75     -0.108332     0.31568      237.276
0.75     -0.108332     0.341454      194.997
0.75     -0.108332     0.365047      156.287
0.75     -0.108332     0.386799      122.937
0.75     -0.108332     0.406978      93.3142
0.75     -0.108332     0.425795      65.9775
0.75     -0.108332     0.443423      44.8275
0.75     -0.108332     0.460004      29.2733
0.75     -0.108332     0.475653      18.6018
0.75     -0.108332     0.490472      11.8192
0.75     -0.108332     0.504543      7.46463
0.75     -0.108332     0.517938      4.79341
0.75     -0.108332     0.53072      2.92369
0.75     -0.108332     0.542942      1.67961
0.75     -0.108332     0.55465      0.846347
0.75     -0.108332     0.565888      0.366243
0.75     -0.108332     0.57669      0.103339
0.75     -0.108332     0.587089      0.010529
0.75     -0.108332     0.597114      1.995e-06
0.75     -0.108332     0.606792      0
0.75     -0.108332     0.616146      0
0.75     -0.108332     0.625196      0
0.75     -0.108332     0.633961      0
0.75     -0.108332     0.64246      0
0.75     -2e-20     0      0
0.75     -2e-20     0.073204      174.624
0.75     -2e-20     0.131139      310.737
0.75     -2e-20     0.179088      366.849
0.75     -2e-20     0.219993      362.217
0.75     -2e-20     0.255661      356.298
0.75     -2e-20     0.287281      366.566
0.75     -2e-20     0.31568      330.05
0.75     -2e-20     0.341454      291.624
0.75     -2e-20     0.365047      238.565
0.75     -2e-20     0.386799      195.249
0.75     -2e-20     0.406978      156.154
0.75     -2e-20     0.425795      120.226
0.75     -2e-20     0.443423      85.5458
0.75     -2e-20     0.460004      59.51
0.75     -2e-20     0.475653      39.6544
0.75     -2e-20     0.490472      25.956
0.75     -2e-20     0.504543      17.1412
0.75     -2e-20     0.517938      11.1945
0.75     -2e-20     0.53072      7.20481
0.75     -2e-20     0.542942      4.55236
0.75     -2e-20     0.55465      2.69949
0.75     -2e-20     0.565888      1.45307
0.75     -2e-20     0.57669      0.708682
0.75     -2e-20     0.587089      0.262097
0.75     -2e-20     0.597114      0.0542784
0.75     -2e-20     0.606792      0.00273981
0.75     -2e-20     0.616146      0
0.75     -2e-20     0.625196      0
0.75     -2e-20     0.633961      0
0.75     -2e-20     0.64246      0
0.75     0.0922185     0      0
0.75     0.0922185     0.073204      184.418
0.75     0.0922185     0.131139      343.213
0.75     0.0922185     0.179088      426.408
0.75     0.0922185     0.219993      428.949
0.75     0.0922185     0.255661      439.548
0.75     0.0922185     0.287281      447.381
0.75     0.0922185     0.31568      424.579
0.75     0.0922185     0.341454      402.337
0.75     0.0922185     0.365047      342.502
0.75     0.0922185     0.386799      286.579
0.75     0.0922185     0.406978      235.878
0.75     0.0922185     0.425795      192.76
0.75     0.0922185     0.443423      148.382
0.75     0.0922185     0.460004      106.606
0.75     0.0922185     0.475653      73.6711
0.75     0.0922185     0.490472      50.3436
0.75     0.0922185     0.504543      34.1925
0.75     0.0922185     0.517938      22.5888
0.75     0.0922185     0.53072      14.8884
0.75     0.0922185     0.542942      9.77871
0.75     0.0922185     0.55465      6.25682
0.75     0.0922185     0.565888      3.76872
0.75     0.0922185     0.57669      2.10621
0.75     0.0922185     0.587089      1.05457
0.75     0.0922185     0.597114      0.429167
0.75     0.0922185     0.606792      0.115781
0.75     0.0922185     0.616146      0.0114021
0.75     0.0922185     0.625196      0
0.75     0.0922185     0.633961      0
0.75     0.0922185     0.64246      0
0.75     0.172502     0      0
0.75     0.172502     0.073204      193.14
0.75     0.172502     0.131139      375.352
0.75     0.172502     0.179088      484.371
0.75     0.172502     0.219993      501.325
0.75     0.172502     0.255661      506.567
0.75     0.172502     0.287281      533.577
0.75     0.172502     0.31568      521.122
0.75     0.172502     0.341454      514.511
0.75     0.172502     0.365047      467.471
0.75     0.172502     0.386799      409.5
0.75     0.172502     0.406978      340.811
0.75     0.172502     0.425795      284.275
0.75     0.172502     0.443423      231.328
0.75     0.172502     0.460004      177.607
0.75     0.172502     0.475653      128.177
0.75     0.172502     0.490472      88.797
0.75     0.172502     0.504543      60.4667
0.75     0.172502     0.517938      41.5647
0.75     0.172502     0.53072      27.638
0.75     0.172502     0.542942      18.2377
0.75     0.172502     0.55465      12.078
0.75     0.172502     0.565888      7.80898
0.75     0.172502     0.57669      4.79795
0.75     0.172502     0.587089      2.69599
0.75     0.172502     0.597114      1.33062
0.75     0.172502     0.606792      0.551689
0.75     0.172502     0.616146      0.1641
0.75     0.172502     0.625196      0.017904
0.75     0.172502     0.633961      2.16967e-07
0.75     0.172502     0.64246      0
0.75     0.243589     0      0
0.75     0.243589     0.073204      200.742
0.75     0.243589     0.131139      407.961
0.75     0.243589     0.179088      546.768
0.75     0.243589     0.219993      576.336
0.75     0.243589     0.255661      578.203
0.75     0.243589     0.287281      614.452
0.75     0.243589     0.31568      620.583
0.75     0.243589     0.341454      633.726
0.75     0.243589     0.365047      598.109
0.75     0.243589     0.386799      559.887
0.75     0.243589     0.406978      479.504
0.75     0.243589     0.425795      408.226
0.75     0.243589     0.443423      336.627
0.75     0.243589     0.460004      272.721
0.75     0.243589     0.475653      207.011
0.75     0.243589     0.490472      149.7
0.75     0.243589     0.504543      102.751
0.75     0.243589     0.517938      69.4183
0.75     0.243589     0.53072      47.1923
0.75     0.243589     0.542942      31.6094
0.75     0.243589     0.55465      20.6932
0.75     0.243589     0.565888      13.6869
0.75     0.243589     0.57669      8.8197
0.75     0.243589     0.587089      5.38814
0.75     0.243589     0.597114      2.95729
0.75     0.243589     0.606792      1.4275
0.75     0.243589     0.616146      0.57996
0.75     0.243589     0.625196      0.169252
0.75     0.243589     0.633961      0.0162387
0.75     0.243589     0.64246      0
0.75     0.307372     0      0
0.75     0.307372     0.073204      207.684
0.75     0.307372     0.131139      438.694
0.75     0.307372     0.179088      610.527
0.75     0.307372     0.219993      660.994
0.75     0.307372     0.255661      661.724
0.75     0.307372     0.287281      670.622
0.75     0.307372     0.31568      723.704
0.75     0.307372     0.341454      756.241
0.75     0.307372     0.365047      740.286
0.75     0.307372     0.386799      715.329
0.75     0.307372     0.406978      653.828
0.75     0.307372     0.425795      568.929
0.75     0.307372     0.443423      479.305
0.75     0.307372     0.460004      393.187
0.75     0.307372     0.475653      315.38
0.75     0.307372     0.490472      238.173
0.75     0.307372     0.504543      169.48
0.75     0.307372     0.517938      114.319
0.75     0.307372     0.53072      76.9416
0.75     0.307372     0.542942      51.4282
0.75     0.307372     0.55465      34.3347
0.75     0.307372     0.565888      22.5864
0.75     0.307372     0.57669      14.5922
0.75     0.307372     0.587089      9.14303
0.75     0.307372     0.597114      5.30788
0.75     0.307372     0.606792      2.72464
0.75     0.307372     0.616146      1.16339
0.75     0.307372     0.625196      0.343276
0.75     0.307372     0.633961      0.0432264
0.75     0.307372     0.64246      1.46634e-08
0.75     0.365212     0      0
0.75     0.365212     0.073204      213.543
0.75     0.365212     0.131139      467.452
0.75     0.365212     0.179088      676.527
0.75     0.365212     0.219993      750.594
0.75     0.365212     0.255661      746.385
0.75     0.365212     0.287281      747.533
0.75     0.365212     0.31568      812.686
0.75     0.365212     0.341454      887.303
0.75     0.365212     0.365047      895.83
0.75     0.365212     0.386799      883
0.75     0.365212     0.406978      840.383
0.75     0.365212     0.425795      778.57
0.75     0.365212     0.443423      662.337
0.75     0.365212     0.460004      558.124
0.75     0.365212     0.475653      451.852
0.75     0.365212     0.490472      358.764
0.75     0.365212     0.504543      267.499
0.75     0.365212     0.517938      186.815
0.75     0.365212     0.53072      124.68
0.75     0.365212     0.542942      81.9188
0.75     0.365212     0.55465      54.436
0.75     0.365212     0.565888      35.8389
0.75     0.365212     0.57669      23.0397
0.75     0.365212     0.587089      14.4487
0.75     0.365212     0.597114      8.61869
0.75     0.365212     0.606792      4.64286
0.75     0.365212     0.616146      2.09717
0.75     0.365212     0.625196      0.644093
0.75     0.365212     0.633961      0.0780775
0.75     0.365212     0.64246      1.84225e-08
0.75     0.418124     0      0
0.75     0.418124     0.073204      218.631
0.75     0.418124     0.131139      495.227
0.75     0.418124     0.179088      745.884
0.75     0.418124     0.219993      849.001
0.75     0.418124     0.255661      847.776
0.75     0.418124     0.287281      845.968
0.75     0.418124     0.31568      886.973
0.75     0.418124     0.341454      1013.4
0.75     0.418124     0.365047      1066.47
0.75     0.418124     0.386799      1066.47
0.75     0.418124     0.406978      1034.55
0.75     0.418124     0.425795      1016.09
0.75     0.418124     0.443423      921.815
0.75     0.418124     0.460004      761.802
0.75     0.418124     0.475653      642.141
0.75     0.418124     0.490472      511.345
0.75     0.418124     0.504543      398.818
0.75     0.418124     0.517938      293.67
0.75     0.418124     0.53072      202.991
0.75     0.418124     0.542942      130.41
0.75     0.418124     0.55465      84.0563
0.75     0.418124     0.565888      55.1657
0.75     0.418124     0.57669      35.3893
0.75     0.418124     0.587089      21.9484
0.75     0.418124     0.597114      12.8223
0.75     0.418124     0.606792      6.90211
0.75     0.418124     0.616146      3.17399
0.75     0.418124     0.625196      1.00022
0.75     0.418124     0.633961      0.123463
0.75     0.418124     0.64246      4.2269e-08
0.75     0.466881     0      0
0.75     0.466881     0.073204      223.317
0.75     0.466881     0.131139      522.472
0.75     0.466881     0.179088      815.468
0.75     0.466881     0.219993      955.293
0.75     0.466881     0.255661      968.354
0.75     0.466881     0.287281      953.015
0.75     0.466881     0.31568      973.548
0.75     0.466881     0.341454      1131.73
0.75     0.466881     0.365047      1231.02
0.75     0.466881     0.386799      1255.3
0.75     0.466881     0.406978      1252.11
0.75     0.466881     0.425795      1271.96
0.75     0.466881     0.443423      1212.12
0.75     0.466881     0.460004      1070.27
0.75     0.466881     0.475653      870.927
0.75     0.466881     0.490472      724.611
0.75     0.466881     0.504543      566.521
0.75     0.466881     0.517938      436.711
0.75     0.466881     0.53072      318.025
0.75     0.466881     0.542942      211.585
0.75     0.466881     0.55465      134.159
0.75     0.466881     0.565888      84.0259
0.75     0.466881     0.57669      53.5097
0.75     0.466881     0.587089      32.9112
0.75     0.466881     0.597114      18.955
0.75     0.466881     0.606792      9.72446
0.75     0.466881     0.616146      4.23961
0.75     0.466881     0.625196      1.29964
0.75     0.466881     0.633961      0.155957
0.75     0.466881     0.64246      5.22429e-08
0.75     0.512089     0      0
0.75     0.512089     0.073204      227.938
0.75     0.512089     0.131139      549.994
0.75     0.512089     0.179088      882.652
0.75     0.512089     0.219993      1063.57
0.75     0.512089     0.255661      1103.66
0.75     0.512089     0.287281      1064
0.75     0.512089     0.31568      1102.99
0.75     0.512089     0.341454      1229.41
0.75     0.512089     0.365047      1395.13
0.75     0.512089     0.386799      1461.14
0.75     0.512089     0.406978      1505.36
0.75     0.512089     0.425795      1565.84
0.75     0.512089     0.443423      1518.69
0.75     0.512089     0.460004      1417.42
0.75     0.512089     0.475653      1215.86
0.75     0.512089     0.490472      983.275
0.75     0.512089     0.504543      799.873
0.75     0.512089     0.517938      623.812
0.75     0.512089     0.53072      478.725
0.75     0.512089     0.542942      332.251
0.75     0.512089     0.55465      218.829
0.75     0.512089     0.565888      134.134
0.75     0.512089     0.57669      80.3307
0.75     0.512089     0.587089      49.6943
0.75     0.512089     0.597114      28.3318
0.75     0.512089     0.606792      14.3454
0.75     0.512089     0.616146      5.85322
0.75     0.512089     0.625196      1.63781
0.75     0.512089     0.633961      0.199002
0.75     0.512089     0.64246      6.35657e-08
0.75     0.55423     0      0
0.75     0.55423     0.073204      231.929
0.75     0.55423     0.131139      577.039
0.75     0.55423     0.179088      950.45
0.75     0.55423     0.219993      1179.46
0.75     0.55423     0.255661      1252.62
0.75     0.55423     0.287281      1199.75
0.75     0.55423     0.31568      1222.17
0.75     0.55423     0.341454      1357.35
0.75     0.55423     0.365047      1533.61
0.75     0.55423     0.386799      1665.42
0.75     0.55423     0.406978      1766.09
0.75     0.55423     0.425795      1864.56
0.75     0.55423     0.443423      1838.24
0.75     0.55423     0.460004      1776.87
0.75     0.55423     0.475653      1626.25
0.75     0.55423     0.490472      1357.93
0.75     0.55423     0.504543      1084.71
0.75     0.55423     0.517938      880.692
0.75     0.55423     0.53072      689.504
0.75     0.55423     0.542942      503.723
0.75     0.55423     0.55465      348.379
0.75     0.55423     0.565888      221.695
0.75     0.55423     0.57669      129.256
0.75     0.55423     0.587089      74.6841
0.75     0.55423     0.597114      43.3743
0.75     0.55423     0.606792      22.2226
0.75     0.55423     0.616146      9.21176
0.75     0.55423     0.625196      2.58695
0.75     0.55423     0.633961      0.263942
0.75     0.55423     0.64246      8.31169e-08
0.75     0.593693     0      0
0.75     0.593693     0.073204      235.283
0.75     0.593693     0.131139      601.19
0.75     0.593693     0.179088      1017.77
0.75     0.593693     0.219993      1310.06
0.75     0.593693     0.255661      1419.06
0.75     0.593693     0.287281      1358.04
0.75     0.593693     0.31568      1342.8
0.75     0.593693     0.341454      1516.6
0.75     0.593693     0.365047      1657.58
0.75     0.593693     0.386799      1876.21
0.75     0.593693     0.406978      2018.66
0.75     0.593693     0.425795      2182.37
0.75     0.593693     0.443423      2219.31
0.75     0.593693     0.460004      2177.3
0.75     0.593693     0.475653      2070.02
0.75     0.593693     0.490472      1833.62
0.75     0.593693     0.504543      1492.7
0.75     0.593693     0.517938      1198.8
0.75     0.593693     0.53072      972.872
0.75     0.593693     0.542942      730.442
0.75     0.593693     0.55465      532.167
0.75     0.593693     0.565888      359.614
0.75     0.593693     0.57669      217.85
0.75     0.593693     0.587089      119.818
0.75     0.593693     0.597114      64.2446
0.75     0.593693     0.606792      33.6199
0.75     0.593693     0.616146      14.7349
0.75     0.593693     0.625196      4.65645
0.75     0.593693     0.633961      0.653764
0.75     0.593693     0.64246      2.66578e-07
0.75     0.630798     0      0
0.75     0.630798     0.073204      238.09
0.75     0.630798     0.131139      623.05
0.75     0.630798     0.179088      1083.79
0.75     0.630798     0.219993      1443.1
0.75     0.630798     0.255661      1600.82
0.75     0.630798     0.287281      1549.5
0.75     0.630798     0.31568      1490.55
0.75     0.630798     0.341454      1640.22
0.75     0.630798     0.365047      1820.33
0.75     0.630798     0.386799      2018.83
0.75     0.630798     0.406978      2293.95
0.75     0.630798     0.425795      2506.58
0.75     0.630798     0.443423      2637.84
0.75     0.630798     0.460004      2643.49
0.75     0.630798     0.475653      2557.37
0.75     0.630798     0.490472      2360.25
0.75     0.630798     0.504543      2016.35
0.75     0.630798     0.517938      1650.26
0.75     0.630798     0.53072      1335.64
0.75     0.630798     0.542942      1030.77
0.75     0.630798     0.55465      784.003
0.75     0.630798     0.565888      556.383
0.75     0.630798     0.57669      361.255
0.75     0.630798     0.587089      205.907
0.75     0.630798     0.597114      102.591
0.75     0.630798     0.606792      47.729
0.75     0.630798     0.616146      21.075
0.75     0.630798     0.625196      6.68665
0.75     0.630798     0.633961      0.869677
0.75     0.630798     0.64246      3.30848e-07
0.75     0.665812     0      0
0.75     0.665812     0.073204      240.267
0.75     0.665812     0.131139      642.455
0.75     0.665812     0.179088      1146.13
0.75     0.665812     0.219993      1579.37
0.75     0.665812     0.255661      1800.5
0.75     0.665812     0.287281      1774.68
0.75     0.665812     0.31568      1675.55
0.75     0.665812     0.341454      1758.36
0.75     0.665812     0.365047      1996.99
0.75     0.665812     0.386799      2174.83
0.75     0.665812     0.406978      2509.29
0.75     0.665812     0.425795      2887.17
0.75     0.665812     0.443423      3050.14
0.75     0.665812     0.460004      3171.58
0.75     0.665812     0.475653      3088.9
0.75     0.665812     0.490472      2892.06
0.75     0.665812     0.504543      2603.16
0.75     0.665812     0.517938      2255.02
0.75     0.665812     0.53072      1831.86
0.75     0.665812     0.542942      1425.16
0.75     0.665812     0.55465      1114.78
0.75     0.665812     0.565888      830.844
0.75     0.665812     0.57669      572.317
0.75     0.665812     0.587089      348.957
0.75     0.665812     0.597114      181.576
0.75     0.665812     0.606792      75.3337
0.75     0.665812     0.616146      28.9742
0.75     0.665812     0.625196      9.13223
0.75     0.665812     0.633961      1.25336
0.75     0.665812     0.64246      5.01762e-07
0.75     0.698958     0      0
0.75     0.698958     0.073204      241.838
0.75     0.698958     0.131139      659.189
0.75     0.698958     0.179088      1205.98
0.75     0.698958     0.219993      1717.27
0.75     0.698958     0.255661      2022.91
0.75     0.698958     0.287281      2022.53
0.75     0.698958     0.31568      1908.91
0.75     0.698958     0.341454      1913.51
0.75     0.698958     0.365047      2107.72
0.75     0.698958     0.386799      2382.13
0.75     0.698958     0.406978      2665.85
0.75     0.698958     0.425795      3281.93
0.75     0.698958     0.443423      3530.28
0.75     0.698958     0.460004      3678.96
0.75     0.698958     0.475653      3671.7
0.75     0.698958     0.490472      3475.08
0.75     0.698958     0.504543      3210.2
0.75     0.698958     0.517938      2936.47
0.75     0.698958     0.53072      2534.12
0.75     0.698958     0.542942      1952.2
0.75     0.698958     0.55465      1551.12
0.75     0.698958     0.565888      1191.59
0.75     0.698958     0.57669      878.818
0.75     0.698958     0.587089      570.637
0.75     0.698958     0.597114      317.453
0.75     0.698958     0.606792      140.177
0.75     0.698958     0.616146      45.1942
0.75     0.698958     0.625196      11.8805
0.75     0.698958     0.633961      1.5616
0.75     0.698958     0.64246      6.15741e-07
0.75     0.730425     0      0
0.75     0.730425     0.073204      242.849
0.75     0.730425     0.131139      672.965
0.75     0.730425     0.179088      1260.86
0.75     0.730425     0.219993      1853.84
0.75     0.730425     0.255661      2252.39
0.75     0.730425     0.287281      2299.8
0.75     0.730425     0.31568      2177.88
0.75     0.730425     0.341454      2127.8
0.75     0.730425     0.365047      2238.81
0.75     0.730425     0.386799      2551.93
0.75     0.730425     0.406978      2870.9
0.75     0.730425     0.425795      3471.09
0.75     0.730425     0.443423      4058.99
0.75     0.730425     0.460004      4259.97
0.75     0.730425     0.475653      4310.26
0.75     0.730425     0.490472      4151.45
0.75     0.730425     0.504543      3859.43
0.75     0.730425     0.517938      3704.19
0.75     0.730425     0.53072      3351.42
0.75     0.730425     0.542942      2717.54
0.75     0.730425     0.55465      2128.79
0.75     0.730425     0.565888      1666.61
0.75     0.730425     0.57669      1326.32
0.75     0.730425     0.587089      890.869
0.75     0.730425     0.597114      535.788
0.75     0.730425     0.606792      264.166
0.75     0.730425     0.616146      94.2547
0.75     0.730425     0.625196      18.6948
0.75     0.730425     0.633961      2.09905
0.75     0.730425     0.64246      8.28324e-07
0.75     0.760374     0      0
0.75     0.760374     0.073204      243.309
0.75     0.760374     0.131139      683.377
0.75     0.760374     0.179088      1311.77
0.75     0.760374     0.219993      1984.25
0.75     0.760374     0.255661      2492.67
0.75     0.760374     0.287281      2614.96
0.75     0.760374     0.31568      2481.95
0.75     0.760374     0.341454      2393.67
0.75     0.760374     0.365047      2403.07
0.75     0.760374     0.386799      2663.48
0.75     0.760374     0.406978      3099.42
0.75     0.760374     0.425795      3672.39
0.75     0.760374     0.443423      4360.29
0.75     0.760374     0.460004      4935.57
0.75     0.760374     0.475653      5094.67
0.75     0.760374     0.490472      4930.44
0.75     0.760374     0.504543      4644.96
0.75     0.760374     0.517938      4547.9
0.75     0.760374     0.53072      4283.52
0.75     0.760374     0.542942      3650.12
0.75     0.760374     0.55465      2999.14
0.75     0.760374     0.565888      2292.33
0.75     0.760374     0.57669      1963.04
0.75     0.760374     0.587089      1344.01
0.75     0.760374     0.597114      866.606
0.75     0.760374     0.606792      477.005
0.75     0.760374     0.616146      203.922
0.75     0.760374     0.625196      51.57
0.75     0.760374     0.633961      3.55441
0.75     0.760374     0.64246      1.223e-06
0.75     0.788947     0      0
0.75     0.788947     0.073204      243.125
0.75     0.788947     0.131139      691.787
0.75     0.788947     0.179088      1357.67
0.75     0.788947     0.219993      2110.65
0.75     0.788947     0.255661      2738.15
0.75     0.788947     0.287281      2956.26
0.75     0.788947     0.31568      2837.26
0.75     0.788947     0.341454      2694.93
0.75     0.788947     0.365047      2646.87
0.75     0.788947     0.386799      2814.31
0.75     0.788947     0.406978      3234.43
0.75     0.788947     0.425795      3927.2
0.75     0.788947     0.443423      4589.02
0.75     0.788947     0.460004      5447.69
0.75     0.788947     0.475653      5941.12
0.75     0.788947     0.490472      5871.92
0.75     0.788947     0.504543      5560.84
0.75     0.788947     0.517938      5561.09
0.75     0.788947     0.53072      5323.15
0.75     0.788947     0.542942      4715.19
0.75     0.788947     0.55465      4117.61
0.75     0.788947     0.565888      3259.12
0.75     0.788947     0.57669      2818.65
0.75     0.788947     0.587089      1962.82
0.75     0.788947     0.597114      1340.57
0.75     0.788947     0.606792      808.343
0.75     0.788947     0.616146      404.457
0.75     0.788947     0.625196      136.647
0.75     0.788947     0.633961      18.4933
0.75     0.788947     0.64246      1.93844e-06
0.75     0.816262     0      0
0.75     0.816262     0.073204      242.262
0.75     0.816262     0.131139      697.456
0.75     0.816262     0.179088      1398.62
0.75     0.816262     0.219993      2227.52
0.75     0.816262     0.255661      2982.92
0.75     0.816262     0.287281      3319.79
0.75     0.816262     0.31568      3259.26
0.75     0.816262     0.341454      3039.54
0.75     0.816262     0.365047      2942.13
0.75     0.816262     0.386799      3025.97
0.75     0.816262     0.406978      3390.94
0.75     0.816262     0.425795      4124.26
0.75     0.816262     0.443423      4877.88
0.75     0.816262     0.460004      5733.48
0.75     0.816262     0.475653      6664.66
0.75     0.816262     0.490472      6896.53
0.75     0.816262     0.504543      6661
0.75     0.816262     0.517938      6779.52
0.75     0.816262     0.53072      6557.9
0.75     0.816262     0.542942      5912.45
0.75     0.816262     0.55465      5436.12
0.75     0.816262     0.565888      4553.8
0.75     0.816262     0.57669      4127.93
0.75     0.816262     0.587089      2783.9
0.75     0.816262     0.597114      1972.84
0.75     0.816262     0.606792      1269.58
0.75     0.816262     0.616146      705.264
0.75     0.816262     0.625196      278.689
0.75     0.816262     0.633961      49.9713
0.75     0.816262     0.64246      2.99081e-05
0.75     0.842428     0      0
0.75     0.842428     0.073204      240.806
0.75     0.842428     0.131139      701.564
0.75     0.842428     0.179088      1431.35
0.75     0.842428     0.219993      2337.82
0.75     0.842428     0.255661      3217.8
0.75     0.842428     0.287281      3707.71
0.75     0.842428     0.31568      3722.49
0.75     0.842428     0.341454      3487.19
0.75     0.842428     0.365047      3281.93
0.75     0.842428     0.386799      3298.65
0.75     0.842428     0.406978      3588.24
0.75     0.842428     0.425795      4260.34
0.75     0.842428     0.443423      5150.75
0.75     0.842428     0.460004      6110.62
0.75     0.842428     0.475653      7006.3
0.75     0.842428     0.490472      7788.07
0.75     0.842428     0.504543      7896.3
0.75     0.842428     0.517938      8217.73
0.75     0.842428     0.53072      8108.63
0.75     0.842428     0.542942      7296.21
0.75     0.842428     0.55465      6940.68
0.75     0.842428     0.565888      6146.91
0.75     0.842428     0.57669      5938.08
0.75     0.842428     0.587089      4087.51
0.75     0.842428     0.597114      2803.6
0.75     0.842428     0.606792      1881.29
0.75     0.842428     0.616146      1138.52
0.75     0.842428     0.625196      464.365
0.75     0.842428     0.633961      84.9427
0.75     0.842428     0.64246      4.87848e-05
0.75     0.867536     0      0
0.75     0.867536     0.073204      238.727
0.75     0.867536     0.131139      702.595
0.75     0.867536     0.179088      1453.77
0.75     0.867536     0.219993      2434.51
0.75     0.867536     0.255661      3439.53
0.75     0.867536     0.287281      4106.71
0.75     0.867536     0.31568      4233.91
0.75     0.867536     0.341454      4004.06
0.75     0.867536     0.365047      3705.59
0.75     0.867536     0.386799      3631.21
0.75     0.867536     0.406978      3870.14
0.75     0.867536     0.425795      4454.37
0.75     0.867536     0.443423      5270.31
0.75     0.867536     0.460004      6516.05
0.75     0.867536     0.475653      7538.2
0.75     0.867536     0.490472      8197.63
0.75     0.867536     0.504543      8916.84
0.75     0.867536     0.517938      10022.2
0.75     0.867536     0.53072      9904.5
0.75     0.867536     0.542942      9114.79
0.75     0.867536     0.55465      8737.76
0.75     0.867536     0.565888      7977.31
0.75     0.867536     0.57669      8261.34
0.75     0.867536     0.587089      6002.78
0.75     0.867536     0.597114      4138.68
0.75     0.867536     0.606792      2674.45
0.75     0.867536     0.616146      1764.1
0.75     0.867536     0.625196      751.312
0.75     0.867536     0.633961      121.252
0.75     0.867536     0.64246      6.24489e-05
0.75     0.891668     0      0
0.75     0.891668     0.073204      236.374
0.75     0.891668     0.131139      699.565
0.75     0.891668     0.179088      1463.87
0.75     0.891668     0.219993      2510.7
0.75     0.891668     0.255661      3644.02
0.75     0.891668     0.287281      4499.87
0.75     0.891668     0.31568      4783.21
0.75     0.891668     0.341454      4593.48
0.75     0.891668     0.365047      4223.52
0.75     0.891668     0.386799      4057.29
0.75     0.891668     0.406978      4177.17
0.75     0.891668     0.425795      4727.32
0.75     0.891668     0.443423      5454.91
0.75     0.891668     0.460004      6615.13
0.75     0.891668     0.475653      8085.35
0.75     0.891668     0.490472      8838.4
0.75     0.891668     0.504543      9419.75
0.75     0.891668     0.517938      11413.1
0.75     0.891668     0.53072      12426.1
0.75     0.891668     0.542942      11382.5
0.75     0.891668     0.55465      11035
0.75     0.891668     0.565888      10248.2
0.75     0.891668     0.57669      10967.5
0.75     0.891668     0.587089      8557.11
0.75     0.891668     0.597114      6187.14
0.75     0.891668     0.606792      3949.39
0.75     0.891668     0.616146      2632.21
0.75     0.891668     0.625196      1261.04
0.75     0.891668     0.633961      200.893
0.75     0.891668     0.64246      0.00010516
0.75     0.914898     0      0
0.75     0.914898     0.073204      233.253
0.75     0.914898     0.131139      691.768
0.75     0.914898     0.179088      1461.21
0.75     0.914898     0.219993      2560.34
0.75     0.914898     0.255661      3822.35
0.75     0.914898     0.287281      4866.85
0.75     0.914898     0.31568      5364.36
0.75     0.914898     0.341454      5251.21
0.75     0.914898     0.365047      4842.05
0.75     0.914898     0.386799      4577.72
0.75     0.914898     0.406978      4593
0.75     0.914898     0.425795      4969.76
0.75     0.914898     0.443423      5666.15
0.75     0.914898     0.460004      6762.6
0.75     0.914898     0.475653      8131.85
0.75     0.914898     0.490472      9337.01
0.75     0.914898     0.504543      10220.3
0.75     0.914898     0.517938      12269.5
0.75     0.914898     0.53072      14134.3
0.75     0.914898     0.542942      14478.9
0.75     0.914898     0.55465      14515.1
0.75     0.914898     0.565888      13275.5
0.75     0.914898     0.57669      14314.3
0.75     0.914898     0.587089      11585.6
0.75     0.914898     0.597114      9004.16
0.75     0.914898     0.606792      6064.72
0.75     0.914898     0.616146      3996.01
0.75     0.914898     0.625196      2113.21
0.75     0.914898     0.633961      372.207
0.75     0.914898     0.64246      0.000187307
0.75     0.937291     0      0
0.75     0.937291     0.073204      229.015
0.75     0.937291     0.131139      678.033
0.75     0.937291     0.179088      1442.08
0.75     0.937291     0.219993      2571.86
0.75     0.937291     0.255661      3955.65
0.75     0.937291     0.287281      5198.56
0.75     0.937291     0.31568      5933.2
0.75     0.937291     0.341454      5963.93
0.75     0.937291     0.365047      5548.48
0.75     0.937291     0.386799      5200.26
0.75     0.937291     0.406978      5145.51
0.75     0.937291     0.425795      5386.61
0.75     0.937291     0.443423      5823.78
0.75     0.937291     0.460004      6835.16
0.75     0.937291     0.475653      8117.45
0.75     0.937291     0.490472      9289.27
0.75     0.937291     0.504543      10512.2
0.75     0.937291     0.517938      13237.9
0.75     0.937291     0.53072      15209.4
0.75     0.937291     0.542942      16364.3
0.75     0.937291     0.55465      18303.2
0.75     0.937291     0.565888      18079.7
0.75     0.937291     0.57669      19005.2
0.75     0.937291     0.587089      15761.2
0.75     0.937291     0.597114      12463.2
0.75     0.937291     0.606792      9024.45
0.75     0.937291     0.616146      6366.63
0.75     0.937291     0.625196      3464.24
0.75     0.937291     0.633961      606.071
0.75     0.937291     0.64246      0.000296426
0.75     0.958905     0      0
0.75     0.958905     0.073204      223.238
0.75     0.958905     0.131139      659.388
0.75     0.958905     0.179088      1406.93
0.75     0.958905     0.219993      2537.38
0.75     0.958905     0.255661      4009.42
0.75     0.958905     0.287281      5451.83
0.75     0.958905     0.31568      6434.09
0.75     0.958905     0.341454      6686
0.75     0.958905     0.365047      6312.08
0.75     0.958905     0.386799      5895.89
0.75     0.958905     0.406978      5772.95
0.75     0.958905     0.425795      5853.85
0.75     0.958905     0.443423      6267.96
0.75     0.958905     0.460004      6930.63
0.75     0.958905     0.475653      7912.88
0.75     0.958905     0.490472      9037.22
0.75     0.958905     0.504543      10136.9
0.75     0.958905     0.517938      13133.5
0.75     0.958905     0.53072      16002.3
0.75     0.958905     0.542942      17875.6
0.75     0.958905     0.55465      20940.7
0.75     0.958905     0.565888      22641.9
0.75     0.958905     0.57669      25280.9
0.75     0.958905     0.587089      23544.5
0.75     0.958905     0.597114      18062.9
0.75     0.958905     0.606792      12956.5
0.75     0.958905     0.616146      9959.34
0.75     0.958905     0.625196      5815.82
0.75     0.958905     0.633961      928.186
0.75     0.958905     0.64246      0.000493077
0.75     0.979792     0      0
0.75     0.979792     0.073204      216.106
0.75     0.979792     0.131139      633.764
0.75     0.979792     0.179088      1348.87
0.75     0.979792     0.219993      2435.51
0.75     0.979792     0.255661      3933.09
0.75     0.979792     0.287281      5536.91
0.75     0.979792     0.31568      6793.49
0.75     0.979792     0.341454      7293.48
0.75     0.979792     0.365047      7017.97
0.75     0.979792     0.386799      6594.8
0.75     0.979792     0.406978      6433.7
0.75     0.979792     0.425795      6528.58
0.75     0.979792     0.443423      6724.69
0.75     0.979792     0.460004      7193.35
0.75     0.979792     0.475653      7947.44
0.75     0.979792     0.490472      8457.91
0.75     0.979792     0.504543      9123.4
0.75     0.979792     0.517938      11845.4
0.75     0.979792     0.53072      15004.4
0.75     0.979792     0.542942      17917.5
0.75     0.979792     0.55465      23710.6
0.75     0.979792     0.565888      26830.2
0.75     0.979792     0.57669      30922.6
0.75     0.979792     0.587089      34331
0.75     0.979792     0.597114      30948.8
0.75     0.979792     0.606792      21856.9
0.75     0.979792     0.616146      15131.8
0.75     0.979792     0.625196      9422.16
0.75     0.979792     0.633961      1951.62
0.75     0.979792     0.64246      0.000704426
0.75     1     0      0
0.75     1     0.073204      207.995
0.75     1     0.131139      598.926
0.75     1     0.179088      1246.99
0.75     1     0.219993      2247.51
0.75     1     0.255661      3653.27
0.75     1     0.287281      5252.35
0.75     1     0.31568      6652.84
0.75     1     0.341454      7440.06
0.75     1     0.365047      7476.67
0.75     1     0.386799      7128.36
0.75     1     0.406978      6883.61
0.75     1     0.425795      7225.73
0.75     1     0.443423      7282.28
0.75     1     0.460004      7733.94
0.75     1     0.475653      7914.54
0.75     1     0.490472      7942.96
0.75     1     0.504543      7890.24
0.75     1     0.517938      9571.82
0.75     1     0.53072      11890
0.75     1     0.542942      14378.7
0.75     1     0.55465      21098.9
0.75     1     0.565888      28980.5
0.75     1     0.57669      39091.7
0.75     1     0.587089      47339.3
0.75     1     0.597114      46716.2
0.75     1     0.606792      38691.1
0.75     1     0.616146      24445
0.75     1     0.625196      10103.4
0.75     1     0.633961      2255.44
0.75     1     0.64246      3.05917
