                 2.5              0.8000              0.9995           5370.8132
          2.50000000              0.8000              1.1688           6261.8448
          2.50000000              0.8000              1.3029           8862.9939
          2.50000000              0.8000              1.4138           8864.1587
          2.50000000              0.8000              1.5084           6460.8907
          2.50000000              0.8000              1.5909           5286.2246
          2.50000000              0.8000              1.6641           3434.4829
          2.50000000              0.8000              1.7297           2105.6769
          2.50000000              0.8000              1.7894           1695.3256
          2.50000000              0.8000              1.8439           1462.8354
          2.50000000              0.8000              1.8943           1100.7116
          2.50000000              0.8000              1.9409            621.3687
          2.50000000              0.8000              1.9845            353.7243
          2.50000000              0.8000              2.0253            200.8388
          2.50000000              0.8000              2.0636            104.7615
          2.50000000              0.8000              2.0998             41.3346
          2.50000000              0.8000              2.1341             11.2089
          2.50000000              0.8000              2.1666              0.6084
          2.50000000              0.8000              2.1976              0.0000
          2.50000000              0.8000              2.2272              0.0000
          2.50000000              0.8000              2.2555              0.0000
          2.50000000              0.8000              2.2826              0.0000
          2.50000000              0.8000              2.3085              0.0000
          2.50000000              0.8000              2.3335              0.0000
          2.50000000              0.8000              2.3576              0.0000
          2.50000000              0.8000              2.3808              0.0000
          2.50000000              0.8000              2.4032              0.0000
          2.50000000              0.8000              2.4248              0.0000
          2.50000000              0.8000              2.4457              0.0000
          2.50000000              0.8000              2.4660              0.0000
          2.50000000              0.8000              2.4857              0.0000
          2.50000000              0.8365              0.9995           6602.5664
          2.50000000              0.8365              1.1688           6734.6663
          2.50000000              0.8365              1.3029           9614.0744
          2.50000000              0.8365              1.4138          12719.2209
          2.50000000              0.8365              1.5084          13092.8206
          2.50000000              0.8365              1.5909          11294.8428
          2.50000000              0.8365              1.6641           8083.1035
          2.50000000              0.8365              1.7297           5581.1308
          2.50000000              0.8365              1.7894           4190.7639
          2.50000000              0.8365              1.8439           3130.2637
          2.50000000              0.8365              1.8943           2729.6321
          2.50000000              0.8365              1.9409           2155.9150
          2.50000000              0.8365              1.9845           1575.1814
          2.50000000              0.8365              2.0253            983.8518
          2.50000000              0.8365              2.0636            598.0366
          2.50000000              0.8365              2.0998            310.2464
          2.50000000              0.8365              2.1341            172.1421
          2.50000000              0.8365              2.1666             83.5427
          2.50000000              0.8365              2.1976             24.3594
          2.50000000              0.8365              2.2272              5.0360
          2.50000000              0.8365              2.2555              0.0015
          2.50000000              0.8365              2.2826              0.0000
          2.50000000              0.8365              2.3085              0.0000
          2.50000000              0.8365              2.3335              0.0000
          2.50000000              0.8365              2.3576              0.0000
          2.50000000              0.8365              2.3808              0.0000
          2.50000000              0.8365              2.4032              0.0000
          2.50000000              0.8365              2.4248              0.0000
          2.50000000              0.8365              2.4457              0.0000
          2.50000000              0.8365              2.4660              0.0000
          2.50000000              0.8365              2.4857              0.0000
          2.50000000              0.8594              0.9995           7609.5250
          2.50000000              0.8594              1.1688           7159.7146
          2.50000000              0.8594              1.3029          10094.8853
          2.50000000              0.8594              1.4138          13346.5355
          2.50000000              0.8594              1.5084          15917.8604
          2.50000000              0.8594              1.5909          16905.3400
          2.50000000              0.8594              1.6641          13522.4173
          2.50000000              0.8594              1.7297           8947.8831
          2.50000000              0.8594              1.7894           5397.1989
          2.50000000              0.8594              1.8439           5220.4949
          2.50000000              0.8594              1.8943           5222.0707
          2.50000000              0.8594              1.9409           3814.6008
          2.50000000              0.8594              1.9845           3156.4828
          2.50000000              0.8594              2.0253           2571.6832
          2.50000000              0.8594              2.0636           1691.7104
          2.50000000              0.8594              2.0998           1004.2430
          2.50000000              0.8594              2.1341            616.4258
          2.50000000              0.8594              2.1666            318.2612
          2.50000000              0.8594              2.1976            167.4204
          2.50000000              0.8594              2.2272             86.1245
          2.50000000              0.8594              2.2555             27.6386
          2.50000000              0.8594              2.2826              5.2332
          2.50000000              0.8594              2.3085              0.0581
          2.50000000              0.8594              2.3335              0.0000
          2.50000000              0.8594              2.3576              0.0000
          2.50000000              0.8594              2.3808              0.0000
          2.50000000              0.8594              2.4032              0.0000
          2.50000000              0.8594              2.4248              0.0000
          2.50000000              0.8594              2.4457              0.0000
          2.50000000              0.8594              2.4660              0.0000
          2.50000000              0.8594              2.4857              0.0000
          2.50000000              0.8760              0.9995           8606.1687
          2.50000000              0.8760              1.1688           8094.4670
          2.50000000              0.8760              1.3029          10201.6873
          2.50000000              0.8760              1.4138          13576.5936
          2.50000000              0.8760              1.5084          17365.7556
          2.50000000              0.8760              1.5909          20836.8751
          2.50000000              0.8760              1.6641          20403.4317
          2.50000000              0.8760              1.7297          15607.6842
          2.50000000              0.8760              1.7894           9690.2296
          2.50000000              0.8760              1.8439           6863.6620
          2.50000000              0.8760              1.8943           7815.5015
          2.50000000              0.8760              1.9409           5895.6440
          2.50000000              0.8760              1.9845           4897.3971
          2.50000000              0.8760              2.0253           4145.4252
          2.50000000              0.8760              2.0636           3573.1488
          2.50000000              0.8760              2.0998           2443.0091
          2.50000000              0.8760              2.1341           1444.5525
          2.50000000              0.8760              2.1666            871.9065
          2.50000000              0.8760              2.1976            514.8690
          2.50000000              0.8760              2.2272            274.4937
          2.50000000              0.8760              2.2555            133.8192
          2.50000000              0.8760              2.2826             59.1543
          2.50000000              0.8760              2.3085             16.6899
          2.50000000              0.8760              2.3335              1.7823
          2.50000000              0.8760              2.3576              0.0000
          2.50000000              0.8760              2.3808              0.0000
          2.50000000              0.8760              2.4032              0.0000
          2.50000000              0.8760              2.4248              0.0000
          2.50000000              0.8760              2.4457              0.0000
          2.50000000              0.8760              2.4660              0.0000
          2.50000000              0.8760              2.4857              0.0000
          2.50000000              0.8892              0.9995           9513.9545
          2.50000000              0.8892              1.1688           9014.2044
          2.50000000              0.8892              1.3029          10299.9013
          2.50000000              0.8892              1.4138          14082.5541
          2.50000000              0.8892              1.5084          18122.5624
          2.50000000              0.8892              1.5909          22521.4199
          2.50000000              0.8892              1.6641          26881.9689
          2.50000000              0.8892              1.7297          23009.6745
          2.50000000              0.8892              1.7894          17527.9438
          2.50000000              0.8892              1.8439          11756.1005
          2.50000000              0.8892              1.8943           9780.0671
          2.50000000              0.8892              1.9409           9129.0178
          2.50000000              0.8892              1.9845           7413.8050
          2.50000000              0.8892              2.0253           6192.7358
          2.50000000              0.8892              2.0636           5306.7984
          2.50000000              0.8892              2.0998           4467.2518
          2.50000000              0.8892              2.1341           3139.7356
          2.50000000              0.8892              2.1666           1861.6506
          2.50000000              0.8892              2.1976           1122.4829
          2.50000000              0.8892              2.2272            668.4700
          2.50000000              0.8892              2.2555            348.9420
          2.50000000              0.8892              2.2826            187.7695
          2.50000000              0.8892              2.3085             85.4479
          2.50000000              0.8892              2.3335             28.8849
          2.50000000              0.8892              2.3576              4.4360
          2.50000000              0.8892              2.3808              0.0031
          2.50000000              0.8892              2.4032              0.0000
          2.50000000              0.8892              2.4248              0.0000
          2.50000000              0.8892              2.4457              0.0000
          2.50000000              0.8892              2.4660              0.0000
          2.50000000              0.8892              2.4857              0.0000
          2.50000000              0.9000              0.9995          10289.8101
          2.50000000              0.9000              1.1688           9902.4206
          2.50000000              0.9000              1.3029          10587.8521
          2.50000000              0.9000              1.4138          14485.2687
          2.50000000              0.9000              1.5084          18249.7298
          2.50000000              0.9000              1.5909          23980.5816
          2.50000000              0.9000              1.6641          29120.0566
          2.50000000              0.9000              1.7297          30454.1447
          2.50000000              0.9000              1.7894          25157.2982
          2.50000000              0.9000              1.8439          17784.8036
          2.50000000              0.9000              1.8943          15586.4216
          2.50000000              0.9000              1.9409          11163.6241
          2.50000000              0.9000              1.9845          11507.5000
          2.50000000              0.9000              2.0253           9214.0524
          2.50000000              0.9000              2.0636           7363.5456
          2.50000000              0.9000              2.0998           6461.8848
          2.50000000              0.9000              2.1341           5267.3627
          2.50000000              0.9000              2.1666           3805.6525
          2.50000000              0.9000              2.1976           2303.2733
          2.50000000              0.9000              2.2272           1349.9536
          2.50000000              0.9000              2.2555            778.2694
          2.50000000              0.9000              2.2826            418.1474
          2.50000000              0.9000              2.3085            219.3811
          2.50000000              0.9000              2.3335            104.4135
          2.50000000              0.9000              2.3576             33.9843
          2.50000000              0.9000              2.3808              6.4013
          2.50000000              0.9000              2.4032              0.0365
          2.50000000              0.9000              2.4248              0.0000
          2.50000000              0.9000              2.4457              0.0000
          2.50000000              0.9000              2.4660              0.0000
          2.50000000              0.9000              2.4857              0.0000
          2.50000000              0.9092              0.9995          10934.9285
          2.50000000              0.9092              1.1688          10721.3792
          2.50000000              0.9092              1.3029          11033.1472
          2.50000000              0.9092              1.4138          14402.8570
          2.50000000              0.9092              1.5084          18138.8987
          2.50000000              0.9092              1.5909          24900.1727
          2.50000000              0.9092              1.6641          31427.4806
          2.50000000              0.9092              1.7297          35728.7909
          2.50000000              0.9092              1.7894          33402.9053
          2.50000000              0.9092              1.8439          26471.5143
          2.50000000              0.9092              1.8943          20294.0707
          2.50000000              0.9092              1.9409          16878.6948
          2.50000000              0.9092              1.9845          14329.0052
          2.50000000              0.9092              2.0253          13594.6529
          2.50000000              0.9092              2.0636          10909.0112
          2.50000000              0.9092              2.0998           8925.0912
          2.50000000              0.9092              2.1341           7900.1714
          2.50000000              0.9092              2.1666           6063.1621
          2.50000000              0.9092              2.1976           4448.5470
          2.50000000              0.9092              2.2272           2680.3127
          2.50000000              0.9092              2.2555           1495.1867
          2.50000000              0.9092              2.2826            852.2767
          2.50000000              0.9092              2.3085            463.3562
          2.50000000              0.9092              2.3335            240.4186
          2.50000000              0.9092              2.3576            108.5722
          2.50000000              0.9092              2.3808             36.6668
          2.50000000              0.9092              2.4032              6.4314
          2.50000000              0.9092              2.4248              0.0079
          2.50000000              0.9092              2.4457              0.0000
          2.50000000              0.9092              2.4660              0.0000
          2.50000000              0.9092              2.4857              0.0000
          2.50000000              0.9173              0.9995          11547.2747
          2.50000000              0.9173              1.1688          11488.2874
          2.50000000              0.9173              1.3029          11577.1568
          2.50000000              0.9173              1.4138          14478.5271
          2.50000000              0.9173              1.5084          17944.2966
          2.50000000              0.9173              1.5909          25076.4034
          2.50000000              0.9173              1.6641          32912.9206
          2.50000000              0.9173              1.7297          39117.7828
          2.50000000              0.9173              1.7894          42596.2960
          2.50000000              0.9173              1.8439          35514.2419
          2.50000000              0.9173              1.8943          29628.8856
          2.50000000              0.9173              1.9409          22818.1717
          2.50000000              0.9173              1.9845          18445.9169
          2.50000000              0.9173              2.0253          17290.3956
          2.50000000              0.9173              2.0636          14411.6601
          2.50000000              0.9173              2.0998          13788.5135
          2.50000000              0.9173              2.1341          12133.8462
          2.50000000              0.9173              2.1666           8594.5675
          2.50000000              0.9173              2.1976           6940.6346
          2.50000000              0.9173              2.2272           4909.0069
          2.50000000              0.9173              2.2555           2881.8465
          2.50000000              0.9173              2.2826           1576.4900
          2.50000000              0.9173              2.3085            889.9154
          2.50000000              0.9173              2.3335            466.9445
          2.50000000              0.9173              2.3576            242.4809
          2.50000000              0.9173              2.3808            102.5365
          2.50000000              0.9173              2.4032             31.4976
          2.50000000              0.9173              2.4248              4.1946
          2.50000000              0.9173              2.4457              0.0000
          2.50000000              0.9173              2.4660              0.0000
          2.50000000              0.9173              2.4857              0.0000
          2.50000000              0.9244              0.9995          12089.5405
          2.50000000              0.9244              1.1688          12161.5214
          2.50000000              0.9244              1.3029          12127.0251
          2.50000000              0.9244              1.4138          14636.8399
          2.50000000              0.9244              1.5084          17458.2783
          2.50000000              0.9244              1.5909          24990.4635
          2.50000000              0.9244              1.6641          34293.1480
          2.50000000              0.9244              1.7297          41833.1649
          2.50000000              0.9244              1.7894          46783.2907
          2.50000000              0.9244              1.8439          44941.4638
          2.50000000              0.9244              1.8943          38099.0237
          2.50000000              0.9244              1.9409          30165.4667
          2.50000000              0.9244              1.9845          24596.4311
          2.50000000              0.9244              2.0253          21076.0043
          2.50000000              0.9244              2.0636          18981.2836
          2.50000000              0.9244              2.0998          17693.3008
          2.50000000              0.9244              2.1341          19317.9800
          2.50000000              0.9244              2.1666          12729.8591
          2.50000000              0.9244              2.1976           9519.4741
          2.50000000              0.9244              2.2272           7622.9363
          2.50000000              0.9244              2.2555           5169.5228
          2.50000000              0.9244              2.2826           2902.5141
          2.50000000              0.9244              2.3085           1582.2099
          2.50000000              0.9244              2.3335            881.7315
          2.50000000              0.9244              2.3576            452.6003
          2.50000000              0.9244              2.3808            217.2736
          2.50000000              0.9244              2.4032             85.9429
          2.50000000              0.9244              2.4248             21.7048
          2.50000000              0.9244              2.4457              1.3161
          2.50000000              0.9244              2.4660              0.0000
          2.50000000              0.9244              2.4857              0.0000
          2.50000000              0.9307              0.9995          12558.9436
          2.50000000              0.9307              1.1688          12798.9439
          2.50000000              0.9307              1.3029          12639.7507
          2.50000000              0.9307              1.4138          15003.4764
          2.50000000              0.9307              1.5084          16947.5832
          2.50000000              0.9307              1.5909          24709.0885
          2.50000000              0.9307              1.6641          34824.6318
          2.50000000              0.9307              1.7297          43812.6078
          2.50000000              0.9307              1.7894          50924.9761
          2.50000000              0.9307              1.8439          52396.2685
          2.50000000              0.9307              1.8943          47825.1938
          2.50000000              0.9307              1.9409          38646.1184
          2.50000000              0.9307              1.9845          32681.5658
          2.50000000              0.9307              2.0253          26300.2566
          2.50000000              0.9307              2.0636          23743.1881
          2.50000000              0.9307              2.0998          21919.8665
          2.50000000              0.9307              2.1341          26037.3472
          2.50000000              0.9307              2.1666          19040.9881
          2.50000000              0.9307              2.1976          14036.1400
          2.50000000              0.9307              2.2272          10324.2825
          2.50000000              0.9307              2.2555           8197.3332
          2.50000000              0.9307              2.2826           5217.9794
          2.50000000              0.9307              2.3085           2806.2142
          2.50000000              0.9307              2.3335           1524.0139
          2.50000000              0.9307              2.3576            823.1284
          2.50000000              0.9307              2.3808            403.8031
          2.50000000              0.9307              2.4032            181.2648
          2.50000000              0.9307              2.4248             60.4764
          2.50000000              0.9307              2.4457             11.0778
          2.50000000              0.9307              2.4660              0.0238
          2.50000000              0.9307              2.4857              0.0000
          2.50000000              0.9365              0.9995          12909.6625
          2.50000000              0.9365              1.1688          13331.4233
          2.50000000              0.9365              1.3029          13107.9898
          2.50000000              0.9365              1.4138          15328.8757
          2.50000000              0.9365              1.5084          16794.9206
          2.50000000              0.9365              1.5909          24293.9605
          2.50000000              0.9365              1.6641          34954.3615
          2.50000000              0.9365              1.7297          45222.4477
          2.50000000              0.9365              1.7894          54084.1691
          2.50000000              0.9365              1.8439          58168.0062
          2.50000000              0.9365              1.8943          57755.4129
          2.50000000              0.9365              1.9409          48814.0164
          2.50000000              0.9365              1.9845          41116.4440
          2.50000000              0.9365              2.0253          33300.2950
          2.50000000              0.9365              2.0636          29003.9234
          2.50000000              0.9365              2.0998          25968.3461
          2.50000000              0.9365              2.1341          31734.6429
          2.50000000              0.9365              2.1666          26432.7793
          2.50000000              0.9365              2.1976          20043.6982
          2.50000000              0.9365              2.2272          15120.2805
          2.50000000              0.9365              2.2555          11320.0846
          2.50000000              0.9365              2.2826           8678.4384
          2.50000000              0.9365              2.3085           5135.1798
          2.50000000              0.9365              2.3335           2625.2909
          2.50000000              0.9365              2.3576           1411.8290
          2.50000000              0.9365              2.3808            715.1877
          2.50000000              0.9365              2.4032            330.7464
          2.50000000              0.9365              2.4248            132.1234
          2.50000000              0.9365              2.4457             35.0898
          2.50000000              0.9365              2.4660              2.6789
          2.50000000              0.9365              2.4857              0.0000
          2.50000000              0.9418              0.9995          13263.8536
          2.50000000              0.9418              1.1688          13806.2486
          2.50000000              0.9418              1.3029          13578.1388
          2.50000000              0.9418              1.4138          15698.5082
          2.50000000              0.9418              1.5084          16919.4590
          2.50000000              0.9418              1.5909          23750.8376
          2.50000000              0.9418              1.6641          34705.4221
          2.50000000              0.9418              1.7297          45752.2417
          2.50000000              0.9418              1.7894          56374.6642
          2.50000000              0.9418              1.8439          63152.4747
          2.50000000              0.9418              1.8943          65172.7094
          2.50000000              0.9418              1.9409          60142.7366
          2.50000000              0.9418              1.9845          49061.4720
          2.50000000              0.9418              2.0253          42960.2207
          2.50000000              0.9418              2.0636          35278.7593
          2.50000000              0.9418              2.0998          31021.4289
          2.50000000              0.9418              2.1341          37770.6902
          2.50000000              0.9418              2.1666          33039.0649
          2.50000000              0.9418              2.1976          27795.0904
          2.50000000              0.9418              2.2272          22058.9016
          2.50000000              0.9418              2.2555          16499.8073
          2.50000000              0.9418              2.2826          12538.3284
          2.50000000              0.9418              2.3085           8858.5906
          2.50000000              0.9418              2.3335           4813.1982
          2.50000000              0.9418              2.3576           2311.2510
          2.50000000              0.9418              2.3808           1216.0682
          2.50000000              0.9418              2.4032            569.2968
          2.50000000              0.9418              2.4248            239.7611
          2.50000000              0.9418              2.4457             77.1066
          2.50000000              0.9418              2.4660             12.7613
          2.50000000              0.9418              2.4857              0.0000
          2.50000000              0.9467              0.9995          13577.9588
          2.50000000              0.9467              1.1688          14167.2156
          2.50000000              0.9467              1.3029          14094.0791
          2.50000000              0.9467              1.4138          16043.8002
          2.50000000              0.9467              1.5084          17170.9054
          2.50000000              0.9467              1.5909          23213.4265
          2.50000000              0.9467              1.6641          34354.5572
          2.50000000              0.9467              1.7297          45609.7731
          2.50000000              0.9467              1.7894          57718.2977
          2.50000000              0.9467              1.8439          66928.9110
          2.50000000              0.9467              1.8943          72378.2086
          2.50000000              0.9467              1.9409          70459.1016
          2.50000000              0.9467              1.9845          60116.0345
          2.50000000              0.9467              2.0253          51136.4096
          2.50000000              0.9467              2.0636          44202.9568
          2.50000000              0.9467              2.0998          37377.0274
          2.50000000              0.9467              2.1341          43103.3685
          2.50000000              0.9467              2.1666          38411.7821
          2.50000000              0.9467              2.1976          34992.8190
          2.50000000              0.9467              2.2272          31008.6796
          2.50000000              0.9467              2.2555          23198.6216
          2.50000000              0.9467              2.2826          18086.6212
          2.50000000              0.9467              2.3085          13234.5350
          2.50000000              0.9467              2.3335           8527.2677
          2.50000000              0.9467              2.3576           4150.4647
          2.50000000              0.9467              2.3808           1953.7250
          2.50000000              0.9467              2.4032            945.1644
          2.50000000              0.9467              2.4248            392.4351
          2.50000000              0.9467              2.4457            130.0529
          2.50000000              0.9467              2.4660             21.4614
          2.50000000              0.9467              2.4857              0.0000
          2.50000000              0.9512              0.9995          13798.5404
          2.50000000              0.9512              1.1688          14434.5052
          2.50000000              0.9512              1.3029          14556.5555
          2.50000000              0.9512              1.4138          16341.0319
          2.50000000              0.9512              1.5084          17392.5539
          2.50000000              0.9512              1.5909          22918.0417
          2.50000000              0.9512              1.6641          33816.8425
          2.50000000              0.9512              1.7297          44947.6920
          2.50000000              0.9512              1.7894          58225.6962
          2.50000000              0.9512              1.8439          69701.1938
          2.50000000              0.9512              1.8943          78625.1035
          2.50000000              0.9512              1.9409          80383.1642
          2.50000000              0.9512              1.9845          72913.8959
          2.50000000              0.9512              2.0253          60410.4441
          2.50000000              0.9512              2.0636          52814.4331
          2.50000000              0.9512              2.0998          45136.7982
          2.50000000              0.9512              2.1341          48858.0621
          2.50000000              0.9512              2.1666          44033.2414
          2.50000000              0.9512              2.1976          41443.3647
          2.50000000              0.9512              2.2272          40106.8205
          2.50000000              0.9512              2.2555          34068.0617
          2.50000000              0.9512              2.2826          25388.1955
          2.50000000              0.9512              2.3085          18870.8555
          2.50000000              0.9512              2.3335          13206.9913
          2.50000000              0.9512              2.3576           7449.8880
          2.50000000              0.9512              2.3808           3283.5179
          2.50000000              0.9512              2.4032           1525.2811
          2.50000000              0.9512              2.4248            638.1230
          2.50000000              0.9512              2.4457            201.8256
          2.50000000              0.9512              2.4660             30.3809
          2.50000000              0.9512              2.4857              0.0000
          2.50000000              0.9554              0.9995          13900.0427
          2.50000000              0.9554              1.1688          14598.5274
          2.50000000              0.9554              1.3029          14984.1553
          2.50000000              0.9554              1.4138          16702.8408
          2.50000000              0.9554              1.5084          17728.3007
          2.50000000              0.9554              1.5909          22859.1531
          2.50000000              0.9554              1.6641          33041.1387
          2.50000000              0.9554              1.7297          43969.1326
          2.50000000              0.9554              1.7894          57912.0835
          2.50000000              0.9554              1.8439          71265.5287
          2.50000000              0.9554              1.8943          83760.9408
          2.50000000              0.9554              1.9409          89623.8550
          2.50000000              0.9554              1.9845          85301.2811
          2.50000000              0.9554              2.0253          73025.8181
          2.50000000              0.9554              2.0636          61397.1012
          2.50000000              0.9554              2.0998          55104.2296
          2.50000000              0.9554              2.1341          54098.1108
          2.50000000              0.9554              2.1666          50640.2903
          2.50000000              0.9554              2.1976          47709.4293
          2.50000000              0.9554              2.2272          47707.4226
          2.50000000              0.9554              2.2555          45480.5469
          2.50000000              0.9554              2.2826          36853.0159
          2.50000000              0.9554              2.3085          26971.3985
          2.50000000              0.9554              2.3335          18815.9329
          2.50000000              0.9554              2.3576          12124.6870
          2.50000000              0.9554              2.3808           5951.3339
          2.50000000              0.9554              2.4032           2397.0289
          2.50000000              0.9554              2.4248           1032.8711
          2.50000000              0.9554              2.4457            323.7549
          2.50000000              0.9554              2.4660             45.2776
          2.50000000              0.9554              2.4857              0.0000
          2.50000000              0.9594              0.9995          14047.8175
          2.50000000              0.9594              1.1688          14729.9083
          2.50000000              0.9594              1.3029          15451.1203
          2.50000000              0.9594              1.4138          17052.9792
          2.50000000              0.9594              1.5084          18017.7594
          2.50000000              0.9594              1.5909          23160.5040
          2.50000000              0.9594              1.6641          32345.7147
          2.50000000              0.9594              1.7297          42786.5168
          2.50000000              0.9594              1.7894          56794.4606
          2.50000000              0.9594              1.8439          71707.4026
          2.50000000              0.9594              1.8943          87549.0236
          2.50000000              0.9594              1.9409          97807.8982
          2.50000000              0.9594              1.9845          97767.7850
          2.50000000              0.9594              2.0253          86767.5400
          2.50000000              0.9594              2.0636          72448.4293
          2.50000000              0.9594              2.0998          63243.4841
          2.50000000              0.9594              2.1341          60421.7473
          2.50000000              0.9594              2.1666          56902.8495
          2.50000000              0.9594              2.1976          55937.0222
          2.50000000              0.9594              2.2272          55644.5289
          2.50000000              0.9594              2.2555          55822.1498
          2.50000000              0.9594              2.2826          50577.8182
          2.50000000              0.9594              2.3085          38301.2373
          2.50000000              0.9594              2.3335          27073.3029
          2.50000000              0.9594              2.3576          17901.1288
          2.50000000              0.9594              2.3808          10239.3314
          2.50000000              0.9594              2.4032           4180.5557
          2.50000000              0.9594              2.4248           1610.3853
          2.50000000              0.9594              2.4457            536.8534
          2.50000000              0.9594              2.4660             71.6716
          2.50000000              0.9594              2.4857              0.0000
          2.50000000              0.9631              0.9995          14086.4610
          2.50000000              0.9631              1.1688          14782.4823
          2.50000000              0.9631              1.3029          15850.0760
          2.50000000              0.9631              1.4138          17369.9122
          2.50000000              0.9631              1.5084          18149.6733
          2.50000000              0.9631              1.5909          23487.4744
          2.50000000              0.9631              1.6641          31987.9330
          2.50000000              0.9631              1.7297          41367.1916
          2.50000000              0.9631              1.7894          54927.1445
          2.50000000              0.9631              1.8439          71274.4305
          2.50000000              0.9631              1.8943          89745.7140
          2.50000000              0.9631              1.9409         104660.7007
          2.50000000              0.9631              1.9845         109691.4437
          2.50000000              0.9631              2.0253         101417.6095
          2.50000000              0.9631              2.0636          86240.8516
          2.50000000              0.9631              2.0998          72714.6853
          2.50000000              0.9631              2.1341          65561.1711
          2.50000000              0.9631              2.1666          63369.4169
          2.50000000              0.9631              2.1976          63915.8821
          2.50000000              0.9631              2.2272          65515.3536
          2.50000000              0.9631              2.2555          64911.8415
          2.50000000              0.9631              2.2826          63849.3849
          2.50000000              0.9631              2.3085          54587.4319
          2.50000000              0.9631              2.3335          37238.2531
          2.50000000              0.9631              2.3576          25407.3113
          2.50000000              0.9631              2.3808          16149.9242
          2.50000000              0.9631              2.4032           7514.6470
          2.50000000              0.9631              2.4248           2600.3682
          2.50000000              0.9631              2.4457            877.5198
          2.50000000              0.9631              2.4660            136.6597
          2.50000000              0.9631              2.4857              0.0000
          2.50000000              0.9666              0.9995          14039.2937
          2.50000000              0.9666              1.1688          14743.9925
          2.50000000              0.9666              1.3029          16131.6192
          2.50000000              0.9666              1.4138          17641.6448
          2.50000000              0.9666              1.5084          18197.2837
          2.50000000              0.9666              1.5909          23712.8293
          2.50000000              0.9666              1.6641          31861.3344
          2.50000000              0.9666              1.7297          39856.6439
          2.50000000              0.9666              1.7894          52571.1722
          2.50000000              0.9666              1.8439          69569.8260
          2.50000000              0.9666              1.8943          90848.4962
          2.50000000              0.9666              1.9409         109683.9888
          2.50000000              0.9666              1.9845         120298.6132
          2.50000000              0.9666              2.0253         116615.0193
          2.50000000              0.9666              2.0636         100963.2628
          2.50000000              0.9666              2.0998          85052.8212
          2.50000000              0.9666              2.1341          72814.4910
          2.50000000              0.9666              2.1666          69960.8962
          2.50000000              0.9666              2.1976          70463.0428
          2.50000000              0.9666              2.2272          74384.6507
          2.50000000              0.9666              2.2555          75801.5691
          2.50000000              0.9666              2.2826          76179.3713
          2.50000000              0.9666              2.3085          71132.7097
          2.50000000              0.9666              2.3335          53031.8038
          2.50000000              0.9666              2.3576          35344.4233
          2.50000000              0.9666              2.3808          23504.1517
          2.50000000              0.9666              2.4032          12944.2618
          2.50000000              0.9666              2.4248           4721.1683
          2.50000000              0.9666              2.4457           1327.0639
          2.50000000              0.9666              2.4660            233.3219
          2.50000000              0.9666              2.4857              0.0000
          2.50000000              0.9699              0.9995          13933.8939
          2.50000000              0.9699              1.1688          14561.1118
          2.50000000              0.9699              1.3029          16266.8821
          2.50000000              0.9699              1.4138          18147.9561
          2.50000000              0.9699              1.5084          18317.1056
          2.50000000              0.9699              1.5909          24002.4008
          2.50000000              0.9699              1.6641          31890.5982
          2.50000000              0.9699              1.7297          38417.5476
          2.50000000              0.9699              1.7894          49985.8665
          2.50000000              0.9699              1.8439          66668.6352
          2.50000000              0.9699              1.8943          90589.0536
          2.50000000              0.9699              1.9409         112970.8481
          2.50000000              0.9699              1.9845         128927.4077
          2.50000000              0.9699              2.0253         131395.1004
          2.50000000              0.9699              2.0636         117598.9887
          2.50000000              0.9699              2.0998          99137.8061
          2.50000000              0.9699              2.1341          83097.2669
          2.50000000              0.9699              2.1666          75481.8541
          2.50000000              0.9699              2.1976          77756.0874
          2.50000000              0.9699              2.2272          81279.2402
          2.50000000              0.9699              2.2555          85777.7938
          2.50000000              0.9699              2.2826          88784.5746
          2.50000000              0.9699              2.3085          86489.5888
          2.50000000              0.9699              2.3335          71347.5265
          2.50000000              0.9699              2.3576          48912.4377
          2.50000000              0.9699              2.3808          33094.4776
          2.50000000              0.9699              2.4032          20131.3714
          2.50000000              0.9699              2.4248           8758.8598
          2.50000000              0.9699              2.4457           2058.7116
          2.50000000              0.9699              2.4660            317.1966
          2.50000000              0.9699              2.4857              0.0000
          2.50000000              0.9730              0.9995          13766.8496
          2.50000000              0.9730              1.1688          14269.9282
          2.50000000              0.9730              1.3029          16261.4094
          2.50000000              0.9730              1.4138          18596.2863
          2.50000000              0.9730              1.5084          19004.6267
          2.50000000              0.9730              1.5909          24523.6933
          2.50000000              0.9730              1.6641          31780.2415
          2.50000000              0.9730              1.7297          37024.0219
          2.50000000              0.9730              1.7894          47291.2617
          2.50000000              0.9730              1.8439          62994.1178
          2.50000000              0.9730              1.8943          88567.7262
          2.50000000              0.9730              1.9409         114610.2453
          2.50000000              0.9730              1.9845         135314.8367
          2.50000000              0.9730              2.0253         144557.1201
          2.50000000              0.9730              2.0636         135437.5312
          2.50000000              0.9730              2.0998         115155.7875
          2.50000000              0.9730              2.1341          95483.4307
          2.50000000              0.9730              2.1666          83545.1606
          2.50000000              0.9730              2.1976          82123.3590
          2.50000000              0.9730              2.2272          88843.3191
          2.50000000              0.9730              2.2555          94745.2164
          2.50000000              0.9730              2.2826         102659.8738
          2.50000000              0.9730              2.3085         100371.5063
          2.50000000              0.9730              2.3335          89073.6984
          2.50000000              0.9730              2.3576          68410.1809
          2.50000000              0.9730              2.3808          44888.5712
          2.50000000              0.9730              2.4032          28861.0501
          2.50000000              0.9730              2.4248          14883.6897
          2.50000000              0.9730              2.4457           3830.9684
          2.50000000              0.9730              2.4660            399.4905
          2.50000000              0.9730              2.4857              0.0000
          2.50000000              0.9760              0.9995          13510.7616
          2.50000000              0.9760              1.1688          14044.7467
          2.50000000              0.9760              1.3029          16219.6411
          2.50000000              0.9760              1.4138          18918.5707
          2.50000000              0.9760              1.5084          19578.1221
          2.50000000              0.9760              1.5909          24875.6585
          2.50000000              0.9760              1.6641          31661.2580
          2.50000000              0.9760              1.7297          35696.4302
          2.50000000              0.9760              1.7894          44516.0240
          2.50000000              0.9760              1.8439          59100.9648
          2.50000000              0.9760              1.8943          84907.8874
          2.50000000              0.9760              1.9409         114363.3302
          2.50000000              0.9760              1.9845         139973.0535
          2.50000000              0.9760              2.0253         155276.3396
          2.50000000              0.9760              2.0636         152747.7957
          2.50000000              0.9760              2.0998         133533.5430
          2.50000000              0.9760              2.1341         109730.2288
          2.50000000              0.9760              2.1666          93106.0806
          2.50000000              0.9760              2.1976          88709.9871
          2.50000000              0.9760              2.2272          91908.2301
          2.50000000              0.9760              2.2555         104194.3077
          2.50000000              0.9760              2.2826         113985.9640
          2.50000000              0.9760              2.3085         116047.2031
          2.50000000              0.9760              2.3335         105325.6246
          2.50000000              0.9760              2.3576          88655.3335
          2.50000000              0.9760              2.3808          62805.3673
          2.50000000              0.9760              2.4032          39984.3124
          2.50000000              0.9760              2.4248          23396.4042
          2.50000000              0.9760              2.4457           7554.3778
          2.50000000              0.9760              2.4660            660.1450
          2.50000000              0.9760              2.4857              0.0000
          2.50000000              0.9789              0.9995          13152.2039
          2.50000000              0.9789              1.1688          13775.7876
          2.50000000              0.9789              1.3029          16159.2045
          2.50000000              0.9789              1.4138          19140.7059
          2.50000000              0.9789              1.5084          20035.1716
          2.50000000              0.9789              1.5909          25080.9901
          2.50000000              0.9789              1.6641          31396.9668
          2.50000000              0.9789              1.7297          34345.4220
          2.50000000              0.9789              1.7894          41796.3166
          2.50000000              0.9789              1.8439          54935.3127
          2.50000000              0.9789              1.8943          80433.1636
          2.50000000              0.9789              1.9409         111882.7057
          2.50000000              0.9789              1.9845         142378.5013
          2.50000000              0.9789              2.0253         163676.3904
          2.50000000              0.9789              2.0636         168430.4794
          2.50000000              0.9789              2.0998         153466.8092
          2.50000000              0.9789              2.1341         126475.4226
          2.50000000              0.9789              2.1666         104416.9702
          2.50000000              0.9789              2.1976          96039.4591
          2.50000000              0.9789              2.2272          97164.8316
          2.50000000              0.9789              2.2555         108631.3341
          2.50000000              0.9789              2.2826         125847.1238
          2.50000000              0.9789              2.3085         130429.3379
          2.50000000              0.9789              2.3335         121954.1496
          2.50000000              0.9789              2.3576         107796.0823
          2.50000000              0.9789              2.3808          85300.5002
          2.50000000              0.9789              2.4032          54082.3442
          2.50000000              0.9789              2.4248          35098.6741
          2.50000000              0.9789              2.4457          13574.5078
          2.50000000              0.9789              2.4660           1743.9324
          2.50000000              0.9789              2.4857              0.0000
          2.50000000              0.9816              0.9995          12687.9380
          2.50000000              0.9816              1.1688          13453.2892
          2.50000000              0.9816              1.3029          16003.6160
          2.50000000              0.9816              1.4138          19207.9071
          2.50000000              0.9816              1.5084          20197.4093
          2.50000000              0.9816              1.5909          25118.6455
          2.50000000              0.9816              1.6641          30987.0858
          2.50000000              0.9816              1.7297          32955.8506
          2.50000000              0.9816              1.7894          39269.5791
          2.50000000              0.9816              1.8439          50951.6995
          2.50000000              0.9816              1.8943          75294.9584
          2.50000000              0.9816              1.9409         107583.6874
          2.50000000              0.9816              1.9845         142113.5239
          2.50000000              0.9816              2.0253         169498.0086
          2.50000000              0.9816              2.0636         181621.2409
          2.50000000              0.9816              2.0998         173233.4806
          2.50000000              0.9816              2.1341         145840.0676
          2.50000000              0.9816              2.1666         118036.9111
          2.50000000              0.9816              2.1976         102986.9361
          2.50000000              0.9816              2.2272         102129.2216
          2.50000000              0.9816              2.2555         111249.1960
          2.50000000              0.9816              2.2826         133532.9707
          2.50000000              0.9816              2.3085         146282.8215
          2.50000000              0.9816              2.3335         137699.9943
          2.50000000              0.9816              2.3576         125642.0016
          2.50000000              0.9816              2.3808         109078.2829
          2.50000000              0.9816              2.4032          76485.4510
          2.50000000              0.9816              2.4248          50606.3155
          2.50000000              0.9816              2.4457          22420.6404
          2.50000000              0.9816              2.4660           4509.7036
          2.50000000              0.9816              2.4857              0.0000
          2.50000000              0.9842              0.9995          12158.4914
          2.50000000              0.9842              1.1688          13179.6479
          2.50000000              0.9842              1.3029          15719.4932
          2.50000000              0.9842              1.4138          19066.2156
          2.50000000              0.9842              1.5084          20345.5910
          2.50000000              0.9842              1.5909          25048.3234
          2.50000000              0.9842              1.6641          30426.5204
          2.50000000              0.9842              1.7297          31474.0741
          2.50000000              0.9842              1.7894          36996.0843
          2.50000000              0.9842              1.8439          47186.6749
          2.50000000              0.9842              1.8943          69634.8495
          2.50000000              0.9842              1.9409         102037.3287
          2.50000000              0.9842              1.9845         139014.6429
          2.50000000              0.9842              2.0253         172136.6724
          2.50000000              0.9842              2.0636         191977.8908
          2.50000000              0.9842              2.0998         191230.7225
          2.50000000              0.9842              2.1341         166976.6211
          2.50000000              0.9842              2.1666         134580.3643
          2.50000000              0.9842              2.1976         111845.4742
          2.50000000              0.9842              2.2272         105015.8339
          2.50000000              0.9842              2.2555         114151.3012
          2.50000000              0.9842              2.2826         134870.9266
          2.50000000              0.9842              2.3085         160340.8738
          2.50000000              0.9842              2.3335         158025.9995
          2.50000000              0.9842              2.3576         144514.9794
          2.50000000              0.9842              2.3808         131669.6703
          2.50000000              0.9842              2.4032         104477.6325
          2.50000000              0.9842              2.4248          71442.5265
          2.50000000              0.9842              2.4457          33913.0813
          2.50000000              0.9842              2.4660           8869.0361
          2.50000000              0.9842              2.4857              0.0000
          2.50000000              0.9868              0.9995          11503.8382
          2.50000000              0.9868              1.1688          12710.3943
          2.50000000              0.9868              1.3029          15326.7307
          2.50000000              0.9868              1.4138          18807.8516
          2.50000000              0.9868              1.5084          20242.4513
          2.50000000              0.9868              1.5909          24698.8996
          2.50000000              0.9868              1.6641          29659.3903
          2.50000000              0.9868              1.7297          30196.0878
          2.50000000              0.9868              1.7894          34826.7559
          2.50000000              0.9868              1.8439          43562.0125
          2.50000000              0.9868              1.8943          64116.7773
          2.50000000              0.9868              1.9409          95476.7735
          2.50000000              0.9868              1.9845         133524.6325
          2.50000000              0.9868              2.0253         171535.4832
          2.50000000              0.9868              2.0636         198866.6474
          2.50000000              0.9868              2.0998         206396.5624
          2.50000000              0.9868              2.1341         188350.3562
          2.50000000              0.9868              2.1666         153769.1804
          2.50000000              0.9868              2.1976         124052.6165
          2.50000000              0.9868              2.2272         110024.5476
          2.50000000              0.9868              2.2555         114163.2326
          2.50000000              0.9868              2.2826         134908.5625
          2.50000000              0.9868              2.3085         161903.5795
          2.50000000              0.9868              2.3335         177385.6387
          2.50000000              0.9868              2.3576         169138.3671
          2.50000000              0.9868              2.3808         155579.7943
          2.50000000              0.9868              2.4032         134711.0259
          2.50000000              0.9868              2.4248         103121.9851
          2.50000000              0.9868              2.4457          47695.4469
          2.50000000              0.9868              2.4660          14109.1430
          2.50000000              0.9868              2.4857              0.0000
          2.50000000              0.9892              0.9995          10898.1112
          2.50000000              0.9892              1.1688          12038.6880
          2.50000000              0.9892              1.3029          14710.1522
          2.50000000              0.9892              1.4138          18310.4898
          2.50000000              0.9892              1.5084          19987.6874
          2.50000000              0.9892              1.5909          24022.6650
          2.50000000              0.9892              1.6641          28757.9538
          2.50000000              0.9892              1.7297          29113.3497
          2.50000000              0.9892              1.7894          32624.7003
          2.50000000              0.9892              1.8439          40350.5044
          2.50000000              0.9892              1.8943          59278.4477
          2.50000000              0.9892              1.9409          88016.8335
          2.50000000              0.9892              1.9845         125350.1065
          2.50000000              0.9892              2.0253         166931.5499
          2.50000000              0.9892              2.0636         201118.2266
          2.50000000              0.9892              2.0998         218279.2832
          2.50000000              0.9892              2.1341         207859.9041
          2.50000000              0.9892              2.1666         174791.7382
          2.50000000              0.9892              2.1976         138301.3907
          2.50000000              0.9892              2.2272         117494.1825
          2.50000000              0.9892              2.2555         115507.8249
          2.50000000              0.9892              2.2826         133460.9089
          2.50000000              0.9892              2.3085         162783.2748
          2.50000000              0.9892              2.3335         184218.0345
          2.50000000              0.9892              2.3576         196867.0604
          2.50000000              0.9892              2.3808         183921.8081
          2.50000000              0.9892              2.4032         164545.5611
          2.50000000              0.9892              2.4248         144512.2257
          2.50000000              0.9892              2.4457          67104.0058
          2.50000000              0.9892              2.4660          20445.0765
          2.50000000              0.9892              2.4857              0.0000
          2.50000000              0.9915              0.9995          10137.0711
          2.50000000              0.9915              1.1688          11142.1188
          2.50000000              0.9915              1.3029          13861.5740
          2.50000000              0.9915              1.4138          17446.8635
          2.50000000              0.9915              1.5084          19483.6228
          2.50000000              0.9915              1.5909          23843.3918
          2.50000000              0.9915              1.6641          27616.0720
          2.50000000              0.9915              1.7297          28001.7407
          2.50000000              0.9915              1.7894          31013.9153
          2.50000000              0.9915              1.8439          37424.4881
          2.50000000              0.9915              1.8943          54304.6321
          2.50000000              0.9915              1.9409          80303.1813
          2.50000000              0.9915              1.9845         115513.1013
          2.50000000              0.9915              2.0253         158049.9938
          2.50000000              0.9915              2.0636         197659.3108
          2.50000000              0.9915              2.0998         224710.6468
          2.50000000              0.9915              2.1341         224044.2028
          2.50000000              0.9915              2.1666         195484.9416
          2.50000000              0.9915              2.1976         155189.7467
          2.50000000              0.9915              2.2272         126797.6842
          2.50000000              0.9915              2.2555         118830.6389
          2.50000000              0.9915              2.2826         130288.1812
          2.50000000              0.9915              2.3085         163580.1566
          2.50000000              0.9915              2.3335         185530.5387
          2.50000000              0.9915              2.3576         214260.5302
          2.50000000              0.9915              2.3808         220861.8222
          2.50000000              0.9915              2.4032         200256.7374
          2.50000000              0.9915              2.4248         189479.3924
          2.50000000              0.9915              2.4457          98780.0389
          2.50000000              0.9915              2.4660          28576.5119
          2.50000000              0.9915              2.4857              0.0000
          2.50000000              0.9937              0.9995           9235.9397
          2.50000000              0.9937              1.1688          10263.6130
          2.50000000              0.9937              1.3029          12757.1993
          2.50000000              0.9937              1.4138          16358.8763
          2.50000000              0.9937              1.5084          19052.6853
          2.50000000              0.9937              1.5909          23154.6383
          2.50000000              0.9937              1.6641          26020.2866
          2.50000000              0.9937              1.7297          26480.0353
          2.50000000              0.9937              1.7894          29331.9836
          2.50000000              0.9937              1.8439          34483.2360
          2.50000000              0.9937              1.8943          49397.5278
          2.50000000              0.9937              1.9409          72788.6097
          2.50000000              0.9937              1.9845         104284.3549
          2.50000000              0.9937              2.0253         144646.6907
          2.50000000              0.9937              2.0636         188030.3637
          2.50000000              0.9937              2.0998         223511.7516
          2.50000000              0.9937              2.1341         234633.3337
          2.50000000              0.9937              2.1666         213462.9985
          2.50000000              0.9937              2.1976         172502.4587
          2.50000000              0.9937              2.2272         137869.6766
          2.50000000              0.9937              2.2555         122977.8833
          2.50000000              0.9937              2.2826         128945.3598
          2.50000000              0.9937              2.3085         154721.1079
          2.50000000              0.9937              2.3335         186480.3939
          2.50000000              0.9937              2.3576         217678.0136
          2.50000000              0.9937              2.3808         257403.0146
          2.50000000              0.9937              2.4032         254218.6136
          2.50000000              0.9937              2.4248         237635.1963
          2.50000000              0.9937              2.4457         142457.1787
          2.50000000              0.9937              2.4660          41397.6767
          2.50000000              0.9937              2.4857              0.0000
          2.50000000              0.9959              0.9995           8170.0197
          2.50000000              0.9959              1.1688           9259.9534
          2.50000000              0.9959              1.3029          11313.7179
          2.50000000              0.9959              1.4138          14960.8756
          2.50000000              0.9959              1.5084          17943.2373
          2.50000000              0.9959              1.5909          21686.7304
          2.50000000              0.9959              1.6641          24154.1577
          2.50000000              0.9959              1.7297          24300.6464
          2.50000000              0.9959              1.7894          26941.2146
          2.50000000              0.9959              1.8439          31794.4549
          2.50000000              0.9959              1.8943          45389.3032
          2.50000000              0.9959              1.9409          64719.2279
          2.50000000              0.9959              1.9845          91439.4557
          2.50000000              0.9959              2.0253         128113.0262
          2.50000000              0.9959              2.0636         171021.6240
          2.50000000              0.9959              2.0998         212700.6072
          2.50000000              0.9959              2.1341         235435.2345
          2.50000000              0.9959              2.1666         225888.0272
          2.50000000              0.9959              2.1976         186765.1548
          2.50000000              0.9959              2.2272         150230.6069
          2.50000000              0.9959              2.2555         129080.9016
          2.50000000              0.9959              2.2826         126713.3044
          2.50000000              0.9959              2.3085         144252.8729
          2.50000000              0.9959              2.3335         169720.1694
          2.50000000              0.9959              2.3576         215504.0737
          2.50000000              0.9959              2.3808         262655.8525
          2.50000000              0.9959              2.4032         313632.8282
          2.50000000              0.9959              2.4248         317397.8391
          2.50000000              0.9959              2.4457         192971.5169
          2.50000000              0.9959              2.4660          66939.8985
          2.50000000              0.9959              2.4857              0.0000
          2.50000000              0.9980              0.9995           7210.8668
          2.50000000              0.9980              1.1688           8070.6925
          2.50000000              0.9980              1.3029           9447.3358
          2.50000000              0.9980              1.4138          13364.0387
          2.50000000              0.9980              1.5084          16345.8381
          2.50000000              0.9980              1.5909          19474.8660
          2.50000000              0.9980              1.6641          21460.3489
          2.50000000              0.9980              1.7297          21490.0714
          2.50000000              0.9980              1.7894          23656.2623
          2.50000000              0.9980              1.8439          28588.5380
          2.50000000              0.9980              1.8943          39916.7846
          2.50000000              0.9980              1.9409          56086.4873
          2.50000000              0.9980              1.9845          76916.6580
          2.50000000              0.9980              2.0253         107148.6469
          2.50000000              0.9980              2.0636         145916.4878
          2.50000000              0.9980              2.0998         188452.6060
          2.50000000              0.9980              2.1341         220208.8120
          2.50000000              0.9980              2.1666         225049.5451
          2.50000000              0.9980              2.1976         195789.5746
          2.50000000              0.9980              2.2272         157815.5815
          2.50000000              0.9980              2.2555         135072.6615
          2.50000000              0.9980              2.2826         128398.3288
          2.50000000              0.9980              2.3085         134449.0080
          2.50000000              0.9980              2.3335         146107.9824
          2.50000000              0.9980              2.3576         182968.5535
          2.50000000              0.9980              2.3808         251652.0981
          2.50000000              0.9980              2.4032         348303.2530
          2.50000000              0.9980              2.4248         418500.1501
          2.50000000              0.9980              2.4457         300108.1171
          2.50000000              0.9980              2.4660         101703.8306
          2.50000000              0.9980              2.4857              0.0000
          2.50000000              1.0000              0.9995           6116.7601
          2.50000000              1.0000              1.1688           6618.4991
          2.50000000              1.0000              1.3029           7454.6516
          2.50000000              1.0000              1.4138          11509.4465
          2.50000000              1.0000              1.5084          15110.4410
          2.50000000              1.0000              1.5909          16570.0953
          2.50000000              1.0000              1.6641          17992.0170
          2.50000000              1.0000              1.7297          18184.8777
          2.50000000              1.0000              1.7894          19088.3966
          2.50000000              1.0000              1.8439          22693.4835
          2.50000000              1.0000              1.8943          31487.6001
          2.50000000              1.0000              1.9409          42914.7047
          2.50000000              1.0000              1.9845          58109.2708
          2.50000000              1.0000              2.0253          78332.9019
          2.50000000              1.0000              2.0636         106252.5394
          2.50000000              1.0000              2.0998         141152.7994
          2.50000000              1.0000              2.1341         173560.0519
          2.50000000              1.0000              2.1666         189506.9996
          2.50000000              1.0000              2.1976         178766.7036
          2.50000000              1.0000              2.2272         150324.9794
          2.50000000              1.0000              2.2555         132755.2513
          2.50000000              1.0000              2.2826         127153.9467
          2.50000000              1.0000              2.3085         128137.9126
          2.50000000              1.0000              2.3335         121993.2236
          2.50000000              1.0000              2.3576         129891.5373
          2.50000000              1.0000              2.3808         178930.4949
          2.50000000              1.0000              2.4032         326509.1880
          2.50000000              1.0000              2.4248         543285.3071
          2.50000000              1.0000              2.4457         508913.0763
          2.50000000              1.0000              2.4660         145646.2318
          2.50000000              1.0000              2.4857              0.0000
