0.12	-1	0	0
0.12	-1	5.26418e-05	0.000235926
0.12	-1	9.43034e-05	0.000227258
0.12	-1	0.000128784	0.000197745
0.12	-1	0.000158199	0.000164466
0.12	-1	0.000183848	0.000136155
0.12	-1	0.000206587	0.000111885
0.12	-1	0.000227009	9.08437e-05
0.12	-1	0.000245543	7.38103e-05
0.12	-1	0.000262509	5.97569e-05
0.12	-1	0.000278152	4.81596e-05
0.12	-1	0.000292662	3.86117e-05
0.12	-1	0.000306194	3.07697e-05
0.12	-1	0.000318871	2.43469e-05
0.12	-1	0.000330794	1.91047e-05
0.12	-1	0.000342048	1.48448e-05
0.12	-1	0.000352704	1.14021e-05
0.12	-1	0.000362822	8.63875e-06
0.12	-1	0.000372455	6.43941e-06
0.12	-1	0.000381647	4.70718e-06
0.12	-1	0.000390435	3.36043e-06
0.12	-1	0.000398855	2.33018e-06
0.12	-1	0.000406936	1.55797e-06
0.12	-1	0.000414704	9.94145e-07
0.12	-1	0.000422182	5.96383e-07
0.12	-1	0.000429392	3.2858e-07
0.12	-1	0.000436351	1.59854e-07
0.12	-1	0.000443077	6.37568e-08
0.12	-1	0.000449585	1.76054e-08
0.12	-1	0.000455889	1.92814e-09
0.12	-1	0.000462	0
0.12	-0.634788	0	0
0.12	-0.634788	5.26418e-05	0.000239709
0.12	-0.634788	9.43034e-05	0.000232254
0.12	-0.634788	0.000128784	0.000202064
0.12	-0.634788	0.000158199	0.000169877
0.12	-0.634788	0.000183848	0.000140869
0.12	-0.634788	0.000206587	0.000115869
0.12	-0.634788	0.000227009	9.42951e-05
0.12	-0.634788	0.000245543	7.67744e-05
0.12	-0.634788	0.000262509	6.21261e-05
0.12	-0.634788	0.000278152	4.99502e-05
0.12	-0.634788	0.000292662	4.00478e-05
0.12	-0.634788	0.000306194	3.19395e-05
0.12	-0.634788	0.000318871	2.52908e-05
0.12	-0.634788	0.000330794	1.98586e-05
0.12	-0.634788	0.000342048	1.54401e-05
0.12	-0.634788	0.000352704	1.18661e-05
0.12	-0.634788	0.000362822	8.99516e-06
0.12	-0.634788	0.000372455	6.70846e-06
0.12	-0.634788	0.000381647	4.90617e-06
0.12	-0.634788	0.000390435	3.50405e-06
0.12	-0.634788	0.000398855	2.4308e-06
0.12	-0.634788	0.000406936	1.6259e-06
0.12	-0.634788	0.000414704	1.03788e-06
0.12	-0.634788	0.000422182	6.22848e-07
0.12	-0.634788	0.000429392	3.4328e-07
0.12	-0.634788	0.000436351	1.67061e-07
0.12	-0.634788	0.000443077	6.66525e-08
0.12	-0.634788	0.000449585	1.84106e-08
0.12	-0.634788	0.000455889	2.01691e-09
0.12	-0.634788	0.000462	0
0.12	-0.406307	0	0
0.12	-0.406307	5.26418e-05	0.00024235
0.12	-0.406307	9.43034e-05	0.000235698
0.12	-0.406307	0.000128784	0.000205225
0.12	-0.406307	0.000158199	0.000173094
0.12	-0.406307	0.000183848	0.000143761
0.12	-0.406307	0.000206587	0.000118398
0.12	-0.406307	0.000227009	9.6861e-05
0.12	-0.406307	0.000245543	7.88415e-05
0.12	-0.406307	0.000262509	6.37079e-05
0.12	-0.406307	0.000278152	5.13156e-05
0.12	-0.406307	0.000292662	4.11468e-05
0.12	-0.406307	0.000306194	3.27092e-05
0.12	-0.406307	0.000318871	2.59125e-05
0.12	-0.406307	0.000330794	2.03556e-05
0.12	-0.406307	0.000342048	1.58329e-05
0.12	-0.406307	0.000352704	1.21726e-05
0.12	-0.406307	0.000362822	9.23065e-06
0.12	-0.406307	0.000372455	6.88634e-06
0.12	-0.406307	0.000381647	5.03782e-06
0.12	-0.406307	0.000390435	3.59912e-06
0.12	-0.406307	0.000398855	2.49744e-06
0.12	-0.406307	0.000406936	1.67091e-06
0.12	-0.406307	0.000414704	1.06688e-06
0.12	-0.406307	0.000422182	6.40402e-07
0.12	-0.406307	0.000429392	3.53034e-07
0.12	-0.406307	0.000436351	1.71845e-07
0.12	-0.406307	0.000443077	6.85755e-08
0.12	-0.406307	0.000449585	1.89455e-08
0.12	-0.406307	0.000455889	2.07592e-09
0.12	-0.406307	0.000462	0
0.12	-0.239626	0	0
0.12	-0.239626	5.26418e-05	0.000244474
0.12	-0.239626	9.43034e-05	0.000238167
0.12	-0.239626	0.000128784	0.000207584
0.12	-0.239626	0.000158199	0.000175295
0.12	-0.239626	0.000183848	0.000145728
0.12	-0.239626	0.000206587	0.000120397
0.12	-0.239626	0.000227009	9.86901e-05
0.12	-0.239626	0.000245543	8.03042e-05
0.12	-0.239626	0.000262509	6.53022e-05
0.12	-0.239626	0.000278152	5.24583e-05
0.12	-0.239626	0.000292662	4.19638e-05
0.12	-0.239626	0.000306194	3.34492e-05
0.12	-0.239626	0.000318871	2.63821e-05
0.12	-0.239626	0.000330794	2.07312e-05
0.12	-0.239626	0.000342048	1.61299e-05
0.12	-0.239626	0.000352704	1.24044e-05
0.12	-0.239626	0.000362822	9.4089e-06
0.12	-0.239626	0.000372455	7.02104e-06
0.12	-0.239626	0.000381647	5.13755e-06
0.12	-0.239626	0.000390435	3.67117e-06
0.12	-0.239626	0.000398855	2.54796e-06
0.12	-0.239626	0.000406936	1.70505e-06
0.12	-0.239626	0.000414704	1.08888e-06
0.12	-0.239626	0.000422182	6.53724e-07
0.12	-0.239626	0.000429392	3.6044e-07
0.12	-0.239626	0.000436351	1.75479e-07
0.12	-0.239626	0.000443077	7.00364e-08
0.12	-0.239626	0.000449585	1.9352e-08
0.12	-0.239626	0.000455889	2.12076e-09
0.12	-0.239626	0.000462	0
0.12	-0.108332	0	0
0.12	-0.108332	5.26418e-05	0.000246413
0.12	-0.108332	9.43034e-05	0.000240277
0.12	-0.108332	0.000128784	0.00020962
0.12	-0.108332	0.000158199	0.000177062
0.12	-0.108332	0.000183848	0.000147609
0.12	-0.108332	0.000206587	0.000121778
0.12	-0.108332	0.000227009	9.98758e-05
0.12	-0.108332	0.000245543	8.16801e-05
0.12	-0.108332	0.000262509	6.6248e-05
0.12	-0.108332	0.000278152	5.36631e-05
0.12	-0.108332	0.000292662	4.2833e-05
0.12	-0.108332	0.000306194	3.40188e-05
0.12	-0.108332	0.000318871	2.69246e-05
0.12	-0.108332	0.000330794	2.10494e-05
0.12	-0.108332	0.000342048	1.63703e-05
0.12	-0.108332	0.000352704	1.25921e-05
0.12	-0.108332	0.000362822	9.55333e-06
0.12	-0.108332	0.000372455	7.13023e-06
0.12	-0.108332	0.000381647	5.21842e-06
0.12	-0.108332	0.000390435	3.72962e-06
0.12	-0.108332	0.000398855	2.58896e-06
0.12	-0.108332	0.000406936	1.73276e-06
0.12	-0.108332	0.000414704	1.10674e-06
0.12	-0.108332	0.000422182	6.64543e-07
0.12	-0.108332	0.000429392	3.66455e-07
0.12	-0.108332	0.000436351	1.78431e-07
0.12	-0.108332	0.000443077	7.12235e-08
0.12	-0.108332	0.000449585	1.96824e-08
0.12	-0.108332	0.000455889	2.15722e-09
0.12	-0.108332	0.000462	0
0.12	-2e-20	0	0
0.12	-2e-20	5.26418e-05	0.000248728
0.12	-2e-20	9.43034e-05	0.00024229
0.12	-2e-20	0.000128784	0.000211724
0.12	-2e-20	0.000158199	0.000178547
0.12	-2e-20	0.000183848	0.000148936
0.12	-2e-20	0.000206587	0.000122938
0.12	-2e-20	0.000227009	0.000101171
0.12	-2e-20	0.000245543	8.26328e-05
0.12	-2e-20	0.000262509	6.72344e-05
0.12	-2e-20	0.000278152	5.42536e-05
0.12	-2e-20	0.000292662	4.34987e-05
0.12	-2e-20	0.000306194	3.45757e-05
0.12	-2e-20	0.000318871	2.73267e-05
0.12	-2e-20	0.000330794	2.14577e-05
0.12	-2e-20	0.000342048	1.65733e-05
0.12	-2e-20	0.000352704	1.27506e-05
0.12	-2e-20	0.000362822	9.6753e-06
0.12	-2e-20	0.000372455	7.22246e-06
0.12	-2e-20	0.000381647	5.28675e-06
0.12	-2e-20	0.000390435	3.77901e-06
0.12	-2e-20	0.000398855	2.62361e-06
0.12	-2e-20	0.000406936	1.75618e-06
0.12	-2e-20	0.000414704	1.12185e-06
0.12	-2e-20	0.000422182	6.73695e-07
0.12	-2e-20	0.000429392	3.71545e-07
0.12	-2e-20	0.000436351	1.80929e-07
0.12	-2e-20	0.000443077	7.22284e-08
0.12	-2e-20	0.000449585	1.99621e-08
0.12	-2e-20	0.000455889	2.18809e-09
0.12	-2e-20	0.000462	0
0.12	0.0922185	0	0
0.12	0.0922185	5.26418e-05	0.000250718
0.12	0.0922185	9.43034e-05	0.000244238
0.12	0.0922185	0.000128784	0.000213542
0.12	0.0922185	0.000158199	0.000180202
0.12	0.0922185	0.000183848	0.000150086
0.12	0.0922185	0.000206587	0.00012394
0.12	0.0922185	0.000227009	0.000102032
0.12	0.0922185	0.000245543	8.33645e-05
0.12	0.0922185	0.000262509	6.79575e-05
0.12	0.0922185	0.000278152	5.48712e-05
0.12	0.0922185	0.000292662	4.42603e-05
0.12	0.0922185	0.000306194	3.52519e-05
0.12	0.0922185	0.000318871	2.7633e-05
0.12	0.0922185	0.000330794	2.17635e-05
0.12	0.0922185	0.000342048	1.68496e-05
0.12	0.0922185	0.000352704	1.28882e-05
0.12	0.0922185	0.000362822	9.78118e-06
0.12	0.0922185	0.000372455	7.30255e-06
0.12	0.0922185	0.000381647	5.34609e-06
0.12	0.0922185	0.000390435	3.82192e-06
0.12	0.0922185	0.000398855	2.65372e-06
0.12	0.0922185	0.000406936	1.77655e-06
0.12	0.0922185	0.000414704	1.13498e-06
0.12	0.0922185	0.000422182	6.81652e-07
0.12	0.0922185	0.000429392	3.75971e-07
0.12	0.0922185	0.000436351	1.83102e-07
0.12	0.0922185	0.000443077	7.31025e-08
0.12	0.0922185	0.000449585	2.02055e-08
0.12	0.0922185	0.000455889	2.21496e-09
0.12	0.0922185	0.000462	0
0.12	0.172502	0	0
0.12	0.172502	5.26418e-05	0.000252288
0.12	0.172502	9.43034e-05	0.000246444
0.12	0.172502	0.000128784	0.000215212
0.12	0.172502	0.000158199	0.000181596
0.12	0.172502	0.000183848	0.00015117
0.12	0.172502	0.000206587	0.000124829
0.12	0.172502	0.000227009	0.000102793
0.12	0.172502	0.000245543	8.40105e-05
0.12	0.172502	0.000262509	6.85007e-05
0.12	0.172502	0.000278152	5.56091e-05
0.12	0.172502	0.000292662	4.46334e-05
0.12	0.172502	0.000306194	3.55567e-05
0.12	0.172502	0.000318871	2.8167e-05
0.12	0.172502	0.000330794	2.19746e-05
0.12	0.172502	0.000342048	1.70748e-05
0.12	0.172502	0.000352704	1.30591e-05
0.12	0.172502	0.000362822	9.87494e-06
0.12	0.172502	0.000372455	7.37349e-06
0.12	0.172502	0.000381647	5.39867e-06
0.12	0.172502	0.000390435	3.85995e-06
0.12	0.172502	0.000398855	2.68041e-06
0.12	0.172502	0.000406936	1.7946e-06
0.12	0.172502	0.000414704	1.14662e-06
0.12	0.172502	0.000422182	6.88708e-07
0.12	0.172502	0.000429392	3.79896e-07
0.12	0.172502	0.000436351	1.85029e-07
0.12	0.172502	0.000443077	7.3878e-08
0.12	0.172502	0.000449585	2.04214e-08
0.12	0.172502	0.000455889	2.2388e-09
0.12	0.172502	0.000462	0
0.12	0.243589	0	0
0.12	0.243589	5.26418e-05	0.000253878
0.12	0.243589	9.43034e-05	0.000248351
0.12	0.243589	0.000128784	0.000217574
0.12	0.243589	0.000158199	0.000182985
0.12	0.243589	0.000183848	0.000152309
0.12	0.243589	0.000206587	0.000126025
0.12	0.243589	0.000227009	0.000103482
0.12	0.243589	0.000245543	8.49017e-05
0.12	0.243589	0.000262509	6.90992e-05
0.12	0.243589	0.000278152	5.60151e-05
0.12	0.243589	0.000292662	4.49683e-05
0.12	0.243589	0.000306194	3.61795e-05
0.12	0.243589	0.000318871	2.85972e-05
0.12	0.243589	0.000330794	2.21668e-05
0.12	0.243589	0.000342048	1.72999e-05
0.12	0.243589	0.000352704	1.32919e-05
0.12	0.243589	0.000362822	9.95923e-06
0.12	0.243589	0.000372455	7.43727e-06
0.12	0.243589	0.000381647	5.44596e-06
0.12	0.243589	0.000390435	3.89415e-06
0.12	0.243589	0.000398855	2.70442e-06
0.12	0.243589	0.000406936	1.81084e-06
0.12	0.243589	0.000414704	1.1571e-06
0.12	0.243589	0.000422182	6.95059e-07
0.12	0.243589	0.000429392	3.8343e-07
0.12	0.243589	0.000436351	1.86764e-07
0.12	0.243589	0.000443077	7.45763e-08
0.12	0.243589	0.000449585	2.06159e-08
0.12	0.243589	0.000455889	2.26027e-09
0.12	0.243589	0.000462	0
0.12	0.307372	0	0
0.12	0.307372	5.26418e-05	0.000255778
0.12	0.307372	9.43034e-05	0.000250231
0.12	0.307372	0.000128784	0.000219396
0.12	0.307372	0.000158199	0.000184689
0.12	0.307372	0.000183848	0.000153524
0.12	0.307372	0.000206587	0.000126953
0.12	0.307372	0.000227009	0.000104209
0.12	0.307372	0.000245543	8.54498e-05
0.12	0.307372	0.000262509	6.95434e-05
0.12	0.307372	0.000278152	5.64958e-05
0.12	0.307372	0.000292662	4.5382e-05
0.12	0.307372	0.000306194	3.64286e-05
0.12	0.307372	0.000318871	2.87988e-05
0.12	0.307372	0.000330794	2.26123e-05
0.12	0.307372	0.000342048	1.74359e-05
0.12	0.307372	0.000352704	1.33918e-05
0.12	0.307372	0.000362822	1.01397e-05
0.12	0.307372	0.000372455	7.49529e-06
0.12	0.307372	0.000381647	5.48898e-06
0.12	0.307372	0.000390435	3.92528e-06
0.12	0.307372	0.000398855	2.72628e-06
0.12	0.307372	0.000406936	1.82562e-06
0.12	0.307372	0.000414704	1.16664e-06
0.12	0.307372	0.000422182	7.00842e-07
0.12	0.307372	0.000429392	3.86648e-07
0.12	0.307372	0.000436351	1.88345e-07
0.12	0.307372	0.000443077	7.52123e-08
0.12	0.307372	0.000449585	2.0793e-08
0.12	0.307372	0.000455889	2.27983e-09
0.12	0.307372	0.000462	0
0.12	0.365212	0	0
0.12	0.365212	5.26418e-05	0.000258222
0.12	0.365212	9.43034e-05	0.000252475
0.12	0.365212	0.000128784	0.000221104
0.12	0.365212	0.000158199	0.000186466
0.12	0.365212	0.000183848	0.000155007
0.12	0.365212	0.000206587	0.000128053
0.12	0.365212	0.000227009	0.000104999
0.12	0.365212	0.000245543	8.60576e-05
0.12	0.365212	0.000262509	6.99927e-05
0.12	0.365212	0.000278152	5.68381e-05
0.12	0.365212	0.000292662	4.59561e-05
0.12	0.365212	0.000306194	3.66571e-05
0.12	0.365212	0.000318871	2.90898e-05
0.12	0.365212	0.000330794	2.27803e-05
0.12	0.365212	0.000342048	1.75659e-05
0.12	0.365212	0.000352704	1.35698e-05
0.12	0.365212	0.000362822	1.02102e-05
0.12	0.365212	0.000372455	7.54858e-06
0.12	0.365212	0.000381647	5.52849e-06
0.12	0.365212	0.000390435	3.95387e-06
0.12	0.365212	0.000398855	2.74635e-06
0.12	0.365212	0.000406936	1.8392e-06
0.12	0.365212	0.000414704	1.1754e-06
0.12	0.365212	0.000422182	7.06156e-07
0.12	0.365212	0.000429392	3.89605e-07
0.12	0.365212	0.000436351	1.89798e-07
0.12	0.365212	0.000443077	7.5797e-08
0.12	0.365212	0.000449585	2.09559e-08
0.12	0.365212	0.000455889	2.29782e-09
0.12	0.365212	0.000462	0
0.12	0.418124	0	0
0.12	0.418124	5.26418e-05	0.000260598
0.12	0.418124	9.43034e-05	0.000255205
0.12	0.418124	0.000128784	0.000223403
0.12	0.418124	0.000158199	0.000188169
0.12	0.418124	0.000183848	0.000156738
0.12	0.418124	0.000206587	0.000129339
0.12	0.418124	0.000227009	0.000106017
0.12	0.418124	0.000245543	8.67716e-05
0.12	0.418124	0.000262509	7.08308e-05
0.12	0.418124	0.000278152	5.73382e-05
0.12	0.418124	0.000292662	4.62364e-05
0.12	0.418124	0.000306194	3.68703e-05
0.12	0.418124	0.000318871	2.95126e-05
0.12	0.418124	0.000330794	2.31206e-05
0.12	0.418124	0.000342048	1.77904e-05
0.12	0.418124	0.000352704	1.36546e-05
0.12	0.418124	0.000362822	1.03472e-05
0.12	0.418124	0.000372455	7.64866e-06
0.12	0.418124	0.000381647	5.56506e-06
0.12	0.418124	0.000390435	3.98033e-06
0.12	0.418124	0.000398855	2.76494e-06
0.12	0.418124	0.000406936	1.85178e-06
0.12	0.418124	0.000414704	1.18352e-06
0.12	0.418124	0.000422182	7.11078e-07
0.12	0.418124	0.000429392	3.92345e-07
0.12	0.418124	0.000436351	1.91143e-07
0.12	0.418124	0.000443077	7.63387e-08
0.12	0.418124	0.000449585	2.11068e-08
0.12	0.418124	0.000455889	2.31448e-09
0.12	0.418124	0.000462	0
0.12	0.466881	0	0
0.12	0.466881	5.26418e-05	0.000262855
0.12	0.466881	9.43034e-05	0.000257961
0.12	0.466881	0.000128784	0.000226265
0.12	0.466881	0.000158199	0.000190642
0.12	0.466881	0.000183848	0.000158284
0.12	0.466881	0.000206587	0.000130562
0.12	0.466881	0.000227009	0.0001071
0.12	0.466881	0.000245543	8.76961e-05
0.12	0.466881	0.000262509	7.15246e-05
0.12	0.466881	0.000278152	5.78209e-05
0.12	0.466881	0.000292662	4.66902e-05
0.12	0.466881	0.000306194	3.7225e-05
0.12	0.466881	0.000318871	2.9687e-05
0.12	0.466881	0.000330794	2.32496e-05
0.12	0.466881	0.000342048	1.79014e-05
0.12	0.466881	0.000352704	1.37552e-05
0.12	0.466881	0.000362822	1.0408e-05
0.12	0.466881	0.000372455	7.74938e-06
0.12	0.466881	0.000381647	5.59913e-06
0.12	0.466881	0.000390435	4.00498e-06
0.12	0.466881	0.000398855	2.78226e-06
0.12	0.466881	0.000406936	1.8635e-06
0.12	0.466881	0.000414704	1.19109e-06
0.12	0.466881	0.000422182	7.15665e-07
0.12	0.466881	0.000429392	3.94898e-07
0.12	0.466881	0.000436351	1.92398e-07
0.12	0.466881	0.000443077	7.68437e-08
0.12	0.466881	0.000449585	2.12475e-08
0.12	0.466881	0.000455889	2.33002e-09
0.12	0.466881	0.000462	0
0.12	0.512089	0	0
0.12	0.512089	5.26418e-05	0.000265184
0.12	0.512089	9.43034e-05	0.000260922
0.12	0.512089	0.000128784	0.000228966
0.12	0.512089	0.000158199	0.0001935
0.12	0.512089	0.000183848	0.000160391
0.12	0.512089	0.000206587	0.000132151
0.12	0.512089	0.000227009	0.000108633
0.12	0.512089	0.000245543	8.86539e-05
0.12	0.512089	0.000262509	7.23257e-05
0.12	0.512089	0.000278152	5.84793e-05
0.12	0.512089	0.000292662	4.71761e-05
0.12	0.512089	0.000306194	3.75637e-05
0.12	0.512089	0.000318871	2.99169e-05
0.12	0.512089	0.000330794	2.35114e-05
0.12	0.512089	0.000342048	1.80183e-05
0.12	0.512089	0.000352704	1.3839e-05
0.12	0.512089	0.000362822	1.05531e-05
0.12	0.512089	0.000372455	7.7925e-06
0.12	0.512089	0.000381647	5.63103e-06
0.12	0.512089	0.000390435	4.02807e-06
0.12	0.512089	0.000398855	2.79848e-06
0.12	0.512089	0.000406936	1.87448e-06
0.12	0.512089	0.000414704	1.19817e-06
0.12	0.512089	0.000422182	7.19963e-07
0.12	0.512089	0.000429392	3.97291e-07
0.12	0.512089	0.000436351	1.93573e-07
0.12	0.512089	0.000443077	7.7317e-08
0.12	0.512089	0.000449585	2.13794e-08
0.12	0.512089	0.000455889	2.34459e-09
0.12	0.512089	0.000462	0
0.12	0.55423	0	0
0.12	0.55423	5.26418e-05	0.000267387
0.12	0.55423	9.43034e-05	0.000263748
0.12	0.55423	0.000128784	0.000231916
0.12	0.55423	0.000158199	0.000196084
0.12	0.55423	0.000183848	0.000162847
0.12	0.55423	0.000206587	0.000134155
0.12	0.55423	0.000227009	0.000110222
0.12	0.55423	0.000245543	8.99121e-05
0.12	0.55423	0.000262509	7.33085e-05
0.12	0.55423	0.000278152	5.92368e-05
0.12	0.55423	0.000292662	4.79017e-05
0.12	0.55423	0.000306194	3.80324e-05
0.12	0.55423	0.000318871	3.02664e-05
0.12	0.55423	0.000330794	2.37593e-05
0.12	0.55423	0.000342048	1.81904e-05
0.12	0.55423	0.000352704	1.40502e-05
0.12	0.55423	0.000362822	1.06177e-05
0.12	0.55423	0.000372455	7.90928e-06
0.12	0.55423	0.000381647	5.66126e-06
0.12	0.55423	0.000390435	4.0498e-06
0.12	0.55423	0.000398855	2.81374e-06
0.12	0.55423	0.000406936	1.88481e-06
0.12	0.55423	0.000414704	1.20484e-06
0.12	0.55423	0.000422182	7.2401e-07
0.12	0.55423	0.000429392	3.99544e-07
0.12	0.55423	0.000436351	1.9468e-07
0.12	0.55423	0.000443077	7.77627e-08
0.12	0.55423	0.000449585	2.15036e-08
0.12	0.55423	0.000455889	2.35831e-09
0.12	0.55423	0.000462	0
0.12	0.593693	0	0
0.12	0.593693	5.26418e-05	0.000269524
0.12	0.593693	9.43034e-05	0.000267243
0.12	0.593693	0.000128784	0.000235007
0.12	0.593693	0.000158199	0.000199103
0.12	0.593693	0.000183848	0.000165195
0.12	0.593693	0.000206587	0.000136331
0.12	0.593693	0.000227009	0.000112044
0.12	0.593693	0.000245543	9.13577e-05
0.12	0.593693	0.000262509	7.45553e-05
0.12	0.593693	0.000278152	6.02647e-05
0.12	0.593693	0.000292662	4.87138e-05
0.12	0.593693	0.000306194	3.8672e-05
0.12	0.593693	0.000318871	3.08652e-05
0.12	0.593693	0.000330794	2.41298e-05
0.12	0.593693	0.000342048	1.84533e-05
0.12	0.593693	0.000352704	1.42429e-05
0.12	0.593693	0.000362822	1.07614e-05
0.12	0.593693	0.000372455	7.98317e-06
0.12	0.593693	0.000381647	5.75559e-06
0.12	0.593693	0.000390435	4.07439e-06
0.12	0.593693	0.000398855	2.82901e-06
0.12	0.593693	0.000406936	1.8946e-06
0.12	0.593693	0.000414704	1.21115e-06
0.12	0.593693	0.000422182	7.27834e-07
0.12	0.593693	0.000429392	4.01674e-07
0.12	0.593693	0.000436351	1.95727e-07
0.12	0.593693	0.000443077	7.81842e-08
0.12	0.593693	0.000449585	2.1621e-08
0.12	0.593693	0.000455889	2.37129e-09
0.12	0.593693	0.000462	0
0.12	0.630798	0	0
0.12	0.630798	5.26418e-05	0.000272193
0.12	0.630798	9.43034e-05	0.000271168
0.12	0.630798	0.000128784	0.00023916
0.12	0.630798	0.000158199	0.000202403
0.12	0.630798	0.000183848	0.000167618
0.12	0.630798	0.000206587	0.000138471
0.12	0.630798	0.000227009	0.000113982
0.12	0.630798	0.000245543	9.30318e-05
0.12	0.630798	0.000262509	7.58175e-05
0.12	0.630798	0.000278152	6.13639e-05
0.12	0.630798	0.000292662	4.9672e-05
0.12	0.630798	0.000306194	3.96062e-05
0.12	0.630798	0.000318871	3.15442e-05
0.12	0.630798	0.000330794	2.46628e-05
0.12	0.630798	0.000342048	1.88685e-05
0.12	0.630798	0.000352704	1.4572e-05
0.12	0.630798	0.000362822	1.09944e-05
0.12	0.630798	0.000372455	8.14014e-06
0.12	0.630798	0.000381647	5.91071e-06
0.12	0.630798	0.000390435	4.13202e-06
0.12	0.630798	0.000398855	2.86098e-06
0.12	0.630798	0.000406936	1.91156e-06
0.12	0.630798	0.000414704	1.21867e-06
0.12	0.630798	0.000422182	7.31732e-07
0.12	0.630798	0.000429392	4.03694e-07
0.12	0.630798	0.000436351	1.9672e-07
0.12	0.630798	0.000443077	7.8584e-08
0.12	0.630798	0.000449585	2.17324e-08
0.12	0.630798	0.000455889	2.3836e-09
0.12	0.630798	0.000462	0
0.12	0.665812	0	0
0.12	0.665812	5.26418e-05	0.000274714
0.12	0.665812	9.43034e-05	0.000274879
0.12	0.665812	0.000128784	0.000243578
0.12	0.665812	0.000158199	0.000206906
0.12	0.665812	0.000183848	0.00017151
0.12	0.665812	0.000206587	0.000141486
0.12	0.665812	0.000227009	0.00011621
0.12	0.665812	0.000245543	9.50355e-05
0.12	0.665812	0.000262509	7.76101e-05
0.12	0.665812	0.000278152	6.27676e-05
0.12	0.665812	0.000292662	5.07925e-05
0.12	0.665812	0.000306194	4.0552e-05
0.12	0.665812	0.000318871	3.2344e-05
0.12	0.665812	0.000330794	2.53454e-05
0.12	0.665812	0.000342048	1.95526e-05
0.12	0.665812	0.000352704	1.50444e-05
0.12	0.665812	0.000362822	1.137e-05
0.12	0.665812	0.000372455	8.50433e-06
0.12	0.665812	0.000381647	6.11203e-06
0.12	0.665812	0.000390435	4.27414e-06
0.12	0.665812	0.000398855	2.95516e-06
0.12	0.665812	0.000406936	1.96761e-06
0.12	0.665812	0.000414704	1.25137e-06
0.12	0.665812	0.000422182	7.47443e-07
0.12	0.665812	0.000429392	4.09926e-07
0.12	0.665812	0.000436351	1.98778e-07
0.12	0.665812	0.000443077	7.90536e-08
0.12	0.665812	0.000449585	2.18385e-08
0.12	0.665812	0.000455889	2.39531e-09
0.12	0.665812	0.000462	0
0.12	0.698958	0	0
0.12	0.698958	5.26418e-05	0.000277101
0.12	0.698958	9.43034e-05	0.000278941
0.12	0.698958	0.000128784	0.000248343
0.12	0.698958	0.000158199	0.000211702
0.12	0.698958	0.000183848	0.000176256
0.12	0.698958	0.000206587	0.000145676
0.12	0.698958	0.000227009	0.000119373
0.12	0.698958	0.000245543	9.72946e-05
0.12	0.698958	0.000262509	7.96352e-05
0.12	0.698958	0.000278152	6.45738e-05
0.12	0.698958	0.000292662	5.23336e-05
0.12	0.698958	0.000306194	4.1897e-05
0.12	0.698958	0.000318871	3.33778e-05
0.12	0.698958	0.000330794	2.63349e-05
0.12	0.698958	0.000342048	2.02886e-05
0.12	0.698958	0.000352704	1.56594e-05
0.12	0.698958	0.000362822	1.19905e-05
0.12	0.698958	0.000372455	8.93483e-06
0.12	0.698958	0.000381647	6.52208e-06
0.12	0.698958	0.000390435	4.53974e-06
0.12	0.698958	0.000398855	3.15642e-06
0.12	0.698958	0.000406936	2.11523e-06
0.12	0.698958	0.000414704	1.35213e-06
0.12	0.698958	0.000422182	8.12053e-07
0.12	0.698958	0.000429392	4.4824e-07
0.12	0.698958	0.000436351	2.19196e-07
0.12	0.698958	0.000443077	8.85012e-08
0.12	0.698958	0.000449585	2.52126e-08
0.12	0.698958	0.000455889	2.95397e-09
0.12	0.698958	0.000462	0
0.12	0.730425	0	0
0.12	0.730425	5.26418e-05	0.000279985
0.12	0.730425	9.43034e-05	0.000283798
0.12	0.730425	0.000128784	0.000253747
0.12	0.730425	0.000158199	0.000216497
0.12	0.730425	0.000183848	0.000180766
0.12	0.730425	0.000206587	0.000149693
0.12	0.730425	0.000227009	0.000123121
0.12	0.730425	0.000245543	0.000100915
0.12	0.730425	0.000262509	8.198e-05
0.12	0.730425	0.000278152	6.66975e-05
0.12	0.730425	0.000292662	5.39592e-05
0.12	0.730425	0.000306194	4.33739e-05
0.12	0.730425	0.000318871	3.47412e-05
0.12	0.730425	0.000330794	2.73581e-05
0.12	0.730425	0.000342048	2.11904e-05
0.12	0.730425	0.000352704	1.64496e-05
0.12	0.730425	0.000362822	1.26878e-05
0.12	0.730425	0.000372455	9.5284e-06
0.12	0.730425	0.000381647	7.01673e-06
0.12	0.730425	0.000390435	4.94977e-06
0.12	0.730425	0.000398855	3.48853e-06
0.12	0.730425	0.000406936	2.3792e-06
0.12	0.730425	0.000414704	1.55426e-06
0.12	0.730425	0.000422182	9.59875e-07
0.12	0.730425	0.000429392	5.48074e-07
0.12	0.730425	0.000436351	2.78014e-07
0.12	0.730425	0.000443077	1.16153e-07
0.12	0.730425	0.000449585	3.35218e-08
0.12	0.730425	0.000455889	3.84734e-09
0.12	0.730425	0.000462	0
0.12	0.760374	0	0
0.12	0.760374	5.26418e-05	0.000282784
0.12	0.760374	9.43034e-05	0.00028853
0.12	0.760374	0.000128784	0.000259309
0.12	0.760374	0.000158199	0.000222097
0.12	0.760374	0.000183848	0.000185672
0.12	0.760374	0.000206587	0.000153816
0.12	0.760374	0.000227009	0.000126743
0.12	0.760374	0.000245543	0.000104309
0.12	0.760374	0.000262509	8.51032e-05
0.12	0.760374	0.000278152	6.9369e-05
0.12	0.760374	0.000292662	5.60501e-05
0.12	0.760374	0.000306194	4.50244e-05
0.12	0.760374	0.000318871	3.62423e-05
0.12	0.760374	0.000330794	2.87011e-05
0.12	0.760374	0.000342048	2.23237e-05
0.12	0.760374	0.000352704	1.7523e-05
0.12	0.760374	0.000362822	1.35409e-05
0.12	0.760374	0.000372455	1.02813e-05
0.12	0.760374	0.000381647	7.65529e-06
0.12	0.760374	0.000390435	5.48556e-06
0.12	0.760374	0.000398855	3.92136e-06
0.12	0.760374	0.000406936	2.71551e-06
0.12	0.760374	0.000414704	1.79734e-06
0.12	0.760374	0.000422182	1.12429e-06
0.12	0.760374	0.000429392	6.44522e-07
0.12	0.760374	0.000436351	3.24974e-07
0.12	0.760374	0.000443077	1.33111e-07
0.12	0.760374	0.000449585	3.72474e-08
0.12	0.760374	0.000455889	4.10029e-09
0.12	0.760374	0.000462	0
0.12	0.788947	0	0
0.12	0.788947	5.26418e-05	0.000285793
0.12	0.788947	9.43034e-05	0.000293799
0.12	0.788947	0.000128784	0.000264854
0.12	0.788947	0.000158199	0.000227456
0.12	0.788947	0.000183848	0.000191324
0.12	0.788947	0.000206587	0.00015879
0.12	0.788947	0.000227009	0.000130955
0.12	0.788947	0.000245543	0.000107945
0.12	0.788947	0.000262509	8.8482e-05
0.12	0.788947	0.000278152	7.24744e-05
0.12	0.788947	0.000292662	5.87465e-05
0.12	0.788947	0.000306194	4.73533e-05
0.12	0.788947	0.000318871	3.82407e-05
0.12	0.788947	0.000330794	3.00262e-05
0.12	0.788947	0.000342048	2.36651e-05
0.12	0.788947	0.000352704	1.87123e-05
0.12	0.788947	0.000362822	1.45452e-05
0.12	0.788947	0.000372455	1.1106e-05
0.12	0.788947	0.000381647	8.32328e-06
0.12	0.788947	0.000390435	6.05761e-06
0.12	0.788947	0.000398855	4.30366e-06
0.12	0.788947	0.000406936	2.97669e-06
0.12	0.788947	0.000414704	1.96264e-06
0.12	0.788947	0.000422182	1.21143e-06
0.12	0.788947	0.000429392	6.81983e-07
0.12	0.788947	0.000436351	3.36012e-07
0.12	0.788947	0.000443077	1.34836e-07
0.12	0.788947	0.000449585	3.74269e-08
0.12	0.788947	0.000455889	4.11991e-09
0.12	0.788947	0.000462	0
0.12	0.816262	0	0
0.12	0.816262	5.26418e-05	0.000289148
0.12	0.816262	9.43034e-05	0.000298991
0.12	0.816262	0.000128784	0.00027082
0.12	0.816262	0.000158199	0.000233538
0.12	0.816262	0.000183848	0.0001967
0.12	0.816262	0.000206587	0.000164065
0.12	0.816262	0.000227009	0.00013611
0.12	0.816262	0.000245543	0.000112448
0.12	0.816262	0.000262509	9.20321e-05
0.12	0.816262	0.000278152	7.55358e-05
0.12	0.816262	0.000292662	6.15869e-05
0.12	0.816262	0.000306194	4.9937e-05
0.12	0.816262	0.000318871	4.05218e-05
0.12	0.816262	0.000330794	3.19879e-05
0.12	0.816262	0.000342048	2.54389e-05
0.12	0.816262	0.000352704	1.99994e-05
0.12	0.816262	0.000362822	1.55305e-05
0.12	0.816262	0.000372455	1.18975e-05
0.12	0.816262	0.000381647	8.8912e-06
0.12	0.816262	0.000390435	6.43799e-06
0.12	0.816262	0.000398855	4.5546e-06
0.12	0.816262	0.000406936	3.12974e-06
0.12	0.816262	0.000414704	2.04068e-06
0.12	0.816262	0.000422182	1.24254e-06
0.12	0.816262	0.000429392	6.90431e-07
0.12	0.816262	0.000436351	3.37775e-07
0.12	0.816262	0.000443077	1.35445e-07
0.12	0.816262	0.000449585	3.75975e-08
0.12	0.816262	0.000455889	4.13887e-09
0.12	0.816262	0.000462	0
0.12	0.842428	0	0
0.12	0.842428	5.26418e-05	0.000292481
0.12	0.842428	9.43034e-05	0.000303984
0.12	0.842428	0.000128784	0.000276565
0.12	0.842428	0.000158199	0.000239549
0.12	0.842428	0.000183848	0.000203543
0.12	0.842428	0.000206587	0.000170895
0.12	0.842428	0.000227009	0.00014215
0.12	0.842428	0.000245543	0.000117577
0.12	0.842428	0.000262509	9.6682e-05
0.12	0.842428	0.000278152	7.93989e-05
0.12	0.842428	0.000292662	6.46723e-05
0.12	0.842428	0.000306194	5.26478e-05
0.12	0.842428	0.000318871	4.26797e-05
0.12	0.842428	0.000330794	3.40419e-05
0.12	0.842428	0.000342048	2.70864e-05
0.12	0.842428	0.000352704	2.13305e-05
0.12	0.842428	0.000362822	1.65555e-05
0.12	0.842428	0.000372455	1.26228e-05
0.12	0.842428	0.000381647	9.37001e-06
0.12	0.842428	0.000390435	6.73169e-06
0.12	0.842428	0.000398855	4.72446e-06
0.12	0.842428	0.000406936	3.2083e-06
0.12	0.842428	0.000414704	2.07113e-06
0.12	0.842428	0.000422182	1.25144e-06
0.12	0.842428	0.000429392	6.93428e-07
0.12	0.842428	0.000436351	3.39229e-07
0.12	0.842428	0.000443077	1.36034e-07
0.12	0.842428	0.000449585	3.77626e-08
0.12	0.842428	0.000455889	4.15721e-09
0.12	0.842428	0.000462	0
0.12	0.867536	0	0
0.12	0.867536	5.26418e-05	0.000295688
0.12	0.867536	9.43034e-05	0.000308795
0.12	0.867536	0.000128784	0.000282122
0.12	0.867536	0.000158199	0.000247003
0.12	0.867536	0.000183848	0.000211277
0.12	0.867536	0.000206587	0.000178341
0.12	0.867536	0.000227009	0.000149074
0.12	0.867536	0.000245543	0.000123764
0.12	0.867536	0.000262509	0.000102289
0.12	0.867536	0.000278152	8.45869e-05
0.12	0.867536	0.000292662	6.93035e-05
0.12	0.867536	0.000306194	5.63794e-05
0.12	0.867536	0.000318871	4.54792e-05
0.12	0.867536	0.000330794	3.62543e-05
0.12	0.867536	0.000342048	2.8713e-05
0.12	0.867536	0.000352704	2.25401e-05
0.12	0.867536	0.000362822	1.74526e-05
0.12	0.867536	0.000372455	1.33995e-05
0.12	0.867536	0.000381647	9.96121e-06
0.12	0.867536	0.000390435	7.03825e-06
0.12	0.867536	0.000398855	4.8861e-06
0.12	0.867536	0.000406936	3.27081e-06
0.12	0.867536	0.000414704	2.0931e-06
0.12	0.867536	0.000422182	1.25741e-06
0.12	0.867536	0.000429392	6.96277e-07
0.12	0.867536	0.000436351	3.40637e-07
0.12	0.867536	0.000443077	1.36604e-07
0.12	0.867536	0.000449585	3.79225e-08
0.12	0.867536	0.000455889	4.17498e-09
0.12	0.867536	0.000462	0
0.12	0.891668	0	0
0.12	0.891668	5.26418e-05	0.000298779
0.12	0.891668	9.43034e-05	0.000313437
0.12	0.891668	0.000128784	0.000288685
0.12	0.891668	0.000158199	0.000254426
0.12	0.891668	0.000183848	0.000218694
0.12	0.891668	0.000206587	0.000185867
0.12	0.891668	0.000227009	0.000155991
0.12	0.891668	0.000245543	0.000130449
0.12	0.891668	0.000262509	0.00010842
0.12	0.891668	0.000278152	8.99506e-05
0.12	0.891668	0.000292662	7.38957e-05
0.12	0.891668	0.000306194	6.03389e-05
0.12	0.891668	0.000318871	4.85302e-05
0.12	0.891668	0.000330794	3.90323e-05
0.12	0.891668	0.000342048	3.09483e-05
0.12	0.891668	0.000352704	2.42022e-05
0.12	0.891668	0.000362822	1.87136e-05
0.12	0.891668	0.000372455	1.41824e-05
0.12	0.891668	0.000381647	1.04761e-05
0.12	0.891668	0.000390435	7.34238e-06
0.12	0.891668	0.000398855	5.06196e-06
0.12	0.891668	0.000406936	3.39009e-06
0.12	0.891668	0.000414704	2.16066e-06
0.12	0.891668	0.000422182	1.29083e-06
0.12	0.891668	0.000429392	7.04971e-07
0.12	0.891668	0.000436351	3.42908e-07
0.12	0.891668	0.000443077	1.37158e-07
0.12	0.891668	0.000449585	3.80777e-08
0.12	0.891668	0.000455889	4.19222e-09
0.12	0.891668	0.000462	0
0.12	0.914898	0	0
0.12	0.914898	5.26418e-05	0.000301763
0.12	0.914898	9.43034e-05	0.000317921
0.12	0.914898	0.000128784	0.000295157
0.12	0.914898	0.000158199	0.000261733
0.12	0.914898	0.000183848	0.000226304
0.12	0.914898	0.000206587	0.000193417
0.12	0.914898	0.000227009	0.000163443
0.12	0.914898	0.000245543	0.000137347
0.12	0.914898	0.000262509	0.000114727
0.12	0.914898	0.000278152	9.54615e-05
0.12	0.914898	0.000292662	7.87018e-05
0.12	0.914898	0.000306194	6.43028e-05
0.12	0.914898	0.000318871	5.1773e-05
0.12	0.914898	0.000330794	4.16786e-05
0.12	0.914898	0.000342048	3.32498e-05
0.12	0.914898	0.000352704	2.59944e-05
0.12	0.914898	0.000362822	2.00134e-05
0.12	0.914898	0.000372455	1.51286e-05
0.12	0.914898	0.000381647	1.11406e-05
0.12	0.914898	0.000390435	7.76702e-06
0.12	0.914898	0.000398855	5.39523e-06
0.12	0.914898	0.000406936	3.60757e-06
0.12	0.914898	0.000414704	2.30343e-06
0.12	0.914898	0.000422182	1.37951e-06
0.12	0.914898	0.000429392	7.55719e-07
0.12	0.914898	0.000436351	3.62992e-07
0.12	0.914898	0.000443077	1.429e-07
0.12	0.914898	0.000449585	3.85849e-08
0.12	0.914898	0.000455889	4.20897e-09
0.12	0.914898	0.000462	0
0.12	0.937291	0	0
0.12	0.937291	5.26418e-05	0.000304647
0.12	0.937291	9.43034e-05	0.000322394
0.12	0.937291	0.000128784	0.000301805
0.12	0.937291	0.000158199	0.000270071
0.12	0.937291	0.000183848	0.00023471
0.12	0.937291	0.000206587	0.000201882
0.12	0.937291	0.000227009	0.000171953
0.12	0.937291	0.000245543	0.000145084
0.12	0.937291	0.000262509	0.000122157
0.12	0.937291	0.000278152	0.000101847
0.12	0.937291	0.000292662	8.41193e-05
0.12	0.937291	0.000306194	6.87201e-05
0.12	0.937291	0.000318871	5.5618e-05
0.12	0.937291	0.000330794	4.47456e-05
0.12	0.937291	0.000342048	3.56607e-05
0.12	0.937291	0.000352704	2.77213e-05
0.12	0.937291	0.000362822	2.13544e-05
0.12	0.937291	0.000372455	1.6163e-05
0.12	0.937291	0.000381647	1.1971e-05
0.12	0.937291	0.000390435	8.38226e-06
0.12	0.937291	0.000398855	5.8336e-06
0.12	0.937291	0.000406936	3.9229e-06
0.12	0.937291	0.000414704	2.52619e-06
0.12	0.937291	0.000422182	1.53559e-06
0.12	0.937291	0.000429392	8.61464e-07
0.12	0.937291	0.000436351	4.29798e-07
0.12	0.937291	0.000443077	1.77729e-07
0.12	0.937291	0.000449585	5.27874e-08
0.12	0.937291	0.000455889	7.52602e-09
0.12	0.937291	0.000462	0
0.12	0.958905	0	0
0.12	0.958905	5.26418e-05	0.000307438
0.12	0.958905	9.43034e-05	0.000327348
0.12	0.958905	0.000128784	0.000309456
0.12	0.958905	0.000158199	0.000278982
0.12	0.958905	0.000183848	0.000243967
0.12	0.958905	0.000206587	0.000211348
0.12	0.958905	0.000227009	0.000181401
0.12	0.958905	0.000245543	0.000153834
0.12	0.958905	0.000262509	0.000129692
0.12	0.958905	0.000278152	0.000108326
0.12	0.958905	0.000292662	8.94891e-05
0.12	0.958905	0.000306194	7.32007e-05
0.12	0.958905	0.000318871	5.97928e-05
0.12	0.958905	0.000330794	4.84947e-05
0.12	0.958905	0.000342048	3.88618e-05
0.12	0.958905	0.000352704	3.07786e-05
0.12	0.958905	0.000362822	2.375e-05
0.12	0.958905	0.000372455	1.7933e-05
0.12	0.958905	0.000381647	1.31998e-05
0.12	0.958905	0.000390435	9.3671e-06
0.12	0.958905	0.000398855	6.54371e-06
0.12	0.958905	0.000406936	4.43558e-06
0.12	0.958905	0.000414704	2.87837e-06
0.12	0.958905	0.000422182	1.78887e-06
0.12	0.958905	0.000429392	1.03822e-06
0.12	0.958905	0.000436351	5.42896e-07
0.12	0.958905	0.000443077	2.51722e-07
0.12	0.958905	0.000449585	8.5645e-08
0.12	0.958905	0.000455889	1.07729e-08
0.12	0.958905	0.000462	0
0.12	0.979792	0	0
0.12	0.979792	5.26418e-05	0.000310142
0.12	0.979792	9.43034e-05	0.000331999
0.12	0.979792	0.000128784	0.000318058
0.12	0.979792	0.000158199	0.000288767
0.12	0.979792	0.000183848	0.000253913
0.12	0.979792	0.000206587	0.000221052
0.12	0.979792	0.000227009	0.000190798
0.12	0.979792	0.000245543	0.000162879
0.12	0.979792	0.000262509	0.000137499
0.12	0.979792	0.000278152	0.000114999
0.12	0.979792	0.000292662	9.55129e-05
0.12	0.979792	0.000306194	7.91222e-05
0.12	0.979792	0.000318871	6.5065e-05
0.12	0.979792	0.000330794	5.29551e-05
0.12	0.979792	0.000342048	4.25762e-05
0.12	0.979792	0.000352704	3.38411e-05
0.12	0.979792	0.000362822	2.62312e-05
0.12	0.979792	0.000372455	1.99179e-05
0.12	0.979792	0.000381647	1.4785e-05
0.12	0.979792	0.000390435	1.06427e-05
0.12	0.979792	0.000398855	7.51922e-06
0.12	0.979792	0.000406936	5.21132e-06
0.12	0.979792	0.000414704	3.47314e-06
0.12	0.979792	0.000422182	2.20218e-06
0.12	0.979792	0.000429392	1.3218e-06
0.12	0.979792	0.000436351	7.26111e-07
0.12	0.979792	0.000443077	3.33137e-07
0.12	0.979792	0.000449585	1.04012e-07
0.12	0.979792	0.000455889	1.1892e-08
0.12	0.979792	0.000462	0
0.12	1	0	0
0.12	1	5.26418e-05	0.000311928
0.12	1	9.43034e-05	0.00033784
0.12	1	0.000128784	0.000326892
0.12	1	0.000158199	0.000298091
0.12	1	0.000183848	0.000263628
0.12	1	0.000206587	0.00023058
0.12	1	0.000227009	0.000199807
0.12	1	0.000245543	0.000171706
0.12	1	0.000262509	0.000146194
0.12	1	0.000278152	0.000120952
0.12	1	0.000292662	0.000101104
0.12	1	0.000306194	8.45172e-05
0.12	1	0.000318871	7.02083e-05
0.12	1	0.000330794	5.75605e-05
0.12	1	0.000342048	4.68005e-05
0.12	1	0.000352704	3.75018e-05
0.12	1	0.000362822	2.96913e-05
0.12	1	0.000372455	2.3169e-05
0.12	1	0.000381647	1.69257e-05
0.12	1	0.000390435	1.26004e-05
0.12	1	0.000398855	9.08174e-06
0.12	1	0.000406936	6.38714e-06
0.12	1	0.000414704	4.42115e-06
0.12	1	0.000422182	2.92797e-06
0.12	1	0.000429392	1.82248e-06
0.12	1	0.000436351	1.07887e-06
0.12	1	0.000443077	5.53321e-07
0.12	1	0.000449585	1.94354e-07
0.12	1	0.000455889	2.31476e-08
0.12	1	0.000462	0
