0.9	-1	0	0
0.9	-1	0.0888116	677.157
0.9	-1	0.159098	325.201
0.9	-1	0.217271	190.289
0.9	-1	0.266897	75.5996
0.9	-1	0.310169	59.2399
0.9	-1	0.348531	25.6753
0.9	-1	0.382985	12.4474
0.9	-1	0.414254	5.71376
0.9	-1	0.442877	2.20547
0.9	-1	0.469267	0.784825
0.9	-1	0.493748	0.252221
0.9	-1	0.516577	0.0587837
0.9	-1	0.537964	0.00604443
0.9	-1	0.558079	0.0012692
0.9	-1	0.577065	4.65956e-06
0.9	-1	0.595043	0
0.9	-1	0.612114	0
0.9	-1	0.628366	0
0.9	-1	0.643872	0
0.9	-1	0.6587	0
0.9	-1	0.672905	0
0.9	-1	0.686538	0
0.9	-1	0.699643	0
0.9	-1	0.712259	0
0.9	-1	0.724423	0
0.9	-1	0.736164	0
0.9	-1	0.747511	0
0.9	-1	0.758491	0
0.9	-1	0.769125	0
0.9	-1	0.779436	0
0.9	-0.634788	0	0
0.9	-0.634788	0.0888116	730.945
0.9	-0.634788	0.159098	741.958
0.9	-0.634788	0.217271	360.36
0.9	-0.634788	0.266897	256.921
0.9	-0.634788	0.310169	123.111
0.9	-0.634788	0.348531	95.2604
0.9	-0.634788	0.382985	51.1938
0.9	-0.634788	0.414254	24.4085
0.9	-0.634788	0.442877	12.8422
0.9	-0.634788	0.469267	6.10727
0.9	-0.634788	0.493748	2.81811
0.9	-0.634788	0.516577	1.17501
0.9	-0.634788	0.537964	0.433867
0.9	-0.634788	0.558079	0.113563
0.9	-0.634788	0.577065	0.0175453
0.9	-0.634788	0.595043	0.00160549
0.9	-0.634788	0.612114	0
0.9	-0.634788	0.628366	0
0.9	-0.634788	0.643872	0
0.9	-0.634788	0.6587	0
0.9	-0.634788	0.672905	0
0.9	-0.634788	0.686538	0
0.9	-0.634788	0.699643	0
0.9	-0.634788	0.712259	0
0.9	-0.634788	0.724423	0
0.9	-0.634788	0.736164	0
0.9	-0.634788	0.747511	0
0.9	-0.634788	0.758491	0
0.9	-0.634788	0.769125	0
0.9	-0.634788	0.779436	0
0.9	-0.406307	0	0
0.9	-0.406307	0.0888116	730.044
0.9	-0.406307	0.159098	1028.6
0.9	-0.406307	0.217271	588.274
0.9	-0.406307	0.266897	418.991
0.9	-0.406307	0.310169	261.696
0.9	-0.406307	0.348531	220.975
0.9	-0.406307	0.382985	122.884
0.9	-0.406307	0.414254	70.6977
0.9	-0.406307	0.442877	35.329
0.9	-0.406307	0.469267	18.8443
0.9	-0.406307	0.493748	10.35
0.9	-0.406307	0.516577	5.26078
0.9	-0.406307	0.537964	2.61099
0.9	-0.406307	0.558079	1.20722
0.9	-0.406307	0.577065	0.371035
0.9	-0.406307	0.595043	0.0643705
0.9	-0.406307	0.612114	0.00604178
0.9	-0.406307	0.628366	9.76749e-07
0.9	-0.406307	0.643872	-4.04809e-09
0.9	-0.406307	0.6587	0
0.9	-0.406307	0.672905	0
0.9	-0.406307	0.686538	0
0.9	-0.406307	0.699643	0
0.9	-0.406307	0.712259	0
0.9	-0.406307	0.724423	0
0.9	-0.406307	0.736164	0
0.9	-0.406307	0.747511	0
0.9	-0.406307	0.758491	0
0.9	-0.406307	0.769125	0
0.9	-0.406307	0.779436	0
0.9	-0.239626	0	0
0.9	-0.239626	0.0888116	715.476
0.9	-0.239626	0.159098	1190.41
0.9	-0.239626	0.217271	898.657
0.9	-0.239626	0.266897	615.879
0.9	-0.239626	0.310169	424.592
0.9	-0.239626	0.348531	427.401
0.9	-0.239626	0.382985	207.021
0.9	-0.239626	0.414254	142.889
0.9	-0.239626	0.442877	84.7947
0.9	-0.239626	0.469267	45.1771
0.9	-0.239626	0.493748	25.3573
0.9	-0.239626	0.516577	14.3844
0.9	-0.239626	0.537964	7.86435
0.9	-0.239626	0.558079	4.09255
0.9	-0.239626	0.577065	2.01685
0.9	-0.239626	0.595043	0.933726
0.9	-0.239626	0.612114	0.265595
0.9	-0.239626	0.628366	0.0256362
0.9	-0.239626	0.643872	6.38199e-06
0.9	-0.239626	0.6587	0
0.9	-0.239626	0.672905	0
0.9	-0.239626	0.686538	0
0.9	-0.239626	0.699643	0
0.9	-0.239626	0.712259	0
0.9	-0.239626	0.724423	0
0.9	-0.239626	0.736164	0
0.9	-0.239626	0.747511	0
0.9	-0.239626	0.758491	0
0.9	-0.239626	0.769125	0
0.9	-0.239626	0.779436	0
0.9	-0.108332	0	0
0.9	-0.108332	0.0888116	688.87
0.9	-0.108332	0.159098	1300.16
0.9	-0.108332	0.217271	1187.35
0.9	-0.108332	0.266897	781.022
0.9	-0.108332	0.310169	591.239
0.9	-0.108332	0.348531	681.218
0.9	-0.108332	0.382985	335.653
0.9	-0.108332	0.414254	211.221
0.9	-0.108332	0.442877	157.851
0.9	-0.108332	0.469267	98.8265
0.9	-0.108332	0.493748	55.5404
0.9	-0.108332	0.516577	30.9877
0.9	-0.108332	0.537964	18.3303
0.9	-0.108332	0.558079	10.2877
0.9	-0.108332	0.577065	5.68596
0.9	-0.108332	0.595043	3.03694
0.9	-0.108332	0.612114	1.49551
0.9	-0.108332	0.628366	0.621737
0.9	-0.108332	0.643872	0.136706
0.9	-0.108332	0.6587	0.00477204
0.9	-0.108332	0.672905	0
0.9	-0.108332	0.686538	0
0.9	-0.108332	0.699643	0
0.9	-0.108332	0.712259	0
0.9	-0.108332	0.724423	0
0.9	-0.108332	0.736164	0
0.9	-0.108332	0.747511	0
0.9	-0.108332	0.758491	0
0.9	-0.108332	0.769125	0
0.9	-0.108332	0.779436	0
0.9	-2e-20	0	0
0.9	-2e-20	0.0888116	653.032
0.9	-2e-20	0.159098	1366.65
0.9	-2e-20	0.217271	1476.44
0.9	-2e-20	0.266897	1029.33
0.9	-2e-20	0.310169	806.512
0.9	-2e-20	0.348531	928.98
0.9	-2e-20	0.382985	560.103
0.9	-2e-20	0.414254	279.138
0.9	-2e-20	0.442877	216.831
0.9	-2e-20	0.469267	177.232
0.9	-2e-20	0.493748	114.375
0.9	-2e-20	0.516577	65.1296
0.9	-2e-20	0.537964	35.8773
0.9	-2e-20	0.558079	21.8261
0.9	-2e-20	0.577065	12.8862
0.9	-2e-20	0.595043	7.51039
0.9	-2e-20	0.612114	3.92995
0.9	-2e-20	0.628366	2.07694
0.9	-2e-20	0.643872	0.945626
0.9	-2e-20	0.6587	0.340998
0.9	-2e-20	0.672905	0.0562495
0.9	-2e-20	0.686538	0.000579534
0.9	-2e-20	0.699643	0
0.9	-2e-20	0.712259	0
0.9	-2e-20	0.724423	0
0.9	-2e-20	0.736164	0
0.9	-2e-20	0.747511	0
0.9	-2e-20	0.758491	0
0.9	-2e-20	0.769125	0
0.9	-2e-20	0.779436	0
0.9	0.0922185	0	0
0.9	0.0922185	0.0888116	615.818
0.9	0.0922185	0.159098	1398.66
0.9	0.0922185	0.217271	1706.12
0.9	0.0922185	0.266897	1317.53
0.9	0.0922185	0.310169	1003.51
0.9	0.0922185	0.348531	1132.86
0.9	0.0922185	0.382985	811.758
0.9	0.0922185	0.414254	519.509
0.9	0.0922185	0.442877	290.934
0.9	0.0922185	0.469267	241.969
0.9	0.0922185	0.493748	195.759
0.9	0.0922185	0.516577	127.508
0.9	0.0922185	0.537964	73.6854
0.9	0.0922185	0.558079	41.4441
0.9	0.0922185	0.577065	25.5412
0.9	0.0922185	0.595043	15.6091
0.9	0.0922185	0.612114	8.92922
0.9	0.0922185	0.628366	5.05087
0.9	0.0922185	0.643872	2.60921
0.9	0.0922185	0.6587	1.33087
0.9	0.0922185	0.672905	0.519528
0.9	0.0922185	0.686538	0.143956
0.9	0.0922185	0.699643	0.00990139
0.9	0.0922185	0.712259	0
0.9	0.0922185	0.724423	0
0.9	0.0922185	0.736164	0
0.9	0.0922185	0.747511	0
0.9	0.0922185	0.758491	0
0.9	0.0922185	0.769125	0
0.9	0.0922185	0.779436	0
0.9	0.172502	0	0
0.9	0.172502	0.0888116	580.429
0.9	0.172502	0.159098	1403.97
0.9	0.172502	0.217271	1894.93
0.9	0.172502	0.266897	1586.26
0.9	0.172502	0.310169	1216.7
0.9	0.172502	0.348531	1317.06
0.9	0.172502	0.382985	989.634
0.9	0.172502	0.414254	740.097
0.9	0.172502	0.442877	453.834
0.9	0.172502	0.469267	328.968
0.9	0.172502	0.493748	270.739
0.9	0.172502	0.516577	212.306
0.9	0.172502	0.537964	142.483
0.9	0.172502	0.558079	82.8519
0.9	0.172502	0.577065	46.9603
0.9	0.172502	0.595043	29.2921
0.9	0.172502	0.612114	18.0475
0.9	0.172502	0.628366	10.6124
0.9	0.172502	0.643872	6.05122
0.9	0.172502	0.6587	3.35635
0.9	0.172502	0.672905	1.65196
0.9	0.172502	0.686538	0.749436
0.9	0.172502	0.699643	0.224176
0.9	0.172502	0.712259	0.0253259
0.9	0.172502	0.724423	1.09781e-05
0.9	0.172502	0.736164	0
0.9	0.172502	0.747511	0
0.9	0.172502	0.758491	0
0.9	0.172502	0.769125	0
0.9	0.172502	0.779436	0
0.9	0.243589	0	0
0.9	0.243589	0.0888116	547.047
0.9	0.243589	0.159098	1389.89
0.9	0.243589	0.217271	2046.62
0.9	0.243589	0.266897	1922.62
0.9	0.243589	0.310169	1509.51
0.9	0.243589	0.348531	1485.89
0.9	0.243589	0.382985	1207.95
0.9	0.243589	0.414254	902.942
0.9	0.243589	0.442877	682.578
0.9	0.243589	0.469267	466.533
0.9	0.243589	0.493748	362.282
0.9	0.243589	0.516577	298.464
0.9	0.243589	0.537964	237.131
0.9	0.243589	0.558079	159.287
0.9	0.243589	0.577065	91.9576
0.9	0.243589	0.595043	53.0316
0.9	0.243589	0.612114	33.2915
0.9	0.243589	0.628366	19.9819
0.9	0.243589	0.643872	12.3164
0.9	0.243589	0.6587	7.06566
0.9	0.243589	0.672905	4.01127
0.9	0.243589	0.686538	2.06565
0.9	0.243589	0.699643	0.879714
0.9	0.243589	0.712259	0.307658
0.9	0.243589	0.724423	0.0473043
0.9	0.243589	0.736164	7.13321e-05
0.9	0.243589	0.747511	0
0.9	0.243589	0.758491	0
0.9	0.243589	0.769125	0
0.9	0.243589	0.779436	0
0.9	0.307372	0	0
0.9	0.307372	0.0888116	515.071
0.9	0.307372	0.159098	1361.76
0.9	0.307372	0.217271	2153.73
0.9	0.307372	0.266897	2223.68
0.9	0.307372	0.310169	1740.62
0.9	0.307372	0.348531	1639.43
0.9	0.307372	0.382985	1366.6
0.9	0.307372	0.414254	1140.02
0.9	0.307372	0.442877	898.01
0.9	0.307372	0.469267	716.051
0.9	0.307372	0.493748	473.148
0.9	0.307372	0.516577	396.602
0.9	0.307372	0.537964	346.569
0.9	0.307372	0.558079	265.672
0.9	0.307372	0.577065	175.845
0.9	0.307372	0.595043	101.742
0.9	0.307372	0.612114	59.2074
0.9	0.307372	0.628366	37.0642
0.9	0.307372	0.643872	22.3983
0.9	0.307372	0.6587	13.5878
0.9	0.307372	0.672905	8.01129
0.9	0.307372	0.686538	4.66725
0.9	0.307372	0.699643	2.40572
0.9	0.307372	0.712259	1.04506
0.9	0.307372	0.724423	0.341239
0.9	0.307372	0.736164	0.0543681
0.9	0.307372	0.747511	0.000135073
0.9	0.307372	0.758491	0
0.9	0.307372	0.769125	0
0.9	0.307372	0.779436	0
0.9	0.365212	0	0
0.9	0.365212	0.0888116	485.153
0.9	0.365212	0.159098	1321.05
0.9	0.365212	0.217271	2224.32
0.9	0.365212	0.266897	2492.84
0.9	0.365212	0.310169	2056.29
0.9	0.365212	0.348531	1860.37
0.9	0.365212	0.382985	1560.16
0.9	0.365212	0.414254	1311.26
0.9	0.365212	0.442877	1138.44
0.9	0.365212	0.469267	991.71
0.9	0.365212	0.493748	749.921
0.9	0.365212	0.516577	540.862
0.9	0.365212	0.537964	468.339
0.9	0.365212	0.558079	397.428
0.9	0.365212	0.577065	293.602
0.9	0.365212	0.595043	194.311
0.9	0.365212	0.612114	112.991
0.9	0.365212	0.628366	65.2665
0.9	0.365212	0.643872	40.0225
0.9	0.365212	0.6587	24.5407
0.9	0.365212	0.672905	14.7182
0.9	0.365212	0.686538	8.92486
0.9	0.365212	0.699643	5.18209
0.9	0.365212	0.712259	2.72618
0.9	0.365212	0.724423	1.10493
0.9	0.365212	0.736164	0.341488
0.9	0.365212	0.747511	0.0468894
0.9	0.365212	0.758491	6.00865e-05
0.9	0.365212	0.769125	0
0.9	0.365212	0.779436	0
0.9	0.418124	0	0
0.9	0.418124	0.0888116	456.966
0.9	0.418124	0.159098	1268.75
0.9	0.418124	0.217271	2255.29
0.9	0.418124	0.266897	2731.59
0.9	0.418124	0.310169	2433.58
0.9	0.418124	0.348531	2028.55
0.9	0.418124	0.382985	1770.11
0.9	0.418124	0.414254	1509.44
0.9	0.418124	0.442877	1302.9
0.9	0.418124	0.469267	1232.97
0.9	0.418124	0.493748	1047.95
0.9	0.418124	0.516577	833.062
0.9	0.418124	0.537964	650.792
0.9	0.418124	0.558079	547.385
0.9	0.418124	0.577065	443.574
0.9	0.418124	0.595043	323.861
0.9	0.418124	0.612114	210.831
0.9	0.418124	0.628366	123.317
0.9	0.418124	0.643872	70.0379
0.9	0.418124	0.6587	42.9078
0.9	0.418124	0.672905	25.9142
0.9	0.418124	0.686538	15.5624
0.9	0.418124	0.699643	9.62903
0.9	0.418124	0.712259	5.64615
0.9	0.418124	0.724423	2.81419
0.9	0.418124	0.736164	1.14262
0.9	0.418124	0.747511	0.297909
0.9	0.418124	0.758491	0.0320765
0.9	0.418124	0.769125	1.65866e-05
0.9	0.418124	0.779436	0
0.9	0.466881	0	0
0.9	0.466881	0.0888116	431.296
0.9	0.466881	0.159098	1208.3
0.9	0.466881	0.217271	2250.7
0.9	0.466881	0.266897	2922.03
0.9	0.466881	0.310169	2784.67
0.9	0.466881	0.348531	2264.77
0.9	0.466881	0.382985	2051.33
0.9	0.466881	0.414254	1732.29
0.9	0.466881	0.442877	1536.85
0.9	0.466881	0.469267	1501.66
0.9	0.466881	0.493748	1369.84
0.9	0.466881	0.516577	1181.61
0.9	0.466881	0.537964	1017.66
0.9	0.466881	0.558079	777.263
0.9	0.466881	0.577065	620.024
0.9	0.466881	0.595043	490.274
0.9	0.466881	0.612114	350.143
0.9	0.466881	0.628366	229.175
0.9	0.466881	0.643872	132.981
0.9	0.466881	0.6587	74.0493
0.9	0.466881	0.672905	44.0974
0.9	0.466881	0.686538	27.0021
0.9	0.466881	0.699643	16.2138
0.9	0.466881	0.712259	9.90109
0.9	0.466881	0.724423	5.6638
0.9	0.466881	0.736164	2.80697
0.9	0.466881	0.747511	1.07288
0.9	0.466881	0.758491	0.234504
0.9	0.466881	0.769125	0.0127034
0.9	0.466881	0.779436	0
0.9	0.512089	0	0
0.9	0.512089	0.0888116	407.904
0.9	0.512089	0.159098	1142.99
0.9	0.512089	0.217271	2228.35
0.9	0.512089	0.266897	3068.69
0.9	0.512089	0.310169	3132.02
0.9	0.512089	0.348531	2623.35
0.9	0.512089	0.382985	2283.06
0.9	0.512089	0.414254	1979.95
0.9	0.512089	0.442877	1765.26
0.9	0.512089	0.469267	1761.18
0.9	0.512089	0.493748	1651.79
0.9	0.512089	0.516577	1519.2
0.9	0.512089	0.537964	1450.62
0.9	0.512089	0.558079	1185.87
0.9	0.512089	0.577065	892.508
0.9	0.512089	0.595043	690.21
0.9	0.512089	0.612114	528.79
0.9	0.512089	0.628366	374.671
0.9	0.512089	0.643872	243.386
0.9	0.512089	0.6587	141.013
0.9	0.512089	0.672905	76.5287
0.9	0.512089	0.686538	45.337
0.9	0.512089	0.699643	27.5166
0.9	0.512089	0.712259	16.1237
0.9	0.512089	0.724423	9.41173
0.9	0.512089	0.736164	5.25166
0.9	0.512089	0.747511	2.41097
0.9	0.512089	0.758491	0.768781
0.9	0.512089	0.769125	0.091924
0.9	0.512089	0.779436	0
0.9	0.55423	0	0
0.9	0.55423	0.0888116	386.816
0.9	0.55423	0.159098	1073.69
0.9	0.55423	0.217271	2180.67
0.9	0.55423	0.266897	3166.74
0.9	0.55423	0.310169	3455.74
0.9	0.55423	0.348531	3011.95
0.9	0.55423	0.382985	2526.71
0.9	0.55423	0.414254	2304.25
0.9	0.55423	0.442877	2011.6
0.9	0.55423	0.469267	1978.45
0.9	0.55423	0.493748	1900.28
0.9	0.55423	0.516577	1885.71
0.9	0.55423	0.537964	1921.81
0.9	0.55423	0.558079	1724.08
0.9	0.55423	0.577065	1318.93
0.9	0.55423	0.595043	999.783
0.9	0.55423	0.612114	747.475
0.9	0.55423	0.628366	566.418
0.9	0.55423	0.643872	399.639
0.9	0.55423	0.6587	258.872
0.9	0.55423	0.672905	146.08
0.9	0.55423	0.686538	77.8644
0.9	0.55423	0.699643	45.134
0.9	0.55423	0.712259	26.098
0.9	0.55423	0.724423	14.4837
0.9	0.55423	0.736164	8.01559
0.9	0.55423	0.747511	3.91243
0.9	0.55423	0.758491	1.37205
0.9	0.55423	0.769125	0.189728
0.9	0.55423	0.779436	0
0.9	0.593693	0	0
0.9	0.593693	0.0888116	367.227
0.9	0.593693	0.159098	1006.39
0.9	0.593693	0.217271	2111.52
0.9	0.593693	0.266897	3213.27
0.9	0.593693	0.310169	3728.53
0.9	0.593693	0.348531	3428.51
0.9	0.593693	0.382985	2871.8
0.9	0.593693	0.414254	2543.44
0.9	0.593693	0.442877	2286.15
0.9	0.593693	0.469267	2233.91
0.9	0.593693	0.493748	2197.78
0.9	0.593693	0.516577	2234.55
0.9	0.593693	0.537964	2353.42
0.9	0.593693	0.558079	2270.7
0.9	0.593693	0.577065	1929.65
0.9	0.593693	0.595043	1452.59
0.9	0.593693	0.612114	1080.88
0.9	0.593693	0.628366	807.301
0.9	0.593693	0.643872	613.417
0.9	0.593693	0.6587	431.277
0.9	0.593693	0.672905	272.574
0.9	0.593693	0.686538	148.418
0.9	0.593693	0.699643	75.636
0.9	0.593693	0.712259	42.4654
0.9	0.593693	0.724423	22.6976
0.9	0.593693	0.736164	11.6401
0.9	0.593693	0.747511	5.24458
0.9	0.593693	0.758491	1.73471
0.9	0.593693	0.769125	0.221919
0.9	0.593693	0.779436	0
0.9	0.630798	0	0
0.9	0.630798	0.0888116	348.682
0.9	0.630798	0.159098	940.552
0.9	0.630798	0.217271	2024.87
0.9	0.630798	0.266897	3218.99
0.9	0.630798	0.310169	3950.82
0.9	0.630798	0.348531	3852.56
0.9	0.630798	0.382985	3275.6
0.9	0.630798	0.414254	2809.22
0.9	0.630798	0.442877	2617.09
0.9	0.630798	0.469267	2482.58
0.9	0.630798	0.493748	2487.8
0.9	0.630798	0.516577	2552.21
0.9	0.630798	0.537964	2792.92
0.9	0.630798	0.558079	2843.77
0.9	0.630798	0.577065	2540.25
0.9	0.630798	0.595043	2123.04
0.9	0.630798	0.612114	1555.1
0.9	0.630798	0.628366	1161.6
0.9	0.630798	0.643872	885.425
0.9	0.630798	0.6587	669.414
0.9	0.630798	0.672905	463.191
0.9	0.630798	0.686538	282.157
0.9	0.630798	0.699643	150.529
0.9	0.630798	0.712259	71.7829
0.9	0.630798	0.724423	36.8118
0.9	0.630798	0.736164	18.2547
0.9	0.630798	0.747511	7.47091
0.9	0.630798	0.758491	2.07722
0.9	0.630798	0.769125	0.258462
0.9	0.630798	0.779436	0
0.9	0.665812	0	0
0.9	0.665812	0.0888116	331.055
0.9	0.665812	0.159098	876.85
0.9	0.665812	0.217271	1929.9
0.9	0.665812	0.266897	3191.39
0.9	0.665812	0.310169	4114.37
0.9	0.665812	0.348531	4246.91
0.9	0.665812	0.382985	3722.37
0.9	0.665812	0.414254	3174.52
0.9	0.665812	0.442877	2848.42
0.9	0.665812	0.469267	2788.95
0.9	0.665812	0.493748	2762.89
0.9	0.665812	0.516577	2883.42
0.9	0.665812	0.537964	3209.01
0.9	0.665812	0.558079	3329.65
0.9	0.665812	0.577065	3206.65
0.9	0.665812	0.595043	2816.54
0.9	0.665812	0.612114	2286.69
0.9	0.665812	0.628366	1651.54
0.9	0.665812	0.643872	1266.84
0.9	0.665812	0.6587	964.633
0.9	0.665812	0.672905	722.243
0.9	0.665812	0.686538	485.653
0.9	0.665812	0.699643	287.562
0.9	0.665812	0.712259	144.865
0.9	0.665812	0.724423	63.5844
0.9	0.665812	0.736164	30.1297
0.9	0.665812	0.747511	12.414
0.9	0.665812	0.758491	3.43477
0.9	0.665812	0.769125	0.324619
0.9	0.665812	0.779436	0
0.9	0.698958	0	0
0.9	0.698958	0.0888116	314.461
0.9	0.698958	0.159098	816.076
0.9	0.698958	0.217271	1824.65
0.9	0.698958	0.266897	3125.89
0.9	0.698958	0.310169	4206.86
0.9	0.698958	0.348531	4588.84
0.9	0.698958	0.382985	4210.24
0.9	0.698958	0.414254	3576.99
0.9	0.698958	0.442877	3154.35
0.9	0.698958	0.469267	3033.56
0.9	0.698958	0.493748	3042.11
0.9	0.698958	0.516577	3190.83
0.9	0.698958	0.537964	3559.83
0.9	0.698958	0.558079	3796.84
0.9	0.698958	0.577065	3807.3
0.9	0.698958	0.595043	3529.92
0.9	0.698958	0.612114	3095.05
0.9	0.698958	0.628366	2441.18
0.9	0.698958	0.643872	1792.29
0.9	0.698958	0.6587	1374.25
0.9	0.698958	0.672905	1042.39
0.9	0.698958	0.686538	767.909
0.9	0.698958	0.699643	498.81
0.9	0.698958	0.712259	281.883
0.9	0.698958	0.724423	130.285
0.9	0.698958	0.736164	52.2129
0.9	0.698958	0.747511	21.4232
0.9	0.698958	0.758491	7.00656
0.9	0.698958	0.769125	1.04875
0.9	0.698958	0.779436	0
0.9	0.730425	0	0
0.9	0.730425	0.0888116	298.773
0.9	0.730425	0.159098	758.919
0.9	0.730425	0.217271	1711.54
0.9	0.730425	0.266897	3025.72
0.9	0.730425	0.310169	4241.52
0.9	0.730425	0.348531	4873.85
0.9	0.730425	0.382985	4697.21
0.9	0.730425	0.414254	4034.92
0.9	0.730425	0.442877	3506.9
0.9	0.730425	0.469267	3259.58
0.9	0.730425	0.493748	3296.24
0.9	0.730425	0.516577	3477.98
0.9	0.730425	0.537964	3931.33
0.9	0.730425	0.558079	4250.69
0.9	0.730425	0.577065	4304.46
0.9	0.730425	0.595043	4246.3
0.9	0.730425	0.612114	3965.25
0.9	0.730425	0.628366	3381.85
0.9	0.730425	0.643872	2659.17
0.9	0.730425	0.6587	1947.88
0.9	0.730425	0.672905	1476.8
0.9	0.730425	0.686538	1125.47
0.9	0.730425	0.699643	813.125
0.9	0.730425	0.712259	498.6
0.9	0.730425	0.724423	260.813
0.9	0.730425	0.736164	106.845
0.9	0.730425	0.747511	34.2837
0.9	0.730425	0.758491	10.9553
0.9	0.730425	0.769125	1.55809
0.9	0.730425	0.779436	0
0.9	0.760374	0	0
0.9	0.760374	0.0888116	283.63
0.9	0.760374	0.159098	704.685
0.9	0.760374	0.217271	1593.6
0.9	0.760374	0.266897	2902.95
0.9	0.760374	0.310169	4216.88
0.9	0.760374	0.348531	5066.99
0.9	0.760374	0.382985	5152.76
0.9	0.760374	0.414254	4546.56
0.9	0.760374	0.442877	3906.63
0.9	0.760374	0.469267	3556.34
0.9	0.760374	0.493748	3469.43
0.9	0.760374	0.516577	3743.08
0.9	0.760374	0.537964	4268.81
0.9	0.760374	0.558079	4644.17
0.9	0.760374	0.577065	4820.42
0.9	0.760374	0.595043	4814.52
0.9	0.760374	0.612114	4830.37
0.9	0.760374	0.628366	4483.11
0.9	0.760374	0.643872	3776.63
0.9	0.760374	0.6587	2876.63
0.9	0.760374	0.672905	2091.28
0.9	0.760374	0.686538	1587.38
0.9	0.760374	0.699643	1271.57
0.9	0.760374	0.712259	811.108
0.9	0.760374	0.724423	475.501
0.9	0.760374	0.736164	227.288
0.9	0.760374	0.747511	76.3394
0.9	0.760374	0.758491	15.6447
0.9	0.760374	0.769125	2.17185
0.9	0.760374	0.779436	0
0.9	0.788947	0	0
0.9	0.788947	0.0888116	268.798
0.9	0.788947	0.159098	652.711
0.9	0.788947	0.217271	1474.79
0.9	0.788947	0.266897	2755.56
0.9	0.788947	0.310169	4125.14
0.9	0.788947	0.348531	5178.44
0.9	0.788947	0.382985	5539.93
0.9	0.788947	0.414254	5078.69
0.9	0.788947	0.442877	4371.04
0.9	0.788947	0.469267	3862.51
0.9	0.788947	0.493748	3699.48
0.9	0.788947	0.516577	3832.82
0.9	0.788947	0.537964	4608.58
0.9	0.788947	0.558079	5065.59
0.9	0.788947	0.577065	5260.38
0.9	0.788947	0.595043	5359.44
0.9	0.788947	0.612114	5417.01
0.9	0.788947	0.628366	5554.99
0.9	0.788947	0.643872	5158.24
0.9	0.788947	0.6587	4170.78
0.9	0.788947	0.672905	3061.06
0.9	0.788947	0.686538	2239.27
0.9	0.788947	0.699643	1921.86
0.9	0.788947	0.712259	1244.88
0.9	0.788947	0.724423	793.932
0.9	0.788947	0.736164	436.408
0.9	0.788947	0.747511	176.732
0.9	0.788947	0.758491	43.1965
0.9	0.788947	0.769125	2.77889
0.9	0.788947	0.779436	0
0.9	0.816262	0	0
0.9	0.816262	0.0888116	254.272
0.9	0.816262	0.159098	603.36
0.9	0.816262	0.217271	1357.41
0.9	0.816262	0.266897	2580.49
0.9	0.816262	0.310169	3983.98
0.9	0.816262	0.348531	5200.7
0.9	0.816262	0.382985	5824.65
0.9	0.816262	0.414254	5591.5
0.9	0.816262	0.442877	4881.52
0.9	0.816262	0.469267	4238.48
0.9	0.816262	0.493748	3916.09
0.9	0.816262	0.516577	3969.59
0.9	0.816262	0.537964	4568.69
0.9	0.816262	0.558079	5442.4
0.9	0.816262	0.577065	5738.33
0.9	0.816262	0.595043	5841.73
0.9	0.816262	0.612114	5868.21
0.9	0.816262	0.628366	6083.88
0.9	0.816262	0.643872	6478.74
0.9	0.816262	0.6587	5824.65
0.9	0.816262	0.672905	4494.78
0.9	0.816262	0.686538	3311.59
0.9	0.816262	0.699643	2798.18
0.9	0.816262	0.712259	1826.4
0.9	0.816262	0.724423	1241.47
0.9	0.816262	0.736164	755.233
0.9	0.816262	0.747511	369.32
0.9	0.816262	0.758491	124.886
0.9	0.816262	0.769125	18.0747
0.9	0.816262	0.779436	0
0.9	0.842428	0	0
0.9	0.842428	0.0888116	240.224
0.9	0.842428	0.159098	556.014
0.9	0.842428	0.217271	1243.76
0.9	0.842428	0.266897	2383.14
0.9	0.842428	0.310169	3789.42
0.9	0.842428	0.348531	5119.4
0.9	0.842428	0.382985	6003.23
0.9	0.842428	0.414254	6033.37
0.9	0.842428	0.442877	5415.95
0.9	0.842428	0.469267	4655.79
0.9	0.842428	0.493748	4185.88
0.9	0.842428	0.516577	4087.5
0.9	0.842428	0.537964	4568.94
0.9	0.842428	0.558079	5337.59
0.9	0.842428	0.577065	6167.68
0.9	0.842428	0.595043	6389.66
0.9	0.842428	0.612114	6329.88
0.9	0.842428	0.628366	6411.36
0.9	0.842428	0.643872	7058.06
0.9	0.842428	0.6587	7309.13
0.9	0.842428	0.672905	6369.95
0.9	0.842428	0.686538	4963.34
0.9	0.842428	0.699643	4173.41
0.9	0.842428	0.712259	2606.27
0.9	0.842428	0.724423	1829.73
0.9	0.842428	0.736164	1180.54
0.9	0.842428	0.747511	651.983
0.9	0.842428	0.758491	256.12
0.9	0.842428	0.769125	47.5553
0.9	0.842428	0.779436	0
0.9	0.867536	0	0
0.9	0.867536	0.0888116	226.193
0.9	0.867536	0.159098	511.453
0.9	0.867536	0.217271	1133.09
0.9	0.867536	0.266897	2174.06
0.9	0.867536	0.310169	3538.6
0.9	0.867536	0.348531	4949.81
0.9	0.867536	0.382985	6042.27
0.9	0.867536	0.414254	6366.06
0.9	0.867536	0.442877	5920.8
0.9	0.867536	0.469267	5130.92
0.9	0.867536	0.493748	4489.25
0.9	0.867536	0.516577	4250.07
0.9	0.867536	0.537964	4544.89
0.9	0.867536	0.558079	5216.67
0.9	0.867536	0.577065	5981.76
0.9	0.867536	0.595043	6877.01
0.9	0.867536	0.612114	6935.12
0.9	0.867536	0.628366	6845.27
0.9	0.867536	0.643872	7322.74
0.9	0.867536	0.6587	7855.22
0.9	0.867536	0.672905	7902.44
0.9	0.867536	0.686538	7142.68
0.9	0.867536	0.699643	6192.05
0.9	0.867536	0.712259	3941.33
0.9	0.867536	0.724423	2624.76
0.9	0.867536	0.736164	1730.4
0.9	0.867536	0.747511	1045.68
0.9	0.867536	0.758491	422.712
0.9	0.867536	0.769125	74.5247
0.9	0.867536	0.779436	0
0.9	0.891668	0	0
0.9	0.891668	0.0888116	212.326
0.9	0.891668	0.159098	468.275
0.9	0.891668	0.217271	1023.61
0.9	0.891668	0.266897	1957.3
0.9	0.891668	0.310169	3234.51
0.9	0.891668	0.348531	4679.55
0.9	0.891668	0.382985	5940.25
0.9	0.891668	0.414254	6544.23
0.9	0.891668	0.442877	6347.2
0.9	0.891668	0.469267	5593.86
0.9	0.891668	0.493748	4849.37
0.9	0.891668	0.516577	4435.74
0.9	0.891668	0.537964	4553.89
0.9	0.891668	0.558079	5078.2
0.9	0.891668	0.577065	5825.7
0.9	0.891668	0.595043	6640.59
0.9	0.891668	0.612114	7454.89
0.9	0.891668	0.628366	7568.76
0.9	0.891668	0.643872	7978.34
0.9	0.891668	0.6587	8194.74
0.9	0.891668	0.672905	8303.05
0.9	0.891668	0.686538	8751.6
0.9	0.891668	0.699643	8711.38
0.9	0.891668	0.712259	6006.61
0.9	0.891668	0.724423	4010
0.9	0.891668	0.736164	2485.44
0.9	0.891668	0.747511	1570.85
0.9	0.891668	0.758491	718.417
0.9	0.891668	0.769125	103.74
0.9	0.891668	0.779436	0
0.9	0.914898	0	0
0.9	0.914898	0.0888116	198.324
0.9	0.914898	0.159098	425.594
0.9	0.914898	0.217271	914.543
0.9	0.914898	0.266897	1734.35
0.9	0.914898	0.310169	2895.02
0.9	0.914898	0.348531	4310.38
0.9	0.914898	0.382985	5675.88
0.9	0.914898	0.414254	6527.72
0.9	0.914898	0.442877	6619.46
0.9	0.914898	0.469267	6007.23
0.9	0.914898	0.493748	5200.27
0.9	0.914898	0.516577	4676.3
0.9	0.914898	0.537964	4609.38
0.9	0.914898	0.558079	4941.54
0.9	0.914898	0.577065	5578.59
0.9	0.914898	0.595043	6518.58
0.9	0.914898	0.612114	7189.3
0.9	0.914898	0.628366	7976.39
0.9	0.914898	0.643872	9149.06
0.9	0.914898	0.6587	9143.95
0.9	0.914898	0.672905	8722.31
0.9	0.914898	0.686538	9367.13
0.9	0.914898	0.699643	10423.2
0.9	0.914898	0.712259	8527.62
0.9	0.914898	0.724423	6197.72
0.9	0.914898	0.736164	3842.04
0.9	0.914898	0.747511	2334.74
0.9	0.914898	0.758491	1249.91
0.9	0.914898	0.769125	185.848
0.9	0.914898	0.779436	0
0.9	0.937291	0	0
0.9	0.937291	0.0888116	184.465
0.9	0.937291	0.159098	383.814
0.9	0.937291	0.217271	804.998
0.9	0.937291	0.266897	1507.49
0.9	0.937291	0.310169	2523.87
0.9	0.937291	0.348531	3835.72
0.9	0.937291	0.382985	5223.75
0.9	0.937291	0.414254	6276.31
0.9	0.937291	0.442877	6652.04
0.9	0.937291	0.469267	6269.88
0.9	0.937291	0.493748	5493.88
0.9	0.937291	0.516577	4863.19
0.9	0.937291	0.537964	4664.92
0.9	0.937291	0.558079	4905.96
0.9	0.937291	0.577065	5321.02
0.9	0.937291	0.595043	6069.75
0.9	0.937291	0.612114	7036.78
0.9	0.937291	0.628366	7781.78
0.9	0.937291	0.643872	9336.63
0.9	0.937291	0.6587	10781.7
0.9	0.937291	0.672905	10303.7
0.9	0.937291	0.686538	10605.6
0.9	0.937291	0.699643	11558.3
0.9	0.937291	0.712259	10168.8
0.9	0.937291	0.724423	8668.66
0.9	0.937291	0.736164	6064.63
0.9	0.937291	0.747511	3763.45
0.9	0.937291	0.758491	2018.57
0.9	0.937291	0.769125	304.184
0.9	0.937291	0.779436	0
0.9	0.958905	0	0
0.9	0.958905	0.0888116	171.146
0.9	0.958905	0.159098	342.248
0.9	0.958905	0.217271	694.478
0.9	0.958905	0.266897	1277.77
0.9	0.958905	0.310169	2117.17
0.9	0.958905	0.348531	3264.64
0.9	0.958905	0.382985	4562.72
0.9	0.958905	0.414254	5711.55
0.9	0.958905	0.442877	6354.71
0.9	0.958905	0.469267	6245.86
0.9	0.958905	0.493748	5613.45
0.9	0.958905	0.516577	4989.11
0.9	0.958905	0.537964	4673.55
0.9	0.958905	0.558079	4745.81
0.9	0.958905	0.577065	5060.72
0.9	0.958905	0.595043	5692.11
0.9	0.958905	0.612114	6405.69
0.9	0.958905	0.628366	7219.41
0.9	0.958905	0.643872	8963.1
0.9	0.958905	0.6587	10660.1
0.9	0.958905	0.672905	11439.8
0.9	0.958905	0.686538	13408.7
0.9	0.958905	0.699643	13755.3
0.9	0.958905	0.712259	12361.2
0.9	0.958905	0.724423	10428
0.9	0.958905	0.736164	8205.82
0.9	0.958905	0.747511	6454.9
0.9	0.958905	0.758491	3637.01
0.9	0.958905	0.769125	437.166
0.9	0.958905	0.779436	0
0.9	0.979792	0	0
0.9	0.979792	0.0888116	157.826
0.9	0.979792	0.159098	299.662
0.9	0.979792	0.217271	585.314
0.9	0.979792	0.266897	1037.85
0.9	0.979792	0.310169	1686.53
0.9	0.979792	0.348531	2572.5
0.9	0.979792	0.382985	3664.05
0.9	0.979792	0.414254	4751.2
0.9	0.979792	0.442877	5544.54
0.9	0.979792	0.469267	5734.47
0.9	0.979792	0.493748	5334.43
0.9	0.979792	0.516577	4845.64
0.9	0.979792	0.537964	4548.11
0.9	0.979792	0.558079	4549.34
0.9	0.979792	0.577065	4741.04
0.9	0.979792	0.595043	5130.27
0.9	0.979792	0.612114	5693.63
0.9	0.979792	0.628366	6318.92
0.9	0.979792	0.643872	7609.94
0.9	0.979792	0.6587	9451.84
0.9	0.979792	0.672905	10827.5
0.9	0.979792	0.686538	13969.2
0.9	0.979792	0.699643	15816.7
0.9	0.979792	0.712259	18167.3
0.9	0.979792	0.724423	15376
0.9	0.979792	0.736164	10857.7
0.9	0.979792	0.747511	8266.33
0.9	0.979792	0.758491	7040.88
0.9	0.979792	0.769125	1882.16
0.9	0.979792	0.779436	0
0.9	1	0	0
0.9	1	0.0888116	142.989
0.9	1	0.159098	255.692
0.9	1	0.217271	465.846
0.9	1	0.266897	787.477
0.9	1	0.310169	1199.15
0.9	1	0.348531	1730.41
0.9	1	0.382985	2414.47
0.9	1	0.414254	3178.16
0.9	1	0.442877	3861.56
0.9	1	0.469267	4203.83
0.9	1	0.493748	4155.56
0.9	1	0.516577	4031.31
0.9	1	0.537964	3935.59
0.9	1	0.558079	4069.42
0.9	1	0.577065	4220.95
0.9	1	0.595043	4531.61
0.9	1	0.612114	4722.72
0.9	1	0.628366	4917.09
0.9	1	0.643872	5392.92
0.9	1	0.6587	6396.21
0.9	1	0.672905	7432.67
0.9	1	0.686538	11543.8
0.9	1	0.699643	15882
0.9	1	0.712259	21109.1
0.9	1	0.724423	22887.8
0.9	1	0.736164	20297.7
0.9	1	0.747511	12800.8
0.9	1	0.758491	4984.59
0.9	1	0.769125	750.88
0.9	1	0.779436	0
