                   4              0.9270              2.4995          16827.1604
          4.00000000              0.9270              2.6688          20100.9719
          4.00000000              0.9270              2.8029          21704.3405
          4.00000000              0.9270              2.9138          16898.6377
          4.00000000              0.9270              3.0084          13260.3219
          4.00000000              0.9270              3.0909          11331.8504
          4.00000000              0.9270              3.1641           7247.7955
          4.00000000              0.9270              3.2297           5773.1296
          4.00000000              0.9270              3.2894           4321.2755
          4.00000000              0.9270              3.3439           3425.1314
          4.00000000              0.9270              3.3943           2224.1716
          4.00000000              0.9270              3.4409           1340.5196
          4.00000000              0.9270              3.4845            782.9396
          4.00000000              0.9270              3.5253            452.6505
          4.00000000              0.9270              3.5636            219.8038
          4.00000000              0.9270              3.5998             92.9380
          4.00000000              0.9270              3.6341             26.7772
          4.00000000              0.9270              3.6666              1.7909
          4.00000000              0.9270              3.6976              0.0012
          4.00000000              0.9270              3.7272              0.0000
          4.00000000              0.9270              3.7555              0.0000
          4.00000000              0.9270              3.7826              0.0000
          4.00000000              0.9270              3.8085              0.0000
          4.00000000              0.9270              3.8335              0.0000
          4.00000000              0.9270              3.8576              0.0000
          4.00000000              0.9270              3.8808              0.0000
          4.00000000              0.9270              3.9032              0.0000
          4.00000000              0.9270              3.9248              0.0000
          4.00000000              0.9270              3.9457              0.0000
          4.00000000              0.9270              3.9660              0.0000
          4.00000000              0.9270              3.9857              0.0000
          4.00000000              0.9404              2.4995          19946.5715
          4.00000000              0.9404              2.6688          23255.1625
          4.00000000              0.9404              2.8029          30380.9759
          4.00000000              0.9404              2.9138          34198.1543
          4.00000000              0.9404              3.0084          28253.7529
          4.00000000              0.9404              3.0909          21587.4587
          4.00000000              0.9404              3.1641          14599.5305
          4.00000000              0.9404              3.2297          11676.5345
          4.00000000              0.9404              3.2894          10222.6871
          4.00000000              0.9404              3.3439           7824.5905
          4.00000000              0.9404              3.3943           7028.5022
          4.00000000              0.9404              3.4409           5360.5826
          4.00000000              0.9404              3.4845           3719.4958
          4.00000000              0.9404              3.5253           2343.3700
          4.00000000              0.9404              3.5636           1462.8959
          4.00000000              0.9404              3.5998            802.5361
          4.00000000              0.9404              3.6341            458.6811
          4.00000000              0.9404              3.6666            225.1869
          4.00000000              0.9404              3.6976             84.6173
          4.00000000              0.9404              3.7272             21.2042
          4.00000000              0.9404              3.7555              1.1961
          4.00000000              0.9404              3.7826              0.0000
          4.00000000              0.9404              3.8085              0.0000
          4.00000000              0.9404              3.8335              0.0000
          4.00000000              0.9404              3.8576              0.0000
          4.00000000              0.9404              3.8808              0.0000
          4.00000000              0.9404              3.9032              0.0000
          4.00000000              0.9404              3.9248              0.0000
          4.00000000              0.9404              3.9457              0.0000
          4.00000000              0.9404              3.9660              0.0000
          4.00000000              0.9404              3.9857              0.0000
          4.00000000              0.9487              2.4995          22200.8998
          4.00000000              0.9487              2.6688          26020.0104
          4.00000000              0.9487              2.8029          33926.7527
          4.00000000              0.9487              2.9138          40971.9400
          4.00000000              0.9487              3.0084          40794.7053
          4.00000000              0.9487              3.0909          38046.9466
          4.00000000              0.9487              3.1641          28724.4843
          4.00000000              0.9487              3.2297          21819.8018
          4.00000000              0.9487              3.2894          13847.7673
          4.00000000              0.9487              3.3439          14010.5499
          4.00000000              0.9487              3.3943          12715.5547
          4.00000000              0.9487              3.4409           9862.4096
          4.00000000              0.9487              3.4845           8317.6012
          4.00000000              0.9487              3.5253           6582.5026
          4.00000000              0.9487              3.5636           4320.1849
          4.00000000              0.9487              3.5998           2723.9199
          4.00000000              0.9487              3.6341           1691.9949
          4.00000000              0.9487              3.6666            894.0674
          4.00000000              0.9487              3.6976            501.6811
          4.00000000              0.9487              3.7272            254.2573
          4.00000000              0.9487              3.7555            106.2663
          4.00000000              0.9487              3.7826             24.1530
          4.00000000              0.9487              3.8085              1.9706
          4.00000000              0.9487              3.8335              0.0000
          4.00000000              0.9487              3.8576              0.0000
          4.00000000              0.9487              3.8808              0.0000
          4.00000000              0.9487              3.9032              0.0000
          4.00000000              0.9487              3.9248              0.0000
          4.00000000              0.9487              3.9457              0.0000
          4.00000000              0.9487              3.9660              0.0000
          4.00000000              0.9487              3.9857              0.0000
          4.00000000              0.9548              2.4995          24674.5026
          4.00000000              0.9548              2.6688          27758.5158
          4.00000000              0.9548              2.8029          34665.9465
          4.00000000              0.9548              2.9138          42665.5080
          4.00000000              0.9548              3.0084          49645.5946
          4.00000000              0.9548              3.0909          51410.9041
          4.00000000              0.9548              3.1641          47965.4763
          4.00000000              0.9548              3.2297          34740.0852
          4.00000000              0.9548              3.2894          21685.8553
          4.00000000              0.9548              3.3439          21382.1671
          4.00000000              0.9548              3.3943          18523.0605
          4.00000000              0.9548              3.4409          15649.0106
          4.00000000              0.9548              3.4845          13736.5978
          4.00000000              0.9548              3.5253          11140.0498
          4.00000000              0.9548              3.5636           9424.6889
          4.00000000              0.9548              3.5998           6538.7772
          4.00000000              0.9548              3.6341           3997.0593
          4.00000000              0.9548              3.6666           2513.1269
          4.00000000              0.9548              3.6976           1516.3562
          4.00000000              0.9548              3.7272            825.4703
          4.00000000              0.9548              3.7555            446.9596
          4.00000000              0.9548              3.7826            194.8095
          4.00000000              0.9548              3.8085             76.3262
          4.00000000              0.9548              3.8335             15.1551
          4.00000000              0.9548              3.8576              0.3232
          4.00000000              0.9548              3.8808              0.0000
          4.00000000              0.9548              3.9032              0.0000
          4.00000000              0.9548              3.9248              0.0000
          4.00000000              0.9548              3.9457              0.0000
          4.00000000              0.9548              3.9660              0.0000
          4.00000000              0.9548              3.9857              0.0000
          4.00000000              0.9596              2.4995          26384.0829
          4.00000000              0.9596              2.6688          29553.2121
          4.00000000              0.9596              2.8029          35972.7004
          4.00000000              0.9596              2.9138          43849.3419
          4.00000000              0.9596              3.0084          53413.1641
          4.00000000              0.9596              3.0909          64264.9458
          4.00000000              0.9596              3.1641          63473.3916
          4.00000000              0.9596              3.2297          52024.6717
          4.00000000              0.9596              3.2894          38270.4097
          4.00000000              0.9596              3.3439          25844.0138
          4.00000000              0.9596              3.3943          27644.2488
          4.00000000              0.9596              3.4409          21765.8850
          4.00000000              0.9596              3.4845          20624.5722
          4.00000000              0.9596              3.5253          16664.8060
          4.00000000              0.9596              3.5636          14160.9185
          4.00000000              0.9596              3.5998          12140.0152
          4.00000000              0.9596              3.6341           8721.6898
          4.00000000              0.9596              3.6666           5292.8504
          4.00000000              0.9596              3.6976           3312.1762
          4.00000000              0.9596              3.7272           2023.7867
          4.00000000              0.9596              3.7555           1134.4963
          4.00000000              0.9596              3.7826            598.9573
          4.00000000              0.9596              3.8085            307.3617
          4.00000000              0.9596              3.8335            110.8115
          4.00000000              0.9596              3.8576             33.7148
          4.00000000              0.9596              3.8808              2.4362
          4.00000000              0.9596              3.9032              0.0000
          4.00000000              0.9596              3.9248              0.0000
          4.00000000              0.9596              3.9457              0.0000
          4.00000000              0.9596              3.9660              0.0000
          4.00000000              0.9596              3.9857              0.0000
          4.00000000              0.9635              2.4995          28867.2748
          4.00000000              0.9635              2.6688          31794.5999
          4.00000000              0.9635              2.8029          37662.9350
          4.00000000              0.9635              2.9138          44957.2762
          4.00000000              0.9635              3.0084          55777.1375
          4.00000000              0.9635              3.0909          68578.9580
          4.00000000              0.9635              3.1641          80524.8931
          4.00000000              0.9635              3.2297          68781.0633
          4.00000000              0.9635              3.2894          53553.0285
          4.00000000              0.9635              3.3439          43078.7335
          4.00000000              0.9635              3.3943          35914.0409
          4.00000000              0.9635              3.4409          30900.1705
          4.00000000              0.9635              3.4845          27355.6541
          4.00000000              0.9635              3.5253          25065.0322
          4.00000000              0.9635              3.5636          19389.3261
          4.00000000              0.9635              3.5998          17596.2543
          4.00000000              0.9635              3.6341          14562.1531
          4.00000000              0.9635              3.6666          10769.7615
          4.00000000              0.9635              3.6976           6918.1490
          4.00000000              0.9635              3.7272           4125.1247
          4.00000000              0.9635              3.7555           2445.3295
          4.00000000              0.9635              3.7826           1377.5574
          4.00000000              0.9635              3.8085            736.0879
          4.00000000              0.9635              3.8335            363.3887
          4.00000000              0.9635              3.8576            149.9361
          4.00000000              0.9635              3.8808             41.1585
          4.00000000              0.9635              3.9032              3.3299
          4.00000000              0.9635              3.9248              0.0000
          4.00000000              0.9635              3.9457              0.0000
          4.00000000              0.9635              3.9660              0.0000
          4.00000000              0.9635              3.9857              0.0000
          4.00000000              0.9669              2.4995          31760.7513
          4.00000000              0.9669              2.6688          33172.5460
          4.00000000              0.9669              2.8029          38659.7876
          4.00000000              0.9669              2.9138          46570.2210
          4.00000000              0.9669              3.0084          56759.1755
          4.00000000              0.9669              3.0909          72981.7477
          4.00000000              0.9669              3.1641          87088.9573
          4.00000000              0.9669              3.2297          91659.4401
          4.00000000              0.9669              3.2894          78438.1616
          4.00000000              0.9669              3.3439          59753.3747
          4.00000000              0.9669              3.3943          52897.9998
          4.00000000              0.9669              3.4409          40490.3245
          4.00000000              0.9669              3.4845          37600.7159
          4.00000000              0.9669              3.5253          32841.0539
          4.00000000              0.9669              3.5636          29288.2127
          4.00000000              0.9669              3.5998          24262.8415
          4.00000000              0.9669              3.6341          22078.4574
          4.00000000              0.9669              3.6666          17030.6419
          4.00000000              0.9669              3.6976          12894.6773
          4.00000000              0.9669              3.7272           8244.8857
          4.00000000              0.9669              3.7555           4698.5827
          4.00000000              0.9669              3.7826           2777.8600
          4.00000000              0.9669              3.8085           1493.3720
          4.00000000              0.9669              3.8335            814.8450
          4.00000000              0.9669              3.8576            399.4835
          4.00000000              0.9669              3.8808            153.4324
          4.00000000              0.9669              3.9032             36.2407
          4.00000000              0.9669              3.9248              1.9297
          4.00000000              0.9669              3.9457              0.0000
          4.00000000              0.9669              3.9660              0.0000
          4.00000000              0.9669              3.9857              0.0000
          4.00000000              0.9698              2.4995          34549.7623
          4.00000000              0.9698              2.6688          35923.1123
          4.00000000              0.9698              2.8029          40554.2622
          4.00000000              0.9698              2.9138          47916.9766
          4.00000000              0.9698              3.0084          57593.3827
          4.00000000              0.9698              3.0909          76013.6780
          4.00000000              0.9698              3.1641          94306.5119
          4.00000000              0.9698              3.2297         104660.3257
          4.00000000              0.9698              3.2894         102139.9958
          4.00000000              0.9698              3.3439          85621.6588
          4.00000000              0.9698              3.3943          72422.5227
          4.00000000              0.9698              3.4409          55521.8389
          4.00000000              0.9698              3.4845          48152.4442
          4.00000000              0.9698              3.5253          44455.3251
          4.00000000              0.9698              3.5636          37703.7887
          4.00000000              0.9698              3.5998          36603.1555
          4.00000000              0.9698              3.6341          33504.1400
          4.00000000              0.9698              3.6666          24517.8126
          4.00000000              0.9698              3.6976          19697.6242
          4.00000000              0.9698              3.7272          14638.8239
          4.00000000              0.9698              3.7555           9069.4916
          4.00000000              0.9698              3.7826           4998.9728
          4.00000000              0.9698              3.8085           2943.4411
          4.00000000              0.9698              3.8335           1563.6072
          4.00000000              0.9698              3.8576            819.6564
          4.00000000              0.9698              3.8808            385.7518
          4.00000000              0.9698              3.9032            131.3567
          4.00000000              0.9698              3.9248             28.3251
          4.00000000              0.9698              3.9457              0.2640
          4.00000000              0.9698              3.9660              0.0000
          4.00000000              0.9698              3.9857              0.0000
          4.00000000              0.9724              2.4995          38066.1329
          4.00000000              0.9724              2.6688          38309.0237
          4.00000000              0.9724              2.8029          42563.1543
          4.00000000              0.9724              2.9138          48241.2130
          4.00000000              0.9724              3.0084          58278.8959
          4.00000000              0.9724              3.0909          77985.2370
          4.00000000              0.9724              3.1641          99775.7217
          4.00000000              0.9724              3.2297         114612.6471
          4.00000000              0.9724              3.2894         123753.2975
          4.00000000              0.9724              3.3439         108818.6484
          4.00000000              0.9724              3.3943          93389.6316
          4.00000000              0.9724              3.4409          76917.5203
          4.00000000              0.9724              3.4845          61839.2437
          4.00000000              0.9724              3.5253          56686.5901
          4.00000000              0.9724              3.5636          49169.5495
          4.00000000              0.9724              3.5998          47816.9213
          4.00000000              0.9724              3.6341          52061.0421
          4.00000000              0.9724              3.6666          35317.9981
          4.00000000              0.9724              3.6976          27517.8077
          4.00000000              0.9724              3.7272          21872.2706
          4.00000000              0.9724              3.7555          15817.4401
          4.00000000              0.9724              3.7826           9433.5198
          4.00000000              0.9724              3.8085           5059.7986
          4.00000000              0.9724              3.8335           2922.3370
          4.00000000              0.9724              3.8576           1545.7592
          4.00000000              0.9724              3.8808            766.5174
          4.00000000              0.9724              3.9032            320.4734
          4.00000000              0.9724              3.9248            100.5527
          4.00000000              0.9724              3.9457             12.9281
          4.00000000              0.9724              3.9660              0.0000
          4.00000000              0.9724              3.9857              0.0000
          4.00000000              0.9747              2.4995          41432.1899
          4.00000000              0.9747              2.6688          40432.1984
          4.00000000              0.9747              2.8029          44474.7951
          4.00000000              0.9747              2.9138          49213.6920
          4.00000000              0.9747              3.0084          58940.1531
          4.00000000              0.9747              3.0909          78485.1448
          4.00000000              0.9747              3.1641         103804.4464
          4.00000000              0.9747              3.2297         123012.8878
          4.00000000              0.9747              3.2894         136162.9632
          4.00000000              0.9747              3.3439         136455.6728
          4.00000000              0.9747              3.3943         120257.9370
          4.00000000              0.9747              3.4409         100073.7494
          4.00000000              0.9747              3.4845          80824.0031
          4.00000000              0.9747              3.5253          70866.0590
          4.00000000              0.9747              3.5636          62118.1618
          4.00000000              0.9747              3.5998          58319.2696
          4.00000000              0.9747              3.6341          70043.6621
          4.00000000              0.9747              3.6666          53788.8674
          4.00000000              0.9747              3.6976          39230.2248
          4.00000000              0.9747              3.7272          30066.2877
          4.00000000              0.9747              3.7555          23867.7685
          4.00000000              0.9747              3.7826          16477.8880
          4.00000000              0.9747              3.8085           9419.5118
          4.00000000              0.9747              3.8335           4952.3164
          4.00000000              0.9747              3.8576           2777.6608
          4.00000000              0.9747              3.8808           1390.2603
          4.00000000              0.9747              3.9032            634.6832
          4.00000000              0.9747              3.9248            241.5831
          4.00000000              0.9747              3.9457             55.6674
          4.00000000              0.9747              3.9660              1.6025
          4.00000000              0.9747              3.9857              0.0000
          4.00000000              0.9768              2.4995          44279.5847
          4.00000000              0.9768              2.6688          43283.2433
          4.00000000              0.9768              2.8029          46300.8896
          4.00000000              0.9768              2.9138          50958.3094
          4.00000000              0.9768              3.0084          58643.1599
          4.00000000              0.9768              3.0909          78649.1397
          4.00000000              0.9768              3.1641         106157.1525
          4.00000000              0.9768              3.2297         129543.6149
          4.00000000              0.9768              3.2894         147896.1616
          4.00000000              0.9768              3.3439         153539.2573
          4.00000000              0.9768              3.3943         147358.3102
          4.00000000              0.9768              3.4409         123073.2332
          4.00000000              0.9768              3.4845         106927.4908
          4.00000000              0.9768              3.5253          87766.2848
          4.00000000              0.9768              3.5636          75563.6190
          4.00000000              0.9768              3.5998          68653.3289
          4.00000000              0.9768              3.6341          84595.1444
          4.00000000              0.9768              3.6666          72937.8967
          4.00000000              0.9768              3.6976          57573.3728
          4.00000000              0.9768              3.7272          43675.6098
          4.00000000              0.9768              3.7555          32850.4859
          4.00000000              0.9768              3.7826          25826.9189
          4.00000000              0.9768              3.8085          16718.8273
          4.00000000              0.9768              3.8335           8901.8436
          4.00000000              0.9768              3.8576           4603.5187
          4.00000000              0.9768              3.8808           2441.4013
          4.00000000              0.9768              3.9032           1145.5991
          4.00000000              0.9768              3.9248            476.9521
          4.00000000              0.9768              3.9457            145.6301
          4.00000000              0.9768              3.9660             17.9063
          4.00000000              0.9768              3.9857              0.0000
          4.00000000              0.9788              2.4995          47105.3811
          4.00000000              0.9788              2.6688          46050.5265
          4.00000000              0.9788              2.8029          48069.5943
          4.00000000              0.9788              2.9138          52672.1848
          4.00000000              0.9788              3.0084          57989.4449
          4.00000000              0.9788              3.0909          78399.6249
          4.00000000              0.9788              3.1641         106500.4094
          4.00000000              0.9788              3.2297         134380.4706
          4.00000000              0.9788              3.2894         157283.4715
          4.00000000              0.9788              3.3439         169673.9236
          4.00000000              0.9788              3.3943         170914.8751
          4.00000000              0.9788              3.4409         153167.1332
          4.00000000              0.9788              3.4845         128781.0647
          4.00000000              0.9788              3.5253         111893.8839
          4.00000000              0.9788              3.5636          92671.8591
          4.00000000              0.9788              3.5998          82997.3720
          4.00000000              0.9788              3.6341          99265.0761
          4.00000000              0.9788              3.6666          89249.9425
          4.00000000              0.9788              3.6976          79215.1169
          4.00000000              0.9788              3.7272          62856.9843
          4.00000000              0.9788              3.7555          47748.8618
          4.00000000              0.9788              3.7826          36493.5874
          4.00000000              0.9788              3.8085          27028.2636
          4.00000000              0.9788              3.8335          16119.6821
          4.00000000              0.9788              3.8576           7906.7915
          4.00000000              0.9788              3.8808           4002.4203
          4.00000000              0.9788              3.9032           1948.7145
          4.00000000              0.9788              3.9248            810.8892
          4.00000000              0.9788              3.9457            275.0126
          4.00000000              0.9788              3.9660             46.8806
          4.00000000              0.9788              3.9857              0.0000
          4.00000000              0.9805              2.4995          50262.0639
          4.00000000              0.9805              2.6688          48475.4339
          4.00000000              0.9805              2.8029          49929.0447
          4.00000000              0.9805              2.9138          54454.1173
          4.00000000              0.9805              3.0084          58085.3510
          4.00000000              0.9805              3.0909          77467.0935
          4.00000000              0.9805              3.1641         105672.1086
          4.00000000              0.9805              3.2297         136890.0105
          4.00000000              0.9805              3.2894         164274.0699
          4.00000000              0.9805              3.3439         183288.2319
          4.00000000              0.9805              3.3943         192367.7875
          4.00000000              0.9805              3.4409         184008.1290
          4.00000000              0.9805              3.4845         155274.4154
          4.00000000              0.9805              3.5253         133444.2226
          4.00000000              0.9805              3.5636         116025.3965
          4.00000000              0.9805              3.5998          99693.6731
          4.00000000              0.9805              3.6341         114749.6666
          4.00000000              0.9805              3.6666         104214.8876
          4.00000000              0.9805              3.6976          98982.1828
          4.00000000              0.9805              3.7272          86235.8996
          4.00000000              0.9805              3.7555          68982.4118
          4.00000000              0.9805              3.7826          52988.4606
          4.00000000              0.9805              3.8085          39036.8447
          4.00000000              0.9805              3.8335          26774.3194
          4.00000000              0.9805              3.8576          14090.6472
          4.00000000              0.9805              3.8808           6428.7374
          4.00000000              0.9805              3.9032           3155.8302
          4.00000000              0.9805              3.9248           1336.4117
          4.00000000              0.9805              3.9457            432.1060
          4.00000000              0.9805              3.9660             74.5001
          4.00000000              0.9805              3.9857              0.0000
          4.00000000              0.9822              2.4995          53685.3877
          4.00000000              0.9822              2.6688          51313.8423
          4.00000000              0.9822              2.8029          51573.1855
          4.00000000              0.9822              2.9138          56052.9527
          4.00000000              0.9822              3.0084          58312.6993
          4.00000000              0.9822              3.0909          76031.6764
          4.00000000              0.9822              3.1641         104954.6378
          4.00000000              0.9822              3.2297         136958.6489
          4.00000000              0.9822              3.2894         168713.7238
          4.00000000              0.9822              3.3439         194005.5395
          4.00000000              0.9822              3.3943         212026.7234
          4.00000000              0.9822              3.4409         211939.6140
          4.00000000              0.9822              3.4845         190077.3769
          4.00000000              0.9822              3.5253         159821.7690
          4.00000000              0.9822              3.5636         140363.2921
          4.00000000              0.9822              3.5998         119376.0118
          4.00000000              0.9822              3.6341         129972.5835
          4.00000000              0.9822              3.6666         119663.1403
          4.00000000              0.9822              3.6976         114468.1115
          4.00000000              0.9822              3.7272         109031.7557
          4.00000000              0.9822              3.7555          96846.2329
          4.00000000              0.9822              3.7826          73566.4674
          4.00000000              0.9822              3.8085          56247.3016
          4.00000000              0.9822              3.8335          39682.2870
          4.00000000              0.9822              3.8576          24078.4530
          4.00000000              0.9822              3.8808          11155.6599
          4.00000000              0.9822              3.9032           4938.7827
          4.00000000              0.9822              3.9248           2165.2932
          4.00000000              0.9822              3.9457            680.5905
          4.00000000              0.9822              3.9660            103.9651
          4.00000000              0.9822              3.9857              0.0000
          4.00000000              0.9837              2.4995          56464.9085
          4.00000000              0.9837              2.6688          53793.5575
          4.00000000              0.9837              2.8029          53101.4632
          4.00000000              0.9837              2.9138          57540.6932
          4.00000000              0.9837              3.0084          58520.9191
          4.00000000              0.9837              3.0909          74890.3892
          4.00000000              0.9837              3.1641         103910.4098
          4.00000000              0.9837              3.2297         135807.9442
          4.00000000              0.9837              3.2894         170511.0509
          4.00000000              0.9837              3.3439         202005.0550
          4.00000000              0.9837              3.3943         229287.1766
          4.00000000              0.9837              3.4409         239275.2473
          4.00000000              0.9837              3.4845         224560.2627
          4.00000000              0.9837              3.5253         191999.1315
          4.00000000              0.9837              3.5636         162988.0015
          4.00000000              0.9837              3.5998         146975.5769
          4.00000000              0.9837              3.6341         143778.6348
          4.00000000              0.9837              3.6666         137562.9821
          4.00000000              0.9837              3.6976         132134.1426
          4.00000000              0.9837              3.7272         129110.5940
          4.00000000              0.9837              3.7555         125765.6386
          4.00000000              0.9837              3.7826         107548.1077
          4.00000000              0.9837              3.8085          77832.1833
          4.00000000              0.9837              3.8335          55924.7574
          4.00000000              0.9837              3.8576          37350.4717
          4.00000000              0.9837              3.8808          19914.2436
          4.00000000              0.9837              3.9032           8096.0990
          4.00000000              0.9837              3.9248           3417.4461
          4.00000000              0.9837              3.9457           1106.1937
          4.00000000              0.9837              3.9660            142.4457
          4.00000000              0.9837              3.9857              0.0000
          4.00000000              0.9852              2.4995          58892.5428
          4.00000000              0.9852              2.6688          56642.2308
          4.00000000              0.9852              2.8029          54865.8319
          4.00000000              0.9852              2.9138          58932.9875
          4.00000000              0.9852              3.0084          59626.8400
          4.00000000              0.9852              3.0909          74656.3255
          4.00000000              0.9852              3.1641         102594.1124
          4.00000000              0.9852              3.2297         133264.1106
          4.00000000              0.9852              3.2894         169658.6888
          4.00000000              0.9852              3.3439         206283.8483
          4.00000000              0.9852              3.3943         243212.7804
          4.00000000              0.9852              3.4409         264607.4271
          4.00000000              0.9852              3.4845         260025.0097
          4.00000000              0.9852              3.5253         229808.1764
          4.00000000              0.9852              3.5636         192989.4741
          4.00000000              0.9852              3.5998         169031.7787
          4.00000000              0.9852              3.6341         162110.4178
          4.00000000              0.9852              3.6666         153191.6536
          4.00000000              0.9852              3.6976         152392.3676
          4.00000000              0.9852              3.7272         149042.4459
          4.00000000              0.9852              3.7555         151047.7514
          4.00000000              0.9852              3.7826         143573.3416
          4.00000000              0.9852              3.8085         111751.8783
          4.00000000              0.9852              3.8335          78577.0054
          4.00000000              0.9852              3.8576          53276.8386
          4.00000000              0.9852              3.8808          32887.1583
          4.00000000              0.9852              3.9032          14592.4492
          4.00000000              0.9852              3.9248           5253.1997
          4.00000000              0.9852              3.9457           1816.3897
          4.00000000              0.9852              3.9660            258.5197
          4.00000000              0.9852              3.9857              0.0000
          4.00000000              0.9865              2.4995          61251.9084
          4.00000000              0.9865              2.6688          58868.2462
          4.00000000              0.9865              2.8029          56565.7512
          4.00000000              0.9865              2.9138          60415.4354
          4.00000000              0.9865              3.0084          61234.4574
          4.00000000              0.9865              3.0909          75756.8855
          4.00000000              0.9865              3.1641         101402.5928
          4.00000000              0.9865              3.2297         129760.8507
          4.00000000              0.9865              3.2894         166652.9660
          4.00000000              0.9865              3.3439         207118.3622
          4.00000000              0.9865              3.3943         252911.0662
          4.00000000              0.9865              3.4409         286329.2529
          4.00000000              0.9865              3.4845         294281.7570
          4.00000000              0.9865              3.5253         270181.8907
          4.00000000              0.9865              3.5636         230221.2317
          4.00000000              0.9865              3.5998         194630.5040
          4.00000000              0.9865              3.6341         175132.2152
          4.00000000              0.9865              3.6666         171878.4731
          4.00000000              0.9865              3.6976         171395.4724
          4.00000000              0.9865              3.7272         175591.7311
          4.00000000              0.9865              3.7555         176589.3715
          4.00000000              0.9865              3.7826         177715.0054
          4.00000000              0.9865              3.8085         153107.8231
          4.00000000              0.9865              3.8335         109284.6167
          4.00000000              0.9865              3.8576          75290.9646
          4.00000000              0.9865              3.8808          49289.2635
          4.00000000              0.9865              3.9032          25606.2408
          4.00000000              0.9865              3.9248           8986.8626
          4.00000000              0.9865              3.9457           2823.9041
          4.00000000              0.9865              3.9660            482.0356
          4.00000000              0.9865              3.9857              0.0000
          4.00000000              0.9878              2.4995          63411.6545
          4.00000000              0.9878              2.6688          60561.7772
          4.00000000              0.9878              2.8029          58384.7782
          4.00000000              0.9878              2.9138          61704.1100
          4.00000000              0.9878              3.0084          62674.9073
          4.00000000              0.9878              3.0909          77211.0595
          4.00000000              0.9878              3.1641         100745.6077
          4.00000000              0.9878              3.2297         125409.8954
          4.00000000              0.9878              3.2894         161413.0615
          4.00000000              0.9878              3.3439         204892.2143
          4.00000000              0.9878              3.3943         258763.2558
          4.00000000              0.9878              3.4409         303741.5394
          4.00000000              0.9878              3.4845         326042.0561
          4.00000000              0.9878              3.5253         312406.9499
          4.00000000              0.9878              3.5636         270497.0337
          4.00000000              0.9878              3.5998         227815.7493
          4.00000000              0.9878              3.6341         194796.7132
          4.00000000              0.9878              3.6666         187366.5022
          4.00000000              0.9878              3.6976         190730.1439
          4.00000000              0.9878              3.7272         197657.8457
          4.00000000              0.9878              3.7555         206977.6421
          4.00000000              0.9878              3.7826         207274.3317
          4.00000000              0.9878              3.8085         194386.3491
          4.00000000              0.9878              3.8335         153479.3436
          4.00000000              0.9878              3.8576         101970.9100
          4.00000000              0.9878              3.8808          69408.8098
          4.00000000              0.9878              3.9032          40768.0184
          4.00000000              0.9878              3.9248          16461.5072
          4.00000000              0.9878              3.9457           4154.8309
          4.00000000              0.9878              3.9660            705.2260
          4.00000000              0.9878              3.9857              0.0000
          4.00000000              0.9890              2.4995          65026.0991
          4.00000000              0.9890              2.6688          61793.8026
          4.00000000              0.9890              2.8029          59908.0750
          4.00000000              0.9890              2.9138          62705.8992
          4.00000000              0.9890              3.0084          63493.7614
          4.00000000              0.9890              3.0909          78610.0234
          4.00000000              0.9890              3.1641         100339.4814
          4.00000000              0.9890              3.2297         121326.4489
          4.00000000              0.9890              3.2894         154767.9898
          4.00000000              0.9890              3.3439         199171.4235
          4.00000000              0.9890              3.3943         260406.8134
          4.00000000              0.9890              3.4409         316044.4137
          4.00000000              0.9890              3.4845         353363.3822
          4.00000000              0.9890              3.5253         354129.2631
          4.00000000              0.9890              3.5636         316171.4108
          4.00000000              0.9890              3.5998         266231.6785
          4.00000000              0.9890              3.6341         223095.1051
          4.00000000              0.9890              3.6666         201735.0141
          4.00000000              0.9890              3.6976         208086.1708
          4.00000000              0.9890              3.7272         218345.8015
          4.00000000              0.9890              3.7555         233220.5105
          4.00000000              0.9890              3.7826         240708.6584
          4.00000000              0.9890              3.8085         234201.0720
          4.00000000              0.9890              3.8335         199936.9533
          4.00000000              0.9890              3.8576         142991.6194
          4.00000000              0.9890              3.8808          95679.1195
          4.00000000              0.9890              3.9032          60255.2186
          4.00000000              0.9890              3.9248          28578.4560
          4.00000000              0.9890              3.9457           6897.0157
          4.00000000              0.9890              3.9660            893.1026
          4.00000000              0.9890              3.9857              0.0000
          4.00000000              0.9902              2.4995          66056.9202
          4.00000000              0.9902              2.6688          62452.4515
          4.00000000              0.9902              2.8029          60899.3595
          4.00000000              0.9902              2.9138          64236.5810
          4.00000000              0.9902              3.0084          64587.2207
          4.00000000              0.9902              3.0909          79572.6281
          4.00000000              0.9902              3.1641         100281.8274
          4.00000000              0.9902              3.2297         117569.5467
          4.00000000              0.9902              3.2894         147436.1929
          4.00000000              0.9902              3.3439         190291.9090
          4.00000000              0.9902              3.3943         257300.2977
          4.00000000              0.9902              3.4409         324092.3010
          4.00000000              0.9902              3.4845         374656.1700
          4.00000000              0.9902              3.5253         392620.9135
          4.00000000              0.9902              3.5636         365135.0366
          4.00000000              0.9902              3.5998         310040.2114
          4.00000000              0.9902              3.6341         257082.7033
          4.00000000              0.9902              3.6666         223958.3402
          4.00000000              0.9902              3.6976         220165.3814
          4.00000000              0.9902              3.7272         235138.9602
          4.00000000              0.9902              3.7555         258088.6145
          4.00000000              0.9902              3.7826         272279.4367
          4.00000000              0.9902              3.8085         272780.0972
          4.00000000              0.9902              3.8335         243317.5321
          4.00000000              0.9902              3.8576         193091.9126
          4.00000000              0.9902              3.8808         128684.6454
          4.00000000              0.9902              3.9032          84461.1848
          4.00000000              0.9902              3.9248          46064.7641
          4.00000000              0.9902              3.9457          13271.9172
          4.00000000              0.9902              3.9660           1198.3366
          4.00000000              0.9902              3.9857              0.0000
          4.00000000              0.9913              2.4995          66402.8284
          4.00000000              0.9913              2.6688          62444.3222
          4.00000000              0.9913              2.8029          61943.3160
          4.00000000              0.9913              2.9138          65780.1983
          4.00000000              0.9913              3.0084          64938.3140
          4.00000000              0.9913              3.0909          80319.2964
          4.00000000              0.9913              3.1641         101529.6174
          4.00000000              0.9913              3.2297         114231.8250
          4.00000000              0.9913              3.2894         140268.2651
          4.00000000              0.9913              3.3439         179915.2647
          4.00000000              0.9913              3.3943         249821.2882
          4.00000000              0.9913              3.4409         326404.7991
          4.00000000              0.9913              3.4845         389997.9455
          4.00000000              0.9913              3.5253         425623.7329
          4.00000000              0.9913              3.5636         413823.4159
          4.00000000              0.9913              3.5998         360534.7193
          4.00000000              0.9913              3.6341         295677.9443
          4.00000000              0.9913              3.6666         250446.5297
          4.00000000              0.9913              3.6976         236769.0148
          4.00000000              0.9913              3.7272         245124.0908
          4.00000000              0.9913              3.7555         279274.7189
          4.00000000              0.9913              3.7826         304644.5236
          4.00000000              0.9913              3.8085         312298.6961
          4.00000000              0.9913              3.8335         282086.8999
          4.00000000              0.9913              3.8576         244477.8454
          4.00000000              0.9913              3.8808         179484.2186
          4.00000000              0.9913              3.9032         114078.7929
          4.00000000              0.9913              3.9248          70579.7887
          4.00000000              0.9913              3.9457          24795.0421
          4.00000000              0.9913              3.9660           2548.7920
          4.00000000              0.9913              3.9857              0.0000
          4.00000000              0.9923              2.4995          66108.1807
          4.00000000              0.9923              2.6688          62236.6728
          4.00000000              0.9923              2.8029          62865.3233
          4.00000000              0.9923              2.9138          66469.8176
          4.00000000              0.9923              3.0084          65176.8328
          4.00000000              0.9923              3.0909          81481.3709
          4.00000000              0.9923              3.1641         102348.5232
          4.00000000              0.9923              3.2297         111291.7474
          4.00000000              0.9923              3.2894         132850.1197
          4.00000000              0.9923              3.3439         169206.9952
          4.00000000              0.9923              3.3943         238775.7146
          4.00000000              0.9923              3.4409         321987.5052
          4.00000000              0.9923              3.4845         399635.6758
          4.00000000              0.9923              3.5253         451682.7537
          4.00000000              0.9923              3.5636         459015.9373
          4.00000000              0.9923              3.5998         414951.1933
          4.00000000              0.9923              3.6341         341631.7245
          4.00000000              0.9923              3.6666         281207.5046
          4.00000000              0.9923              3.6976         256565.4840
          4.00000000              0.9923              3.7272         258836.4573
          4.00000000              0.9923              3.7555         286745.0062
          4.00000000              0.9923              3.7826         336557.8085
          4.00000000              0.9923              3.8085         351981.0965
          4.00000000              0.9923              3.8335         324278.1932
          4.00000000              0.9923              3.8576         291792.1625
          4.00000000              0.9923              3.8808         236793.7161
          4.00000000              0.9923              3.9032         155745.3918
          4.00000000              0.9923              3.9248         102826.5589
          4.00000000              0.9923              3.9457          42306.1585
          4.00000000              0.9923              3.9660           6788.5253
          4.00000000              0.9923              3.9857              0.0000
          4.00000000              0.9933              2.4995          65622.2473
          4.00000000              0.9933              2.6688          61589.4577
          4.00000000              0.9933              2.8029          63067.3642
          4.00000000              0.9933              2.9138          67401.2102
          4.00000000              0.9933              3.0084          66849.4750
          4.00000000              0.9933              3.0909          84024.6296
          4.00000000              0.9933              3.1641         102397.9888
          4.00000000              0.9933              3.2297         108241.7743
          4.00000000              0.9933              3.2894         125980.2273
          4.00000000              0.9933              3.3439         157901.4362
          4.00000000              0.9933              3.3943         225598.8377
          4.00000000              0.9933              3.4409         312666.6978
          4.00000000              0.9933              3.4845         402834.2002
          4.00000000              0.9933              3.5253         470740.8807
          4.00000000              0.9933              3.5636         497647.0142
          4.00000000              0.9933              3.5998         470142.1424
          4.00000000              0.9933              3.6341         394284.3461
          4.00000000              0.9933              3.6666         318612.1855
          4.00000000              0.9933              3.6976         276389.4459
          4.00000000              0.9933              3.7272         271010.0921
          4.00000000              0.9933              3.7555         295813.4547
          4.00000000              0.9933              3.7826         350656.7479
          4.00000000              0.9933              3.8085         393760.3975
          4.00000000              0.9933              3.8335         366032.8337
          4.00000000              0.9933              3.8576         338686.9126
          4.00000000              0.9933              3.8808         295842.2453
          4.00000000              0.9933              3.9032         216432.1869
          4.00000000              0.9933              3.9248         143513.4690
          4.00000000              0.9933              3.9457          66634.1442
          4.00000000              0.9933              3.9660          15345.7410
          4.00000000              0.9933              3.9857              0.0000
          4.00000000              0.9943              2.4995          64834.8132
          4.00000000              0.9943              2.6688          60071.6484
          4.00000000              0.9943              2.8029          62987.7230
          4.00000000              0.9943              2.9138          69324.6701
          4.00000000              0.9943              3.0084          69854.3277
          4.00000000              0.9943              3.0909          85488.9168
          4.00000000              0.9943              3.1641         101773.8380
          4.00000000              0.9943              3.2297         104388.7993
          4.00000000              0.9943              3.2894         119196.2937
          4.00000000              0.9943              3.3439         147210.1363
          4.00000000              0.9943              3.3943         211267.1011
          4.00000000              0.9943              3.4409         298716.9977
          4.00000000              0.9943              3.4845         398163.3680
          4.00000000              0.9943              3.5253         482300.4572
          4.00000000              0.9943              3.5636         529012.7909
          4.00000000              0.9943              3.5998         521830.1690
          4.00000000              0.9943              3.6341         452750.0270
          4.00000000              0.9943              3.6666         364280.2327
          4.00000000              0.9943              3.6976         301828.1472
          4.00000000              0.9943              3.7272         279760.6031
          4.00000000              0.9943              3.7555         302802.0518
          4.00000000              0.9943              3.7826         356953.6237
          4.00000000              0.9943              3.8085         422288.0062
          4.00000000              0.9943              3.8335         421330.4341
          4.00000000              0.9943              3.8576         389142.0218
          4.00000000              0.9943              3.8808         353602.2039
          4.00000000              0.9943              3.9032         288996.1320
          4.00000000              0.9943              3.9248         203544.0801
          4.00000000              0.9943              3.9457          96462.0293
          4.00000000              0.9943              3.9660          26508.4051
          4.00000000              0.9943              3.9857              0.0000
          4.00000000              0.9952              2.4995          63744.8253
          4.00000000              0.9952              2.6688          58432.8598
          4.00000000              0.9952              2.8029          62478.9119
          4.00000000              0.9952              2.9138          70097.4281
          4.00000000              0.9952              3.0084          71459.7414
          4.00000000              0.9952              3.0909          85964.8474
          4.00000000              0.9952              3.1641         100560.4400
          4.00000000              0.9952              3.2297         100070.9330
          4.00000000              0.9952              3.2894         112713.6315
          4.00000000              0.9952              3.3439         137337.8459
          4.00000000              0.9952              3.3943         195728.1702
          4.00000000              0.9952              3.4409         281947.2286
          4.00000000              0.9952              3.4845         385543.6272
          4.00000000              0.9952              3.5253         484590.8848
          4.00000000              0.9952              3.5636         552097.0261
          4.00000000              0.9952              3.5998         566240.8010
          4.00000000              0.9952              3.6341         512724.0523
          4.00000000              0.9952              3.6666         416907.3625
          4.00000000              0.9952              3.6976         335203.9937
          4.00000000              0.9952              3.7272         295814.0937
          4.00000000              0.9952              3.7555         303164.5549
          4.00000000              0.9952              3.7826         358321.5779
          4.00000000              0.9952              3.8085         425695.4495
          4.00000000              0.9952              3.8335         474183.0971
          4.00000000              0.9952              3.8576         454162.1989
          4.00000000              0.9952              3.8808         416493.5094
          4.00000000              0.9952              3.9032         363104.7402
          4.00000000              0.9952              3.9248         288470.8457
          4.00000000              0.9952              3.9457         132008.5142
          4.00000000              0.9952              3.9660          39963.3371
          4.00000000              0.9952              3.9857              0.0000
          4.00000000              0.9960              2.4995          61572.9536
          4.00000000              0.9960              2.6688          56310.2646
          4.00000000              0.9960              2.8029          61602.0559
          4.00000000              0.9960              2.9138          69795.9237
          4.00000000              0.9960              3.0084          72142.8839
          4.00000000              0.9960              3.0909          85354.2710
          4.00000000              0.9960              3.1641          98438.2559
          4.00000000              0.9960              3.2297          96014.8838
          4.00000000              0.9960              3.2894         106511.9295
          4.00000000              0.9960              3.3439         127463.0931
          4.00000000              0.9960              3.3943         180973.1092
          4.00000000              0.9960              3.4409         263107.9129
          4.00000000              0.9960              3.4845         365238.9423
          4.00000000              0.9960              3.5253         475362.6328
          4.00000000              0.9960              3.5636         562924.4780
          4.00000000              0.9960              3.5998         602446.9505
          4.00000000              0.9960              3.6341         568687.4065
          4.00000000              0.9960              3.6666         475558.3171
          4.00000000              0.9960              3.6976         374567.5440
          4.00000000              0.9960              3.7272         316578.5682
          4.00000000              0.9960              3.7555         308948.3763
          4.00000000              0.9960              3.7826         352498.7308
          4.00000000              0.9960              3.8085         430613.8766
          4.00000000              0.9960              3.8335         484060.1171
          4.00000000              0.9960              3.8576         531579.9930
          4.00000000              0.9960              3.8808         489245.4661
          4.00000000              0.9960              3.9032         441371.3080
          4.00000000              0.9960              3.9248         395050.5894
          4.00000000              0.9960              3.9457         187005.0050
          4.00000000              0.9960              3.9660          56384.9234
          4.00000000              0.9960              3.9857              0.0000
          4.00000000              0.9969              2.4995          58381.6842
          4.00000000              0.9969              2.6688          54849.8740
          4.00000000              0.9969              2.8029          60124.0522
          4.00000000              0.9969              2.9138          68992.8812
          4.00000000              0.9969              3.0084          71577.9571
          4.00000000              0.9969              3.0909          83549.0724
          4.00000000              0.9969              3.1641          95044.2422
          4.00000000              0.9969              3.2297          92680.5654
          4.00000000              0.9969              3.2894          99937.0820
          4.00000000              0.9969              3.3439         118376.7320
          4.00000000              0.9969              3.3943         168228.9741
          4.00000000              0.9969              3.4409         242089.8780
          4.00000000              0.9969              3.4845         339591.1892
          4.00000000              0.9969              3.5253         454596.6049
          4.00000000              0.9969              3.5636         558135.8149
          4.00000000              0.9969              3.5998         625250.5833
          4.00000000              0.9969              3.6341         616438.8207
          4.00000000              0.9969              3.6666         534615.3048
          4.00000000              0.9969              3.6976         422081.2160
          4.00000000              0.9969              3.7272         343180.3615
          4.00000000              0.9969              3.7555         318891.2308
          4.00000000              0.9969              3.7826         346033.3550
          4.00000000              0.9969              3.8085         429853.5811
          4.00000000              0.9969              3.8335         489748.4948
          4.00000000              0.9969              3.8576         563651.0802
          4.00000000              0.9969              3.8808         598005.8114
          4.00000000              0.9969              3.9032         535765.5261
          4.00000000              0.9969              3.9248         506969.0542
          4.00000000              0.9969              3.9457         272933.6905
          4.00000000              0.9969              3.9660          77481.4840
          4.00000000              0.9969              3.9857              0.0000
          4.00000000              0.9977              2.4995          54156.6377
          4.00000000              0.9977              2.6688          51795.6310
          4.00000000              0.9977              2.8029          57189.2357
          4.00000000              0.9977              2.9138          66606.2431
          4.00000000              0.9977              3.0084          70270.3635
          4.00000000              0.9977              3.0909          82741.5679
          4.00000000              0.9977              3.1641          90838.0944
          4.00000000              0.9977              3.2297          89120.0906
          4.00000000              0.9977              3.2894          95601.6040
          4.00000000              0.9977              3.3439         110424.3290
          4.00000000              0.9977              3.3943         154073.5158
          4.00000000              0.9977              3.4409         220827.7049
          4.00000000              0.9977              3.4845         309380.4476
          4.00000000              0.9977              3.5253         420613.6467
          4.00000000              0.9977              3.5636         536299.7372
          4.00000000              0.9977              3.5998         627655.0421
          4.00000000              0.9977              3.6341         650921.6013
          4.00000000              0.9977              3.6666         586861.2786
          4.00000000              0.9977              3.6976         472196.1517
          4.00000000              0.9977              3.7272         374555.5676
          4.00000000              0.9977              3.7555         331141.0962
          4.00000000              0.9977              3.7826         343837.9588
          4.00000000              0.9977              3.8085         409622.0758
          4.00000000              0.9977              3.8335         489327.7899
          4.00000000              0.9977              3.8576         573211.9943
          4.00000000              0.9977              3.8808         674703.1957
          4.00000000              0.9977              3.9032         687202.0662
          4.00000000              0.9977              3.9248         631203.4137
          4.00000000              0.9977              3.9457         380838.5689
          4.00000000              0.9977              3.9660         112243.1903
          4.00000000              0.9977              3.9857              0.0000
          4.00000000              0.9985              2.4995          49717.2461
          4.00000000              0.9985              2.6688          46595.7139
          4.00000000              0.9985              2.8029          52379.3285
          4.00000000              0.9985              2.9138          62093.0065
          4.00000000              0.9985              3.0084          69068.0205
          4.00000000              0.9985              3.0909          79896.2620
          4.00000000              0.9985              3.1641          85206.5723
          4.00000000              0.9985              3.2297          83510.9162
          4.00000000              0.9985              3.2894          89589.5693
          4.00000000              0.9985              3.3439         102264.9814
          4.00000000              0.9985              3.3943         142032.6169
          4.00000000              0.9985              3.4409         198538.3185
          4.00000000              0.9985              3.4845         274488.0053
          4.00000000              0.9985              3.5253         376148.3006
          4.00000000              0.9985              3.5636         493142.4976
          4.00000000              0.9985              3.5998         604137.8878
          4.00000000              0.9985              3.6341         659648.6587
          4.00000000              0.9985              3.6666         626648.9595
          4.00000000              0.9985              3.6976         513697.0811
          4.00000000              0.9985              3.7272         410480.9124
          4.00000000              0.9985              3.7555         350506.4137
          4.00000000              0.9985              3.7826         341008.1385
          4.00000000              0.9985              3.8085         383556.4903
          4.00000000              0.9985              3.8335         447808.7600
          4.00000000              0.9985              3.8576         562675.4690
          4.00000000              0.9985              3.8808         691021.4233
          4.00000000              0.9985              3.9032         826215.8604
          4.00000000              0.9985              3.9248         851065.1459
          4.00000000              0.9985              3.9457         514049.7442
          4.00000000              0.9985              3.9660         179938.4784
          4.00000000              0.9985              3.9857              0.0000
          4.00000000              0.9993              2.4995          43635.0847
          4.00000000              0.9993              2.6688          41486.9174
          4.00000000              0.9993              2.8029          44893.0007
          4.00000000              0.9993              2.9138          55979.8820
          4.00000000              0.9993              3.0084          63542.4501
          4.00000000              0.9993              3.0909          72835.1171
          4.00000000              0.9993              3.1641          76934.5594
          4.00000000              0.9993              3.2297          74240.4609
          4.00000000              0.9993              3.2894          79419.0147
          4.00000000              0.9993              3.3439          93228.5271
          4.00000000              0.9993              3.3943         127237.6522
          4.00000000              0.9993              3.4409         174116.2784
          4.00000000              0.9993              3.4845         233291.8598
          4.00000000              0.9993              3.5253         319284.2372
          4.00000000              0.9993              3.5636         426867.3567
          4.00000000              0.9993              3.5998         542310.2279
          4.00000000              0.9993              3.6341         625225.6263
          4.00000000              0.9993              3.6666         631399.5701
          4.00000000              0.9993              3.6976         544151.5048
          4.00000000              0.9993              3.7272         435507.7787
          4.00000000              0.9993              3.7555         369513.9167
          4.00000000              0.9993              3.7826         348792.3683
          4.00000000              0.9993              3.8085         361374.0466
          4.00000000              0.9993              3.8335         388415.8278
          4.00000000              0.9993              3.8576         480935.7363
          4.00000000              0.9993              3.8808         658969.5001
          4.00000000              0.9993              3.9032         917464.7554
          4.00000000              0.9993              3.9248        1100992.7535
          4.00000000              0.9993              3.9457         806000.2590
          4.00000000              0.9993              3.9660         264418.9965
          4.00000000              0.9993              3.9857              0.0000
          4.00000000              1.0000              2.4995          38229.6298
          4.00000000              1.0000              2.6688          34489.2996
          4.00000000              1.0000              2.8029          34487.0055
          4.00000000              1.0000              2.9138          48870.3800
          4.00000000              1.0000              3.0084          60085.5628
          4.00000000              1.0000              3.0909          62527.7527
          4.00000000              1.0000              3.1641          65029.0102
          4.00000000              1.0000              3.2297          63381.6218
          4.00000000              1.0000              3.2894          64488.4646
          4.00000000              1.0000              3.3439          74613.1780
          4.00000000              1.0000              3.3943         101075.5521
          4.00000000              1.0000              3.4409         134845.2696
          4.00000000              1.0000              3.4845         179115.4001
          4.00000000              1.0000              3.5253         237286.6091
          4.00000000              1.0000              3.5636         316792.2757
          4.00000000              1.0000              3.5998         414763.8060
          4.00000000              1.0000              3.6341         503187.9483
          4.00000000              1.0000              3.6666         542631.3342
          4.00000000              1.0000              3.6976         505991.5869
          4.00000000              1.0000              3.7272         420919.5458
          4.00000000              1.0000              3.7555         367983.5090
          4.00000000              1.0000              3.7826         349125.3400
          4.00000000              1.0000              3.8085         348693.0773
          4.00000000              1.0000              3.8335         329178.6701
          4.00000000              1.0000              3.8576         347698.7010
          4.00000000              1.0000              3.8808         475347.7130
          4.00000000              1.0000              3.9032         861172.7881
          4.00000000              1.0000              3.9248        1423115.7059
          4.00000000              1.0000              3.9457        1324374.0743
          4.00000000              1.0000              3.9660         376658.6055
          4.00000000              1.0000              3.9857              0.0000
