               0.155             -1.0000              0.0000              0.0000
          0.15500000             -1.0000              0.0160             19.1978
          0.15500000             -1.0000              0.0287             72.0867
          0.15500000             -1.0000              0.0392            153.8540
          0.15500000             -1.0000              0.0482            245.7846
          0.15500000             -1.0000              0.0560            339.0753
          0.15500000             -1.0000              0.0629            425.5635
          0.15500000             -1.0000              0.0691            527.8298
          0.15500000             -1.0000              0.0748            595.7072
          0.15500000             -1.0000              0.0799            656.6178
          0.15500000             -1.0000              0.0847            686.3627
          0.15500000             -1.0000              0.0891            696.7562
          0.15500000             -1.0000              0.0932            710.0055
          0.15500000             -1.0000              0.0971            694.4374
          0.15500000             -1.0000              0.1007            666.1373
          0.15500000             -1.0000              0.1042            626.8638
          0.15500000             -1.0000              0.1074            575.4517
          0.15500000             -1.0000              0.1105            710.0689
          0.15500000             -1.0000              0.1134            548.2919
          0.15500000             -1.0000              0.1162            425.3646
          0.15500000             -1.0000              0.1189            342.6191
          0.15500000             -1.0000              0.1215            271.8627
          0.15500000             -1.0000              0.1239            285.6058
          0.15500000             -1.0000              0.1263            177.4175
          0.15500000             -1.0000              0.1286            159.0713
          0.15500000             -1.0000              0.1308             90.4215
          0.15500000             -1.0000              0.1329             50.3955
          0.15500000             -1.0000              0.1349             21.5820
          0.15500000             -1.0000              0.1369              6.7873
          0.15500000             -1.0000              0.1388              0.9011
          0.15500000             -1.0000              0.1407              0.0000
          0.15500000             -0.6348              0.0000              0.0000
          0.15500000             -0.6348              0.0160             16.8861
          0.15500000             -0.6348              0.0287             64.4543
          0.15500000             -0.6348              0.0392            135.1533
          0.15500000             -0.6348              0.0482            230.2792
          0.15500000             -0.6348              0.0560            324.8007
          0.15500000             -0.6348              0.0629            405.9552
          0.15500000             -0.6348              0.0691            493.9720
          0.15500000             -0.6348              0.0748            584.9764
          0.15500000             -0.6348              0.0799            650.4843
          0.15500000             -0.6348              0.0847            688.7592
          0.15500000             -0.6348              0.0891            702.9352
          0.15500000             -0.6348              0.0932            710.8521
          0.15500000             -0.6348              0.0971            682.5596
          0.15500000             -0.6348              0.1007            660.1793
          0.15500000             -0.6348              0.1042            637.6525
          0.15500000             -0.6348              0.1074            598.9695
          0.15500000             -0.6348              0.1105            751.9315
          0.15500000             -0.6348              0.1134            599.9784
          0.15500000             -0.6348              0.1162            475.3439
          0.15500000             -0.6348              0.1189            381.5531
          0.15500000             -0.6348              0.1215            298.2310
          0.15500000             -0.6348              0.1239            319.2703
          0.15500000             -0.6348              0.1263            197.9090
          0.15500000             -0.6348              0.1286            176.6959
          0.15500000             -0.6348              0.1308             98.6887
          0.15500000             -0.6348              0.1329             54.6134
          0.15500000             -0.6348              0.1349             23.0546
          0.15500000             -0.6348              0.1369              7.2695
          0.15500000             -0.6348              0.1388              0.9658
          0.15500000             -0.6348              0.1407              0.0000
          0.15500000             -0.4063              0.0000              0.0000
          0.15500000             -0.4063              0.0160             15.4441
          0.15500000             -0.4063              0.0287             59.0308
          0.15500000             -0.4063              0.0392            124.7530
          0.15500000             -0.4063              0.0482            216.4244
          0.15500000             -0.4063              0.0560            311.9603
          0.15500000             -0.4063              0.0629            394.3503
          0.15500000             -0.4063              0.0691            478.0185
          0.15500000             -0.4063              0.0748            571.9050
          0.15500000             -0.4063              0.0799            652.1934
          0.15500000             -0.4063              0.0847            690.8207
          0.15500000             -0.4063              0.0891            704.0714
          0.15500000             -0.4063              0.0932            712.5402
          0.15500000             -0.4063              0.0971            688.8589
          0.15500000             -0.4063              0.1007            663.8161
          0.15500000             -0.4063              0.1042            636.1887
          0.15500000             -0.4063              0.1074            600.4738
          0.15500000             -0.4063              0.1105            765.7507
          0.15500000             -0.4063              0.1134            618.5059
          0.15500000             -0.4063              0.1162            501.0176
          0.15500000             -0.4063              0.1189            411.5171
          0.15500000             -0.4063              0.1215            327.4115
          0.15500000             -0.4063              0.1239            342.7320
          0.15500000             -0.4063              0.1263            211.7694
          0.15500000             -0.4063              0.1286            186.0633
          0.15500000             -0.4063              0.1308            103.9230
          0.15500000             -0.4063              0.1329             57.0453
          0.15500000             -0.4063              0.1349             24.1340
          0.15500000             -0.4063              0.1369              7.6489
          0.15500000             -0.4063              0.1388              1.0432
          0.15500000             -0.4063              0.1407              0.0000
          0.15500000             -0.2396              0.0000              0.0000
          0.15500000             -0.2396              0.0160             14.4058
          0.15500000             -0.2396              0.0287             55.0468
          0.15500000             -0.2396              0.0392            116.7317
          0.15500000             -0.2396              0.0482            205.4535
          0.15500000             -0.2396              0.0560            301.4934
          0.15500000             -0.2396              0.0629            385.0922
          0.15500000             -0.2396              0.0691            468.9634
          0.15500000             -0.2396              0.0748            561.9571
          0.15500000             -0.2396              0.0799            645.3769
          0.15500000             -0.2396              0.0847            698.8515
          0.15500000             -0.2396              0.0891            713.1279
          0.15500000             -0.2396              0.0932            717.0989
          0.15500000             -0.2396              0.0971            693.9254
          0.15500000             -0.2396              0.1007            669.8529
          0.15500000             -0.2396              0.1042            638.3194
          0.15500000             -0.2396              0.1074            600.0437
          0.15500000             -0.2396              0.1105            767.5430
          0.15500000             -0.2396              0.1134            630.7035
          0.15500000             -0.2396              0.1162            512.5938
          0.15500000             -0.2396              0.1189            427.0027
          0.15500000             -0.2396              0.1215            347.3358
          0.15500000             -0.2396              0.1239            364.7437
          0.15500000             -0.2396              0.1263            222.4785
          0.15500000             -0.2396              0.1286            191.8859
          0.15500000             -0.2396              0.1308            107.1570
          0.15500000             -0.2396              0.1329             58.5991
          0.15500000             -0.2396              0.1349             24.6137
          0.15500000             -0.2396              0.1369              7.7532
          0.15500000             -0.2396              0.1388              1.0406
          0.15500000             -0.2396              0.1407              0.0000
          0.15500000             -0.1083              0.0000              0.0000
          0.15500000             -0.1083              0.0160             13.5967
          0.15500000             -0.1083              0.0287             51.9483
          0.15500000             -0.1083              0.0392            110.1625
          0.15500000             -0.1083              0.0482            196.1814
          0.15500000             -0.1083              0.0560            292.7340
          0.15500000             -0.1083              0.0629            376.4775
          0.15500000             -0.1083              0.0691            461.4693
          0.15500000             -0.1083              0.0748            553.4706
          0.15500000             -0.1083              0.0799            640.9895
          0.15500000             -0.1083              0.0847            702.5264
          0.15500000             -0.1083              0.0891            722.7435
          0.15500000             -0.1083              0.0932            725.3780
          0.15500000             -0.1083              0.0971            706.5299
          0.15500000             -0.1083              0.1007            674.7778
          0.15500000             -0.1083              0.1042            640.3002
          0.15500000             -0.1083              0.1074            600.4191
          0.15500000             -0.1083              0.1105            768.7683
          0.15500000             -0.1083              0.1134            630.1853
          0.15500000             -0.1083              0.1162            525.6856
          0.15500000             -0.1083              0.1189            435.8049
          0.15500000             -0.1083              0.1215            359.5801
          0.15500000             -0.1083              0.1239            381.4402
          0.15500000             -0.1083              0.1263            235.4337
          0.15500000             -0.1083              0.1286            196.7842
          0.15500000             -0.1083              0.1308            109.9326
          0.15500000             -0.1083              0.1329             60.3363
          0.15500000             -0.1083              0.1349             25.4876
          0.15500000             -0.1083              0.1369              7.9119
          0.15500000             -0.1083              0.1388              1.0776
          0.15500000             -0.1083              0.1407              0.0000
          0.15500000             -0.0000              0.0000              0.0000
          0.15500000             -0.0000              0.0160             12.9269
          0.15500000             -0.0000              0.0287             49.3421
          0.15500000             -0.0000              0.0392            104.6368
          0.15500000             -0.0000              0.0482            188.0372
          0.15500000             -0.0000              0.0560            284.2876
          0.15500000             -0.0000              0.0629            369.9319
          0.15500000             -0.0000              0.0691            454.4426
          0.15500000             -0.0000              0.0748            547.5921
          0.15500000             -0.0000              0.0799            636.8553
          0.15500000             -0.0000              0.0847            705.0920
          0.15500000             -0.0000              0.0891            731.6924
          0.15500000             -0.0000              0.0932            740.2166
          0.15500000             -0.0000              0.0971            716.2023
          0.15500000             -0.0000              0.1007            681.0706
          0.15500000             -0.0000              0.1042            644.4198
          0.15500000             -0.0000              0.1074            603.6953
          0.15500000             -0.0000              0.1105            766.4588
          0.15500000             -0.0000              0.1134            633.5715
          0.15500000             -0.0000              0.1162            528.8581
          0.15500000             -0.0000              0.1189            443.3548
          0.15500000             -0.0000              0.1215            367.2875
          0.15500000             -0.0000              0.1239            394.9871
          0.15500000             -0.0000              0.1263            247.6283
          0.15500000             -0.0000              0.1286            204.9329
          0.15500000             -0.0000              0.1308            112.2923
          0.15500000             -0.0000              0.1329             61.9663
          0.15500000             -0.0000              0.1349             26.3337
          0.15500000             -0.0000              0.1369              8.2614
          0.15500000             -0.0000              0.1388              1.0946
          0.15500000             -0.0000              0.1407              0.0000
          0.15500000              0.0922              0.0000              0.0000
          0.15500000              0.0922              0.0160             12.3609
          0.15500000              0.0922              0.0287             47.0936
          0.15500000              0.0922              0.0392            100.0089
          0.15500000              0.0922              0.0482            180.8127
          0.15500000              0.0922              0.0560            276.5867
          0.15500000              0.0922              0.0629            364.1062
          0.15500000              0.0922              0.0691            447.9714
          0.15500000              0.0922              0.0748            542.6249
          0.15500000              0.0922              0.0799            633.4225
          0.15500000              0.0922              0.0847            706.1473
          0.15500000              0.0922              0.0891            740.8482
          0.15500000              0.0922              0.0932            754.1161
          0.15500000              0.0922              0.0971            727.1523
          0.15500000              0.0922              0.1007            687.4105
          0.15500000              0.0922              0.1042            652.2511
          0.15500000              0.0922              0.1074            609.3721
          0.15500000              0.0922              0.1105            762.5562
          0.15500000              0.0922              0.1134            631.2926
          0.15500000              0.0922              0.1162            530.9095
          0.15500000              0.0922              0.1189            448.8150
          0.15500000              0.0922              0.1215            371.7940
          0.15500000              0.0922              0.1239            402.0626
          0.15500000              0.0922              0.1263            258.3710
          0.15500000              0.0922              0.1286            214.4626
          0.15500000              0.0922              0.1308            115.6093
          0.15500000              0.0922              0.1329             62.9297
          0.15500000              0.0922              0.1349             26.8524
          0.15500000              0.0922              0.1369              8.4470
          0.15500000              0.0922              0.1388              1.1245
          0.15500000              0.0922              0.1407              0.0000
          0.15500000              0.1725              0.0000              0.0000
          0.15500000              0.1725              0.0160             11.8743
          0.15500000              0.1725              0.0287             45.1147
          0.15500000              0.1725              0.0392             95.8992
          0.15500000              0.1725              0.0482            174.3538
          0.15500000              0.1725              0.0560            269.3203
          0.15500000              0.1725              0.0629            358.3176
          0.15500000              0.1725              0.0691            443.4283
          0.15500000              0.1725              0.0748            537.8954
          0.15500000              0.1725              0.0799            630.3462
          0.15500000              0.1725              0.0847            707.5793
          0.15500000              0.1725              0.0891            748.7019
          0.15500000              0.1725              0.0932            765.9195
          0.15500000              0.1725              0.0971            738.7738
          0.15500000              0.1725              0.1007            696.5985
          0.15500000              0.1725              0.1042            660.4711
          0.15500000              0.1725              0.1074            615.7283
          0.15500000              0.1725              0.1105            761.2800
          0.15500000              0.1725              0.1134            630.3056
          0.15500000              0.1725              0.1162            529.7942
          0.15500000              0.1725              0.1189            448.5148
          0.15500000              0.1725              0.1215            376.4845
          0.15500000              0.1725              0.1239            406.3540
          0.15500000              0.1725              0.1263            266.1691
          0.15500000              0.1725              0.1286            222.7995
          0.15500000              0.1725              0.1308            121.9229
          0.15500000              0.1725              0.1329             63.5112
          0.15500000              0.1725              0.1349             27.0943
          0.15500000              0.1725              0.1369              8.5434
          0.15500000              0.1725              0.1388              1.1424
          0.15500000              0.1725              0.1407              0.0000
          0.15500000              0.2436              0.0000              0.0000
          0.15500000              0.2436              0.0160             11.4418
          0.15500000              0.2436              0.0287             43.3416
          0.15500000              0.2436              0.0392             92.2455
          0.15500000              0.2436              0.0482            168.4576
          0.15500000              0.2436              0.0560            262.3744
          0.15500000              0.2436              0.0629            352.7031
          0.15500000              0.2436              0.0691            439.9646
          0.15500000              0.2436              0.0748            533.5151
          0.15500000              0.2436              0.0799            628.5066
          0.15500000              0.2436              0.0847            707.6555
          0.15500000              0.2436              0.0891            754.6853
          0.15500000              0.2436              0.0932            774.8716
          0.15500000              0.2436              0.0971            749.6522
          0.15500000              0.2436              0.1007            711.3729
          0.15500000              0.2436              0.1042            670.2263
          0.15500000              0.2436              0.1074            622.4923
          0.15500000              0.2436              0.1105            761.3474
          0.15500000              0.2436              0.1134            629.5121
          0.15500000              0.2436              0.1162            527.0178
          0.15500000              0.2436              0.1189            448.7915
          0.15500000              0.2436              0.1215            378.1521
          0.15500000              0.2436              0.1239            410.2199
          0.15500000              0.2436              0.1263            269.9738
          0.15500000              0.2436              0.1286            231.0658
          0.15500000              0.2436              0.1308            128.4956
          0.15500000              0.2436              0.1329             65.7076
          0.15500000              0.2436              0.1349             27.1628
          0.15500000              0.2436              0.1369              8.5893
          0.15500000              0.2436              0.1388              1.1531
          0.15500000              0.2436              0.1407              0.0000
          0.15500000              0.3074              0.0000              0.0000
          0.15500000              0.3074              0.0160             11.0529
          0.15500000              0.3074              0.0287             41.7335
          0.15500000              0.3074              0.0392             89.0169
          0.15500000              0.3074              0.0482            163.0272
          0.15500000              0.3074              0.0560            255.7468
          0.15500000              0.3074              0.0629            346.9141
          0.15500000              0.3074              0.0691            436.4228
          0.15500000              0.3074              0.0748            529.8333
          0.15500000              0.3074              0.0799            627.1799
          0.15500000              0.3074              0.0847            707.7605
          0.15500000              0.3074              0.0891            757.3776
          0.15500000              0.3074              0.0932            782.3593
          0.15500000              0.3074              0.0971            761.1925
          0.15500000              0.3074              0.1007            726.6327
          0.15500000              0.3074              0.1042            681.5471
          0.15500000              0.3074              0.1074            631.0209
          0.15500000              0.3074              0.1105            759.8486
          0.15500000              0.3074              0.1134            631.7357
          0.15500000              0.3074              0.1162            525.5402
          0.15500000              0.3074              0.1189            447.0038
          0.15500000              0.3074              0.1215            377.3203
          0.15500000              0.3074              0.1239            413.4092
          0.15500000              0.3074              0.1263            271.8309
          0.15500000              0.3074              0.1286            237.5711
          0.15500000              0.3074              0.1308            135.6212
          0.15500000              0.3074              0.1329             70.8657
          0.15500000              0.3074              0.1349             27.3182
          0.15500000              0.3074              0.1369              8.5940
          0.15500000              0.3074              0.1388              1.1777
          0.15500000              0.3074              0.1407              0.0000
          0.15500000              0.3652              0.0000              0.0000
          0.15500000              0.3652              0.0160             10.6996
          0.15500000              0.3652              0.0287             40.2609
          0.15500000              0.3652              0.0392             86.0426
          0.15500000              0.3652              0.0482            157.9978
          0.15500000              0.3652              0.0560            249.5751
          0.15500000              0.3652              0.0629            341.0576
          0.15500000              0.3652              0.0691            432.7291
          0.15500000              0.3652              0.0748            526.8766
          0.15500000              0.3652              0.0799            625.7647
          0.15500000              0.3652              0.0847            707.6617
          0.15500000              0.3652              0.0891            758.5646
          0.15500000              0.3652              0.0932            788.0829
          0.15500000              0.3652              0.0971            773.8916
          0.15500000              0.3652              0.1007            741.6569
          0.15500000              0.3652              0.1042            693.9404
          0.15500000              0.3652              0.1074            640.7188
          0.15500000              0.3652              0.1105            756.4577
          0.15500000              0.3652              0.1134            634.7786
          0.15500000              0.3652              0.1162            524.0245
          0.15500000              0.3652              0.1189            444.4264
          0.15500000              0.3652              0.1215            376.3273
          0.15500000              0.3652              0.1239            414.9591
          0.15500000              0.3652              0.1263            274.4423
          0.15500000              0.3652              0.1286            241.0384
          0.15500000              0.3652              0.1308            142.3434
          0.15500000              0.3652              0.1329             76.3152
          0.15500000              0.3652              0.1349             28.0726
          0.15500000              0.3652              0.1369              8.6909
          0.15500000              0.3652              0.1388              1.1920
          0.15500000              0.3652              0.1407              0.0000
          0.15500000              0.4181              0.0000              0.0000
          0.15500000              0.4181              0.0160             10.3761
          0.15500000              0.4181              0.0287             38.9391
          0.15500000              0.4181              0.0392             83.3775
          0.15500000              0.4181              0.0482            153.3290
          0.15500000              0.4181              0.0560            243.8840
          0.15500000              0.4181              0.0629            335.0830
          0.15500000              0.4181              0.0691            428.9869
          0.15500000              0.4181              0.0748            524.7449
          0.15500000              0.4181              0.0799            624.3236
          0.15500000              0.4181              0.0847            707.0642
          0.15500000              0.4181              0.0891            759.3533
          0.15500000              0.4181              0.0932            791.8324
          0.15500000              0.4181              0.0971            787.2435
          0.15500000              0.4181              0.1007            757.3057
          0.15500000              0.4181              0.1042            707.0957
          0.15500000              0.4181              0.1074            651.7556
          0.15500000              0.4181              0.1105            754.8972
          0.15500000              0.4181              0.1134            636.7304
          0.15500000              0.4181              0.1162            523.7624
          0.15500000              0.4181              0.1189            442.5696
          0.15500000              0.4181              0.1215            372.9772
          0.15500000              0.4181              0.1239            414.7864
          0.15500000              0.4181              0.1263            276.8949
          0.15500000              0.4181              0.1286            242.4602
          0.15500000              0.4181              0.1308            148.0854
          0.15500000              0.4181              0.1329             82.8668
          0.15500000              0.4181              0.1349             31.4515
          0.15500000              0.4181              0.1369              8.6833
          0.15500000              0.4181              0.1388              1.2019
          0.15500000              0.4181              0.1407              0.0000
          0.15500000              0.4669              0.0000              0.0000
          0.15500000              0.4669              0.0160             10.0773
          0.15500000              0.4669              0.0287             37.7260
          0.15500000              0.4669              0.0392             80.8971
          0.15500000              0.4669              0.0482            149.0785
          0.15500000              0.4669              0.0560            238.4722
          0.15500000              0.4669              0.0629            329.0232
          0.15500000              0.4669              0.0691            425.3868
          0.15500000              0.4669              0.0748            522.7687
          0.15500000              0.4669              0.0799            623.1453
          0.15500000              0.4669              0.0847            706.4518
          0.15500000              0.4669              0.0891            759.6072
          0.15500000              0.4669              0.0932            795.4516
          0.15500000              0.4669              0.0971            798.4023
          0.15500000              0.4669              0.1007            772.2833
          0.15500000              0.4669              0.1042            721.9078
          0.15500000              0.4669              0.1074            663.0041
          0.15500000              0.4669              0.1105            752.1935
          0.15500000              0.4669              0.1134            636.8381
          0.15500000              0.4669              0.1162            525.9675
          0.15500000              0.4669              0.1189            440.8981
          0.15500000              0.4669              0.1215            368.9075
          0.15500000              0.4669              0.1239            413.4133
          0.15500000              0.4669              0.1263            277.2557
          0.15500000              0.4669              0.1286            244.7286
          0.15500000              0.4669              0.1308            152.0543
          0.15500000              0.4669              0.1329             89.4663
          0.15500000              0.4669              0.1349             36.5351
          0.15500000              0.4669              0.1369              8.7363
          0.15500000              0.4669              0.1388              1.2121
          0.15500000              0.4669              0.1407              0.0000
          0.15500000              0.5121              0.0000              0.0000
          0.15500000              0.5121              0.0160              9.7995
          0.15500000              0.5121              0.0287             36.6167
          0.15500000              0.5121              0.0392             78.5753
          0.15500000              0.5121              0.0482            145.0695
          0.15500000              0.5121              0.0560            233.2862
          0.15500000              0.5121              0.0629            322.9626
          0.15500000              0.5121              0.0691            421.6445
          0.15500000              0.5121              0.0748            520.6883
          0.15500000              0.5121              0.0799            622.0826
          0.15500000              0.5121              0.0847            705.5590
          0.15500000              0.5121              0.0891            759.7320
          0.15500000              0.5121              0.0932            800.9718
          0.15500000              0.5121              0.0971            807.5438
          0.15500000              0.5121              0.1007            785.4191
          0.15500000              0.5121              0.1042            736.8784
          0.15500000              0.5121              0.1074            677.1542
          0.15500000              0.5121              0.1105            748.4916
          0.15500000              0.5121              0.1134            635.6371
          0.15500000              0.5121              0.1162            527.3489
          0.15500000              0.5121              0.1189            439.8377
          0.15500000              0.5121              0.1215            364.7918
          0.15500000              0.5121              0.1239            410.8228
          0.15500000              0.5121              0.1263            276.5978
          0.15500000              0.5121              0.1286            248.2691
          0.15500000              0.5121              0.1308            153.7043
          0.15500000              0.5121              0.1329             95.5956
          0.15500000              0.5121              0.1349             42.3934
          0.15500000              0.5121              0.1369              9.2590
          0.15500000              0.5121              0.1388              1.2143
          0.15500000              0.5121              0.1407              0.0000
          0.15500000              0.5542              0.0000              0.0000
          0.15500000              0.5542              0.0160              9.5398
          0.15500000              0.5542              0.0287             35.6140
          0.15500000              0.5542              0.0392             76.4161
          0.15500000              0.5542              0.0482            141.3942
          0.15500000              0.5542              0.0560            228.3523
          0.15500000              0.5542              0.0629            317.3932
          0.15500000              0.5542              0.0691            417.6950
          0.15500000              0.5542              0.0748            518.3427
          0.15500000              0.5542              0.0799            620.8727
          0.15500000              0.5542              0.0847            704.6795
          0.15500000              0.5542              0.0891            759.5058
          0.15500000              0.5542              0.0932            804.9002
          0.15500000              0.5542              0.0971            814.4699
          0.15500000              0.5542              0.1007            796.8872
          0.15500000              0.5542              0.1042            751.6776
          0.15500000              0.5542              0.1074            693.3623
          0.15500000              0.5542              0.1105            745.4835
          0.15500000              0.5542              0.1134            634.2152
          0.15500000              0.5542              0.1162            527.8668
          0.15500000              0.5542              0.1189            440.0407
          0.15500000              0.5542              0.1215            360.9717
          0.15500000              0.5542              0.1239            407.5057
          0.15500000              0.5542              0.1263            274.5312
          0.15500000              0.5542              0.1286            250.0029
          0.15500000              0.5542              0.1308            154.9403
          0.15500000              0.5542              0.1329            100.9692
          0.15500000              0.5542              0.1349             49.2717
          0.15500000              0.5542              0.1369             12.0904
          0.15500000              0.5542              0.1388              1.2423
          0.15500000              0.5542              0.1407              0.0000
          0.15500000              0.5937              0.0000              0.0000
          0.15500000              0.5937              0.0160              9.2961
          0.15500000              0.5937              0.0287             34.6819
          0.15500000              0.5937              0.0392             74.3891
          0.15500000              0.5937              0.0482            138.0221
          0.15500000              0.5937              0.0560            223.6064
          0.15500000              0.5937              0.0629            312.1750
          0.15500000              0.5937              0.0691            413.4960
          0.15500000              0.5937              0.0748            516.0197
          0.15500000              0.5937              0.0799            619.6893
          0.15500000              0.5937              0.0847            703.8167
          0.15500000              0.5937              0.0891            763.4673
          0.15500000              0.5937              0.0932            807.9290
          0.15500000              0.5937              0.0971            819.6331
          0.15500000              0.5937              0.1007            807.3416
          0.15500000              0.5937              0.1042            766.7054
          0.15500000              0.5937              0.1074            709.4952
          0.15500000              0.5937              0.1105            746.0043
          0.15500000              0.5937              0.1134            633.8073
          0.15500000              0.5937              0.1162            528.1181
          0.15500000              0.5937              0.1189            439.9560
          0.15500000              0.5937              0.1215            357.0652
          0.15500000              0.5937              0.1239            404.8291
          0.15500000              0.5937              0.1263            271.1736
          0.15500000              0.5937              0.1286            251.1527
          0.15500000              0.5937              0.1308            158.2944
          0.15500000              0.5937              0.1329            104.4470
          0.15500000              0.5937              0.1349             56.3174
          0.15500000              0.5937              0.1369             16.8537
          0.15500000              0.5937              0.1388              1.2645
          0.15500000              0.5937              0.1407              0.0000
          0.15500000              0.6308              0.0000              0.0000
          0.15500000              0.6308              0.0160              9.0668
          0.15500000              0.6308              0.0287             33.8006
          0.15500000              0.6308              0.0392             72.4803
          0.15500000              0.6308              0.0482            134.8305
          0.15500000              0.6308              0.0560            219.0472
          0.15500000              0.6308              0.0629            307.0284
          0.15500000              0.6308              0.0691            409.1466
          0.15500000              0.6308              0.0748            513.8727
          0.15500000              0.6308              0.0799            618.5821
          0.15500000              0.6308              0.0847            703.0185
          0.15500000              0.6308              0.0891            766.8946
          0.15500000              0.6308              0.0932            809.9278
          0.15500000              0.6308              0.0971            824.0285
          0.15500000              0.6308              0.1007            816.1840
          0.15500000              0.6308              0.1042            782.2566
          0.15500000              0.6308              0.1074            725.5621
          0.15500000              0.6308              0.1105            746.2517
          0.15500000              0.6308              0.1134            634.2452
          0.15500000              0.6308              0.1162            527.9796
          0.15500000              0.6308              0.1189            438.9104
          0.15500000              0.6308              0.1215            354.8596
          0.15500000              0.6308              0.1239            402.7874
          0.15500000              0.6308              0.1263            267.0699
          0.15500000              0.6308              0.1286            251.1490
          0.15500000              0.6308              0.1308            160.9689
          0.15500000              0.6308              0.1329            105.6821
          0.15500000              0.6308              0.1349             63.1410
          0.15500000              0.6308              0.1369             22.8022
          0.15500000              0.6308              0.1388              1.2633
          0.15500000              0.6308              0.1407              0.0000
          0.15500000              0.6658              0.0000              0.0000
          0.15500000              0.6658              0.0160              8.8499
          0.15500000              0.6658              0.0287             32.9659
          0.15500000              0.6658              0.0392             70.6689
          0.15500000              0.6658              0.0482            131.7612
          0.15500000              0.6658              0.0560            214.8382
          0.15500000              0.6658              0.0629            302.1075
          0.15500000              0.6658              0.0691            404.5966
          0.15500000              0.6658              0.0748            511.6938
          0.15500000              0.6658              0.0799            617.3534
          0.15500000              0.6658              0.0847            704.0827
          0.15500000              0.6658              0.0891            769.4474
          0.15500000              0.6658              0.0932            811.0791
          0.15500000              0.6658              0.0971            827.4202
          0.15500000              0.6658              0.1007            822.9289
          0.15500000              0.6658              0.1042            796.1713
          0.15500000              0.6658              0.1074            740.1219
          0.15500000              0.6658              0.1105            746.5226
          0.15500000              0.6658              0.1134            636.3129
          0.15500000              0.6658              0.1162            527.8959
          0.15500000              0.6658              0.1189            437.1585
          0.15500000              0.6658              0.1215            352.6966
          0.15500000              0.6658              0.1239            400.9702
          0.15500000              0.6658              0.1263            263.3171
          0.15500000              0.6658              0.1286            249.2172
          0.15500000              0.6658              0.1308            162.1964
          0.15500000              0.6658              0.1329            107.5573
          0.15500000              0.6658              0.1349             68.9429
          0.15500000              0.6658              0.1369             29.9204
          0.15500000              0.6658              0.1388              1.5082
          0.15500000              0.6658              0.1407              0.0000
          0.15500000              0.6990              0.0000              0.0000
          0.15500000              0.6990              0.0160              8.6443
          0.15500000              0.6990              0.0287             32.1727
          0.15500000              0.6990              0.0392             68.9359
          0.15500000              0.6990              0.0482            128.8378
          0.15500000              0.6990              0.0560            210.8118
          0.15500000              0.6990              0.0629            297.2649
          0.15500000              0.6990              0.0691            399.8864
          0.15500000              0.6990              0.0748            509.3731
          0.15500000              0.6990              0.0799            616.1101
          0.15500000              0.6990              0.0847            706.0831
          0.15500000              0.6990              0.0891            771.0941
          0.15500000              0.6990              0.0932            811.8866
          0.15500000              0.6990              0.0971            830.2143
          0.15500000              0.6990              0.1007            830.9456
          0.15500000              0.6990              0.1042            807.5897
          0.15500000              0.6990              0.1074            753.7507
          0.15500000              0.6990              0.1105            747.7145
          0.15500000              0.6990              0.1134            638.2834
          0.15500000              0.6990              0.1162            529.0686
          0.15500000              0.6990              0.1189            434.8628
          0.15500000              0.6990              0.1215            349.6954
          0.15500000              0.6990              0.1239            400.8716
          0.15500000              0.6990              0.1263            259.1057
          0.15500000              0.6990              0.1286            246.5057
          0.15500000              0.6990              0.1308            163.2965
          0.15500000              0.6990              0.1329            111.2572
          0.15500000              0.6990              0.1349             73.4943
          0.15500000              0.6990              0.1369             37.6153
          0.15500000              0.6990              0.1388              3.4560
          0.15500000              0.6990              0.1407              0.0000
          0.15500000              0.7304              0.0000              0.0000
          0.15500000              0.7304              0.0160              8.4486
          0.15500000              0.7304              0.0287             31.4148
          0.15500000              0.7304              0.0392             67.2688
          0.15500000              0.7304              0.0482            126.0178
          0.15500000              0.7304              0.0560            206.8916
          0.15500000              0.7304              0.0629            292.4784
          0.15500000              0.7304              0.0691            395.2162
          0.15500000              0.7304              0.0748            506.8545
          0.15500000              0.7304              0.0799            614.8119
          0.15500000              0.7304              0.0847            708.1038
          0.15500000              0.7304              0.0891            772.0621
          0.15500000              0.7304              0.0932            812.4281
          0.15500000              0.7304              0.0971            832.6554
          0.15500000              0.7304              0.1007            837.9730
          0.15500000              0.7304              0.1042            816.9221
          0.15500000              0.7304              0.1074            766.5168
          0.15500000              0.7304              0.1105            749.3841
          0.15500000              0.7304              0.1134            639.2521
          0.15500000              0.7304              0.1162            530.6663
          0.15500000              0.7304              0.1189            432.9860
          0.15500000              0.7304              0.1215            346.1967
          0.15500000              0.7304              0.1239            401.2864
          0.15500000              0.7304              0.1263            255.2643
          0.15500000              0.7304              0.1286            244.1224
          0.15500000              0.7304              0.1308            162.0473
          0.15500000              0.7304              0.1329            114.3045
          0.15500000              0.7304              0.1349             74.8713
          0.15500000              0.7304              0.1369             45.5379
          0.15500000              0.7304              0.1388              7.1929
          0.15500000              0.7304              0.1407              0.0000
          0.15500000              0.7604              0.0000              0.0000
          0.15500000              0.7604              0.0160              8.2619
          0.15500000              0.7604              0.0287             30.6882
          0.15500000              0.7604              0.0392             65.6586
          0.15500000              0.7604              0.0482            123.2701
          0.15500000              0.7604              0.0560            203.0355
          0.15500000              0.7604              0.0629            287.8700
          0.15500000              0.7604              0.0691            390.4368
          0.15500000              0.7604              0.0748            504.0272
          0.15500000              0.7604              0.0799            615.1748
          0.15500000              0.7604              0.0847            709.5182
          0.15500000              0.7604              0.0891            772.8974
          0.15500000              0.7604              0.0932            813.7729
          0.15500000              0.7604              0.0971            835.7091
          0.15500000              0.7604              0.1007            843.2265
          0.15500000              0.7604              0.1042            824.8030
          0.15500000              0.7604              0.1074            779.2870
          0.15500000              0.7604              0.1105            748.3466
          0.15500000              0.7604              0.1134            642.7490
          0.15500000              0.7604              0.1162            531.7559
          0.15500000              0.7604              0.1189            432.1600
          0.15500000              0.7604              0.1215            342.5518
          0.15500000              0.7604              0.1239            399.6796
          0.15500000              0.7604              0.1263            252.5643
          0.15500000              0.7604              0.1286            241.5729
          0.15500000              0.7604              0.1308            159.2115
          0.15500000              0.7604              0.1329            116.5295
          0.15500000              0.7604              0.1349             77.0175
          0.15500000              0.7604              0.1369             53.5060
          0.15500000              0.7604              0.1388             12.6668
          0.15500000              0.7604              0.1407              0.0000
          0.15500000              0.7889              0.0000              0.0000
          0.15500000              0.7889              0.0160              8.0843
          0.15500000              0.7889              0.0287             30.0013
          0.15500000              0.7889              0.0392             64.0967
          0.15500000              0.7889              0.0482            120.6973
          0.15500000              0.7889              0.0560            199.2045
          0.15500000              0.7889              0.0629            283.4594
          0.15500000              0.7889              0.0691            385.5541
          0.15500000              0.7889              0.0748            500.9146
          0.15500000              0.7889              0.0799            615.2943
          0.15500000              0.7889              0.0847            710.5280
          0.15500000              0.7889              0.0891            773.4593
          0.15500000              0.7889              0.0932            815.0275
          0.15500000              0.7889              0.0971            840.8641
          0.15500000              0.7889              0.1007            847.3320
          0.15500000              0.7889              0.1042            830.8422
          0.15500000              0.7889              0.1074            789.3665
          0.15500000              0.7889              0.1105            750.3659
          0.15500000              0.7889              0.1134            645.7020
          0.15500000              0.7889              0.1162            532.3786
          0.15500000              0.7889              0.1189            431.1314
          0.15500000              0.7889              0.1215            339.6482
          0.15500000              0.7889              0.1239            395.3076
          0.15500000              0.7889              0.1263            251.0006
          0.15500000              0.7889              0.1286            239.8989
          0.15500000              0.7889              0.1308            156.3125
          0.15500000              0.7889              0.1329            117.1898
          0.15500000              0.7889              0.1349             79.7877
          0.15500000              0.7889              0.1369             60.6349
          0.15500000              0.7889              0.1388             20.1223
          0.15500000              0.7889              0.1407              0.0000
          0.15500000              0.8163              0.0000              0.0000
          0.15500000              0.8163              0.0160              7.9142
          0.15500000              0.8163              0.0287             29.3411
          0.15500000              0.8163              0.0392             62.5751
          0.15500000              0.8163              0.0482            118.1875
          0.15500000              0.8163              0.0560            195.6543
          0.15500000              0.8163              0.0629            279.0960
          0.15500000              0.8163              0.0691            380.6530
          0.15500000              0.8163              0.0748            498.0037
          0.15500000              0.8163              0.0799            614.7839
          0.15500000              0.8163              0.0847            711.0592
          0.15500000              0.8163              0.0891            773.8103
          0.15500000              0.8163              0.0932            816.1587
          0.15500000              0.8163              0.0971            844.8398
          0.15500000              0.8163              0.1007            850.6715
          0.15500000              0.8163              0.1042            836.4855
          0.15500000              0.8163              0.1074            797.3951
          0.15500000              0.8163              0.1105            749.5194
          0.15500000              0.8163              0.1134            647.3126
          0.15500000              0.8163              0.1162            535.6115
          0.15500000              0.8163              0.1189            429.5200
          0.15500000              0.8163              0.1215            337.0443
          0.15500000              0.8163              0.1239            388.6570
          0.15500000              0.8163              0.1263            249.4008
          0.15500000              0.8163              0.1286            238.4775
          0.15500000              0.8163              0.1308            153.1468
          0.15500000              0.8163              0.1329            115.5556
          0.15500000              0.8163              0.1349             84.1420
          0.15500000              0.8163              0.1369             64.9079
          0.15500000              0.8163              0.1388             29.1820
          0.15500000              0.8163              0.1407              0.0000
          0.15500000              0.8424              0.0000              0.0000
          0.15500000              0.8424              0.0160              7.7518
          0.15500000              0.8424              0.0287             28.7144
          0.15500000              0.8424              0.0392             61.0892
          0.15500000              0.8424              0.0482            115.7170
          0.15500000              0.8424              0.0560            192.1927
          0.15500000              0.8424              0.0629            274.7944
          0.15500000              0.8424              0.0691            376.2952
          0.15500000              0.8424              0.0748            495.9593
          0.15500000              0.8424              0.0799            613.9795
          0.15500000              0.8424              0.0847            711.2295
          0.15500000              0.8424              0.0891            773.9861
          0.15500000              0.8424              0.0932            819.2774
          0.15500000              0.8424              0.0971            847.8972
          0.15500000              0.8424              0.1007            853.3639
          0.15500000              0.8424              0.1042            841.3371
          0.15500000              0.8424              0.1074            803.6286
          0.15500000              0.8424              0.1105            746.1932
          0.15500000              0.8424              0.1134            650.0338
          0.15500000              0.8424              0.1162            537.5464
          0.15500000              0.8424              0.1189            428.8907
          0.15500000              0.8424              0.1215            334.0399
          0.15500000              0.8424              0.1239            378.2229
          0.15500000              0.8424              0.1263            244.2188
          0.15500000              0.8424              0.1286            238.9078
          0.15500000              0.8424              0.1308            150.6242
          0.15500000              0.8424              0.1329            112.0485
          0.15500000              0.8424              0.1349             87.8772
          0.15500000              0.8424              0.1369             67.1111
          0.15500000              0.8424              0.1388             39.8755
          0.15500000              0.8424              0.1407              0.0000
          0.15500000              0.8675              0.0000              0.0000
          0.15500000              0.8675              0.0160              7.5970
          0.15500000              0.8675              0.0287             28.1325
          0.15500000              0.8675              0.0392             59.6325
          0.15500000              0.8675              0.0482            113.3039
          0.15500000              0.8675              0.0560            188.9188
          0.15500000              0.8675              0.0629            270.6888
          0.15500000              0.8675              0.0691            371.9990
          0.15500000              0.8675              0.0748            493.8418
          0.15500000              0.8675              0.0799            612.7097
          0.15500000              0.8675              0.0847            710.9246
          0.15500000              0.8675              0.0891            775.4147
          0.15500000              0.8675              0.0932            823.3785
          0.15500000              0.8675              0.0971            850.3917
          0.15500000              0.8675              0.1007            855.8026
          0.15500000              0.8675              0.1042            845.2404
          0.15500000              0.8675              0.1074            808.6698
          0.15500000              0.8675              0.1105            744.1852
          0.15500000              0.8675              0.1134            650.8830
          0.15500000              0.8675              0.1162            539.6250
          0.15500000              0.8675              0.1189            429.6367
          0.15500000              0.8675              0.1215            330.5922
          0.15500000              0.8675              0.1239            364.7254
          0.15500000              0.8675              0.1263            236.9212
          0.15500000              0.8675              0.1286            241.4022
          0.15500000              0.8675              0.1308            147.4964
          0.15500000              0.8675              0.1329            108.4993
          0.15500000              0.8675              0.1349             88.5587
          0.15500000              0.8675              0.1369             71.2658
          0.15500000              0.8675              0.1388             52.4453
          0.15500000              0.8675              0.1407              0.0000
          0.15500000              0.8917              0.0000              0.0000
          0.15500000              0.8917              0.0160              7.4484
          0.15500000              0.8917              0.0287             27.5822
          0.15500000              0.8917              0.0392             58.1949
          0.15500000              0.8917              0.0482            110.9623
          0.15500000              0.8917              0.0560            185.8008
          0.15500000              0.8917              0.0629            266.6299
          0.15500000              0.8917              0.0691            367.9089
          0.15500000              0.8917              0.0748            491.3188
          0.15500000              0.8917              0.0799            610.7576
          0.15500000              0.8917              0.0847            709.9657
          0.15500000              0.8917              0.0891            776.7210
          0.15500000              0.8917              0.0932            826.8117
          0.15500000              0.8917              0.0971            853.0844
          0.15500000              0.8917              0.1007            859.5033
          0.15500000              0.8917              0.1042            847.9582
          0.15500000              0.8917              0.1074            811.9747
          0.15500000              0.8917              0.1105            740.9911
          0.15500000              0.8917              0.1134            650.6879
          0.15500000              0.8917              0.1162            541.9969
          0.15500000              0.8917              0.1189            429.1177
          0.15500000              0.8917              0.1215            329.2324
          0.15500000              0.8917              0.1239            357.0694
          0.15500000              0.8917              0.1263            226.8786
          0.15500000              0.8917              0.1286            241.1432
          0.15500000              0.8917              0.1308            145.5009
          0.15500000              0.8917              0.1329            104.2932
          0.15500000              0.8917              0.1349             85.7441
          0.15500000              0.8917              0.1369             76.1141
          0.15500000              0.8917              0.1388             65.5862
          0.15500000              0.8917              0.1407              0.0000
          0.15500000              0.9149              0.0000              0.0000
          0.15500000              0.9149              0.0160              7.3053
          0.15500000              0.9149              0.0287             27.0584
          0.15500000              0.9149              0.0392             56.8833
          0.15500000              0.9149              0.0482            108.7558
          0.15500000              0.9149              0.0560            182.6820
          0.15500000              0.9149              0.0629            262.4548
          0.15500000              0.9149              0.0691            364.8126
          0.15500000              0.9149              0.0748            488.5105
          0.15500000              0.9149              0.0799            608.4481
          0.15500000              0.9149              0.0847            708.5477
          0.15500000              0.9149              0.0891            780.0368
          0.15500000              0.9149              0.0932            829.8799
          0.15500000              0.9149              0.0971            855.6347
          0.15500000              0.9149              0.1007            863.1891
          0.15500000              0.9149              0.1042            849.7734
          0.15500000              0.9149              0.1074            813.8140
          0.15500000              0.9149              0.1105            738.1254
          0.15500000              0.9149              0.1134            651.0373
          0.15500000              0.9149              0.1162            544.1875
          0.15500000              0.9149              0.1189            430.7291
          0.15500000              0.9149              0.1215            327.2153
          0.15500000              0.9149              0.1239            348.1717
          0.15500000              0.9149              0.1263            219.3843
          0.15500000              0.9149              0.1286            238.9571
          0.15500000              0.9149              0.1308            145.5916
          0.15500000              0.9149              0.1329             98.7733
          0.15500000              0.9149              0.1349             80.0231
          0.15500000              0.9149              0.1369             83.2346
          0.15500000              0.9149              0.1388             76.7628
          0.15500000              0.9149              0.1407              0.0000
          0.15500000              0.9373              0.0000              0.0000
          0.15500000              0.9373              0.0160              7.1675
          0.15500000              0.9373              0.0287             26.5575
          0.15500000              0.9373              0.0392             55.6679
          0.15500000              0.9373              0.0482            106.5592
          0.15500000              0.9373              0.0560            179.5014
          0.15500000              0.9373              0.0629            258.9817
          0.15500000              0.9373              0.0691            361.8697
          0.15500000              0.9373              0.0748            485.1821
          0.15500000              0.9373              0.0799            605.7544
          0.15500000              0.9373              0.0847            708.1443
          0.15500000              0.9373              0.0891            782.7192
          0.15500000              0.9373              0.0932            832.5519
          0.15500000              0.9373              0.0971            858.4938
          0.15500000              0.9373              0.1007            865.9440
          0.15500000              0.9373              0.1042            851.5375
          0.15500000              0.9373              0.1074            814.3190
          0.15500000              0.9373              0.1105            737.0370
          0.15500000              0.9373              0.1134            650.1096
          0.15500000              0.9373              0.1162            546.7488
          0.15500000              0.9373              0.1189            432.8298
          0.15500000              0.9373              0.1215            326.1388
          0.15500000              0.9373              0.1239            333.8125
          0.15500000              0.9373              0.1263            208.7207
          0.15500000              0.9373              0.1286            229.5244
          0.15500000              0.9373              0.1308            142.4583
          0.15500000              0.9373              0.1329             93.7472
          0.15500000              0.9373              0.1349             70.4576
          0.15500000              0.9373              0.1369             86.3450
          0.15500000              0.9373              0.1388             85.1789
          0.15500000              0.9373              0.1407              0.0000
          0.15500000              0.9589              0.0000              0.0000
          0.15500000              0.9589              0.0160              7.0345
          0.15500000              0.9589              0.0287             26.0701
          0.15500000              0.9589              0.0392             54.5190
          0.15500000              0.9589              0.0482            104.3851
          0.15500000              0.9589              0.0560            176.2522
          0.15500000              0.9589              0.0629            256.0086
          0.15500000              0.9589              0.0691            358.8180
          0.15500000              0.9589              0.0748            481.6134
          0.15500000              0.9589              0.0799            602.4889
          0.15500000              0.9589              0.0847            708.2496
          0.15500000              0.9589              0.0891            784.9159
          0.15500000              0.9589              0.0932            835.3505
          0.15500000              0.9589              0.0971            862.4846
          0.15500000              0.9589              0.1007            868.0280
          0.15500000              0.9589              0.1042            852.6990
          0.15500000              0.9589              0.1074            814.0757
          0.15500000              0.9589              0.1105            737.4503
          0.15500000              0.9589              0.1134            650.0212
          0.15500000              0.9589              0.1162            548.4137
          0.15500000              0.9589              0.1189            435.7409
          0.15500000              0.9589              0.1215            326.8829
          0.15500000              0.9589              0.1239            315.9229
          0.15500000              0.9589              0.1263            194.3147
          0.15500000              0.9589              0.1286            213.8684
          0.15500000              0.9589              0.1308            133.7601
          0.15500000              0.9589              0.1329             90.1111
          0.15500000              0.9589              0.1349             57.3419
          0.15500000              0.9589              0.1369             80.2793
          0.15500000              0.9589              0.1388             99.3630
          0.15500000              0.9589              0.1407              0.0000
          0.15500000              0.9798              0.0000              0.0000
          0.15500000              0.9798              0.0160              6.9056
          0.15500000              0.9798              0.0287             25.5897
          0.15500000              0.9798              0.0392             53.3846
          0.15500000              0.9798              0.0482            102.1974
          0.15500000              0.9798              0.0560            172.7067
          0.15500000              0.9798              0.0629            254.0207
          0.15500000              0.9798              0.0691            355.6524
          0.15500000              0.9798              0.0748            477.6220
          0.15500000              0.9798              0.0799            599.8774
          0.15500000              0.9798              0.0847            708.3473
          0.15500000              0.9798              0.0891            786.6089
          0.15500000              0.9798              0.0932            837.8131
          0.15500000              0.9798              0.0971            866.1127
          0.15500000              0.9798              0.1007            870.4568
          0.15500000              0.9798              0.1042            852.9833
          0.15500000              0.9798              0.1074            813.0167
          0.15500000              0.9798              0.1105            736.9286
          0.15500000              0.9798              0.1134            650.1536
          0.15500000              0.9798              0.1162            549.8784
          0.15500000              0.9798              0.1189            439.1097
          0.15500000              0.9798              0.1215            329.2547
          0.15500000              0.9798              0.1239            294.5072
          0.15500000              0.9798              0.1263            176.9143
          0.15500000              0.9798              0.1286            197.2772
          0.15500000              0.9798              0.1308            123.2445
          0.15500000              0.9798              0.1329             78.1739
          0.15500000              0.9798              0.1349             40.0158
          0.15500000              0.9798              0.1369             62.1166
          0.15500000              0.9798              0.1388            118.7920
          0.15500000              0.9798              0.1407              0.0000
          0.15500000              1.0000              0.0000              0.0000
          0.15500000              1.0000              0.0160              6.7804
          0.15500000              1.0000              0.0287             25.1062
          0.15500000              1.0000              0.0392             52.1889
          0.15500000              1.0000              0.0482             99.6288
          0.15500000              1.0000              0.0560            170.1768
          0.15500000              1.0000              0.0629            252.1362
          0.15500000              1.0000              0.0691            351.8367
          0.15500000              1.0000              0.0748            471.5887
          0.15500000              1.0000              0.0799            598.9832
          0.15500000              1.0000              0.0847            706.8754
          0.15500000              1.0000              0.0891            786.8329
          0.15500000              1.0000              0.0932            840.6727
          0.15500000              1.0000              0.0971            868.7272
          0.15500000              1.0000              0.1007            871.9091
          0.15500000              1.0000              0.1042            851.9769
          0.15500000              1.0000              0.1074            810.8866
          0.15500000              1.0000              0.1105            734.7542
          0.15500000              1.0000              0.1134            647.5231
          0.15500000              1.0000              0.1162            550.0587
          0.15500000              1.0000              0.1189            442.2537
          0.15500000              1.0000              0.1215            332.3864
          0.15500000              1.0000              0.1239            273.7502
          0.15500000              1.0000              0.1263            156.6042
          0.15500000              1.0000              0.1286            175.0502
          0.15500000              1.0000              0.1308             99.2068
          0.15500000              1.0000              0.1329             60.7434
          0.15500000              1.0000              0.1349             28.2199
          0.15500000              1.0000              0.1369             23.5613
          0.15500000              1.0000              0.1388            146.8991
          0.15500000              1.0000              0.1407              0.0000
