1.65     0.416598     0.14949      336.779
1.65     0.416598     0.32019      358.829
1.65     0.416598     0.455286      395.134
1.65     0.416598     0.567095      589.875
1.65     0.416598     0.662479      673.655
1.65     0.416598     0.745651      495.909
1.65     0.416598     0.819385      324.079
1.65     0.416598     0.885607      226.692
1.65     0.416598     0.945708      165.099
1.65     0.416598     1.00072      147.33
1.65     0.416598     1.05145      99.139
1.65     0.416598     1.0985      52.8615
1.65     0.416598     1.14238      24.6947
1.65     0.416598     1.18348      11.4413
1.65     0.416598     1.22215      4.05539
1.65     0.416598     1.25864      0.969301
1.65     0.416598     1.29319      0.171453
1.65     0.416598     1.32601      0.00550446
1.65     0.416598     1.35724      0
1.65     0.416598     1.38705      0
1.65     0.416598     1.41555      0
1.65     0.416598     1.44285      0
1.65     0.416598     1.46905      0
1.65     0.416598     1.49424      0
1.65     0.416598     1.51849      0
1.65     0.416598     1.54187      0
1.65     0.416598     1.56444      0
1.65     0.416598     1.58625      0
1.65     0.416598     1.60735      0
1.65     0.416598     1.62779      0
1.65     0.416598     1.64761      0
1.65     0.523131     0.14949      371.343
1.65     0.523131     0.32019      459.201
1.65     0.523131     0.455286      495.297
1.65     0.523131     0.567095      697.469
1.65     0.523131     0.662479      958.37
1.65     0.523131     0.745651      1006.42
1.65     0.523131     0.819385      746.97
1.65     0.523131     0.885607      468.375
1.65     0.523131     0.945708      404.433
1.65     0.523131     1.00072      316.739
1.65     0.523131     1.05145      284.436
1.65     0.523131     1.0985      220.974
1.65     0.523131     1.14238      141.11
1.65     0.523131     1.18348      82.5355
1.65     0.523131     1.22215      40.106
1.65     0.523131     1.25864      18.761
1.65     0.523131     1.29319      7.62371
1.65     0.523131     1.32601      1.77917
1.65     0.523131     1.35724      0.0490455
1.65     0.523131     1.38705      0
1.65     0.523131     1.41555      0
1.65     0.523131     1.44285      0
1.65     0.523131     1.46905      0
1.65     0.523131     1.49424      0
1.65     0.523131     1.51849      0
1.65     0.523131     1.54187      0
1.65     0.523131     1.56444      0
1.65     0.523131     1.58625      0
1.65     0.523131     1.60735      0
1.65     0.523131     1.62779      0
1.65     0.523131     1.64761      0
1.65     0.589779     0.14949      391.166
1.65     0.589779     0.32019      535.632
1.65     0.589779     0.455286      598.759
1.65     0.589779     0.567095      789.074
1.65     0.589779     0.662479      1101.12
1.65     0.589779     0.745651      1384
1.65     0.589779     0.819385      1348.23
1.65     0.589779     0.885607      1010.95
1.65     0.589779     0.945708      595.246
1.65     0.589779     1.00072      519.207
1.65     0.589779     1.05145      522.195
1.65     0.589779     1.0985      410.238
1.65     0.589779     1.14238      346.449
1.65     0.589779     1.18348      237.564
1.65     0.589779     1.22215      145.093
1.65     0.589779     1.25864      79.966
1.65     0.589779     1.29319      38.9367
1.65     0.589779     1.32601      16.4273
1.65     0.589779     1.35724      5.98219
1.65     0.589779     1.38705      1.23551
1.65     0.589779     1.41555      0.0178087
1.65     0.589779     1.44285      0
1.65     0.589779     1.46905      0
1.65     0.589779     1.49424      0
1.65     0.589779     1.51849      0
1.65     0.589779     1.54187      0
1.65     0.589779     1.56444      0
1.65     0.589779     1.58625      0
1.65     0.589779     1.60735      0
1.65     0.589779     1.62779      0
1.65     0.589779     1.64761      0
1.65     0.6384     0.14949      402.478
1.65     0.6384     0.32019      598.213
1.65     0.6384     0.455286      691.717
1.65     0.6384     0.567095      855.986
1.65     0.6384     0.662479      1168.94
1.65     0.6384     0.745651      1604.7
1.65     0.6384     0.819385      1841.78
1.65     0.6384     0.885607      1625.15
1.65     0.6384     0.945708      1006
1.65     0.6384     1.00072      786.898
1.65     0.6384     1.05145      779.169
1.65     0.6384     1.0985      671.784
1.65     0.6384     1.14238      566.123
1.65     0.6384     1.18348      485.446
1.65     0.6384     1.22215      336.628
1.65     0.6384     1.25864      205.56
1.65     0.6384     1.29319      115.127
1.65     0.6384     1.32601      59.9383
1.65     0.6384     1.35724      29.2607
1.65     0.6384     1.38705      11.0805
1.65     0.6384     1.41555      2.49593
1.65     0.6384     1.44285      0.105684
1.65     0.6384     1.46905      0
1.65     0.6384     1.49424      0
1.65     0.6384     1.51849      0
1.65     0.6384     1.54187      0
1.65     0.6384     1.56444      0
1.65     0.6384     1.58625      0
1.65     0.6384     1.60735      0
1.65     0.6384     1.62779      0
1.65     0.6384     1.64761      0
1.65     0.676698     0.14949      408.8
1.65     0.676698     0.32019      649.135
1.65     0.676698     0.455286      778.263
1.65     0.676698     0.567095      932.924
1.65     0.676698     0.662479      1223.27
1.65     0.676698     0.745651      1756.7
1.65     0.676698     0.819385      2206.5
1.65     0.676698     0.885607      2210.82
1.65     0.676698     0.945708      1751.68
1.65     0.676698     1.00072      1267.93
1.65     0.676698     1.05145      1160.17
1.65     0.676698     1.0985      1010.62
1.65     0.676698     1.14238      865.493
1.65     0.676698     1.18348      747.114
1.65     0.676698     1.22215      624.456
1.65     0.676698     1.25864      428.646
1.65     0.676698     1.29319      261.271
1.65     0.676698     1.32601      151.18
1.65     0.676698     1.35724      81.0841
1.65     0.676698     1.38705      40.6554
1.65     0.676698     1.41555      16.7078
1.65     0.676698     1.44285      4.61194
1.65     0.676698     1.46905      0.47735
1.65     0.676698     1.49424      0
1.65     0.676698     1.51849      0
1.65     0.676698     1.54187      0
1.65     0.676698     1.56444      0
1.65     0.676698     1.58625      0
1.65     0.676698     1.60735      0
1.65     0.676698     1.62779      0
1.65     0.676698     1.64761      0
1.65     0.708299     0.14949      411.923
1.65     0.708299     0.32019      692.671
1.65     0.708299     0.455286      856.81
1.65     0.708299     0.567095      1030.93
1.65     0.708299     0.662479      1279.63
1.65     0.708299     0.745651      1860.03
1.65     0.708299     0.819385      2517.49
1.65     0.708299     0.885607      2871.11
1.65     0.708299     0.945708      2573.3
1.65     0.708299     1.00072      1754.63
1.65     0.708299     1.05145      1498.75
1.65     0.708299     1.0985      1302.03
1.65     0.708299     1.14238      1282.23
1.65     0.708299     1.18348      1075.16
1.65     0.708299     1.22215      925.364
1.65     0.708299     1.25864      764.289
1.65     0.708299     1.29319      513.149
1.65     0.708299     1.32601      314.55
1.65     0.708299     1.35724      183.587
1.65     0.708299     1.38705      98.069
1.65     0.708299     1.41555      49.6476
1.65     0.708299     1.44285      20.9131
1.65     0.708299     1.46905      6.72248
1.65     0.708299     1.49424      0.830519
1.65     0.708299     1.51849      0
1.65     0.708299     1.54187      0
1.65     0.708299     1.56444      0
1.65     0.708299     1.58625      0
1.65     0.708299     1.60735      0
1.65     0.708299     1.62779      0
1.65     0.708299     1.64761      0
1.65     0.735199     0.14949      412.363
1.65     0.735199     0.32019      728.735
1.65     0.735199     0.455286      931.759
1.65     0.735199     0.567095      1132.5
1.65     0.735199     0.662479      1341.42
1.65     0.735199     0.745651      1951.86
1.65     0.735199     0.819385      2772.81
1.65     0.735199     0.885607      3299.3
1.65     0.735199     0.945708      3396.01
1.65     0.735199     1.00072      2768.47
1.65     0.735199     1.05145      2276.21
1.65     0.735199     1.0985      1889.38
1.65     0.735199     1.14238      1710.18
1.65     0.735199     1.18348      1544.65
1.65     0.735199     1.22215      1283.99
1.65     0.735199     1.25864      1105.22
1.65     0.735199     1.29319      881.056
1.65     0.735199     1.32601      593.685
1.65     0.735199     1.35724      360.597
1.65     0.735199     1.38705      208.761
1.65     0.735199     1.41555      111.237
1.65     0.735199     1.44285      56.1255
1.65     0.735199     1.46905      24.3343
1.65     0.735199     1.49424      8.13645
1.65     0.735199     1.51849      0.993377
1.65     0.735199     1.54187      0
1.65     0.735199     1.56444      0
1.65     0.735199     1.58625      0
1.65     0.735199     1.60735      0
1.65     0.735199     1.62779      0
1.65     0.735199     1.64761      0
1.65     0.758618     0.14949      410.688
1.65     0.758618     0.32019      757.754
1.65     0.758618     0.455286      1007.88
1.65     0.758618     0.567095      1238.92
1.65     0.758618     0.662479      1409.53
1.65     0.758618     0.745651      2049.83
1.65     0.758618     0.819385      3018.63
1.65     0.758618     0.885607      3738.59
1.65     0.758618     0.945708      4234.81
1.65     0.758618     1.00072      3639.96
1.65     0.758618     1.05145      3089.5
1.65     0.758618     1.0985      2485.89
1.65     0.758618     1.14238      2147.74
1.65     0.758618     1.18348      2147.93
1.65     0.758618     1.22215      1885.56
1.65     0.758618     1.25864      1558.87
1.65     0.758618     1.29319      1282.97
1.65     0.758618     1.32601      992.868
1.65     0.758618     1.35724      663.776
1.65     0.758618     1.38705      396.099
1.65     0.758618     1.41555      224.226
1.65     0.758618     1.44285      118.555
1.65     0.758618     1.46905      59.4308
1.65     0.758618     1.49424      26.7263
1.65     0.758618     1.51849      8.19464
1.65     0.758618     1.54187      0.767031
1.65     0.758618     1.56444      0
1.65     0.758618     1.58625      0
1.65     0.758618     1.60735      0
1.65     0.758618     1.62779      0
1.65     0.758618     1.64761      0
1.65     0.779354     0.14949      407.481
1.65     0.779354     0.32019      792.469
1.65     0.779354     0.455286      1076.87
1.65     0.779354     0.567095      1335.74
1.65     0.779354     0.662479      1484.26
1.65     0.779354     0.745651      2148.41
1.65     0.779354     0.819385      3191.15
1.65     0.779354     0.885607      4104.42
1.65     0.779354     0.945708      4835.42
1.65     0.779354     1.00072      4765.43
1.65     0.779354     1.05145      4089.2
1.65     0.779354     1.0985      3237.36
1.65     0.779354     1.14238      2906.55
1.65     0.779354     1.18348      2749.49
1.65     0.779354     1.22215      2453.8
1.65     0.779354     1.25864      2107.26
1.65     0.779354     1.29319      1904.41
1.65     0.779354     1.32601      1442.69
1.65     0.779354     1.35724      1108.61
1.65     0.779354     1.38705      715.536
1.65     0.779354     1.41555      415.328
1.65     0.779354     1.44285      228.804
1.65     0.779354     1.46905      122.285
1.65     0.779354     1.49424      58.8529
1.65     0.779354     1.51849      26.3391
1.65     0.779354     1.54187      6.79695
1.65     0.779354     1.56444      0.420495
1.65     0.779354     1.58625      0
1.65     0.779354     1.60735      0
1.65     0.779354     1.62779      0
1.65     0.779354     1.64761      0
1.65     0.79796     0.14949      402.903
1.65     0.79796     0.32019      825.522
1.65     0.79796     0.455286      1141.87
1.65     0.79796     0.567095      1432.21
1.65     0.79796     0.662479      1575.55
1.65     0.79796     0.745651      2227.89
1.65     0.79796     0.819385      3332.64
1.65     0.79796     0.885607      4454.08
1.65     0.79796     0.945708      5412.59
1.65     0.79796     1.00072      5757.75
1.65     0.79796     1.05145      5342.88
1.65     0.79796     1.0985      4422.94
1.65     0.79796     1.14238      3832.2
1.65     0.79796     1.18348      3451.02
1.65     0.79796     1.22215      3101.39
1.65     0.79796     1.25864      2912.52
1.65     0.79796     1.29319      2769.13
1.65     0.79796     1.32601      2066.95
1.65     0.79796     1.35724      1631.97
1.65     0.79796     1.38705      1198.34
1.65     0.79796     1.41555      737.996
1.65     0.79796     1.44285      418.06
1.65     0.79796     1.46905      223.047
1.65     0.79796     1.49424      119.178
1.65     0.79796     1.51849      58.045
1.65     0.79796     1.54187      22.6502
1.65     0.79796     1.56444      4.62809
1.65     0.79796     1.58625      0.173585
1.65     0.79796     1.60735      0
1.65     0.79796     1.62779      0
1.65     0.79796     1.64761      0
1.65     0.814832     0.14949      397.117
1.65     0.814832     0.32019      853.111
1.65     0.814832     0.455286      1201.07
1.65     0.814832     0.567095      1534.07
1.65     0.814832     0.662479      1684.3
1.65     0.814832     0.745651      2302.96
1.65     0.814832     0.819385      3475.06
1.65     0.814832     0.885607      4738.21
1.65     0.814832     0.945708      5901.73
1.65     0.814832     1.00072      6611.75
1.65     0.814832     1.05145      6657.72
1.65     0.814832     1.0985      5665.36
1.65     0.814832     1.14238      5000.65
1.65     0.814832     1.18348      4280.18
1.65     0.814832     1.22215      3883.77
1.65     0.814832     1.25864      3678.07
1.65     0.814832     1.29319      3889.19
1.65     0.814832     1.32601      2873.4
1.65     0.814832     1.35724      2277.06
1.65     0.814832     1.38705      1794.85
1.65     0.814832     1.41555      1248.66
1.65     0.814832     1.44285      724.391
1.65     0.814832     1.46905      408.715
1.65     0.814832     1.49424      214.226
1.65     0.814832     1.51849      110.985
1.65     0.814832     1.54187      51.2882
1.65     0.814832     1.56444      16.9582
1.65     0.814832     1.58625      2.70027
1.65     0.814832     1.60735      0.00522259
1.65     0.814832     1.62779      0
1.65     0.814832     1.64761      0
1.65     0.830266     0.14949      390.299
1.65     0.830266     0.32019      876.156
1.65     0.830266     0.455286      1253.97
1.65     0.830266     0.567095      1637.49
1.65     0.830266     0.662479      1798.81
1.65     0.830266     0.745651      2396.31
1.65     0.830266     0.819385      3609.3
1.65     0.830266     0.885607      4972.1
1.65     0.830266     0.945708      6351.53
1.65     0.830266     1.00072      7393.12
1.65     0.830266     1.05145      7799.94
1.65     0.830266     1.0985      7189.96
1.65     0.830266     1.14238      6176.59
1.65     0.830266     1.18348      5441.44
1.65     0.830266     1.22215      4765.9
1.65     0.830266     1.25864      4545.49
1.65     0.830266     1.29319      5100.76
1.65     0.830266     1.32601      4184.87
1.65     0.830266     1.35724      3143.37
1.65     0.830266     1.38705      2478.96
1.65     0.830266     1.41555      1921.17
1.65     0.830266     1.44285      1252.86
1.65     0.830266     1.46905      680.182
1.65     0.830266     1.49424      382.468
1.65     0.830266     1.51849      200.517
1.65     0.830266     1.54187      98.1148
1.65     0.830266     1.56444      40.2835
1.65     0.830266     1.58625      11.3302
1.65     0.830266     1.60735      1.02727
1.65     0.830266     1.62779      0
1.65     0.830266     1.64761      0
1.65     0.844489     0.14949      383.319
1.65     0.844489     0.32019      893.627
1.65     0.844489     0.455286      1305.71
1.65     0.844489     0.567095      1739.77
1.65     0.844489     0.662479      1914.02
1.65     0.844489     0.745651      2525.14
1.65     0.844489     0.819385      3732.53
1.65     0.844489     0.885607      5154.53
1.65     0.844489     0.945708      6716.26
1.65     0.844489     1.00072      8057.15
1.65     0.844489     1.05145      8953.53
1.65     0.844489     1.0985      8869.27
1.65     0.844489     1.14238      7683.12
1.65     0.844489     1.18348      6942.44
1.65     0.844489     1.22215      5990.07
1.65     0.844489     1.25864      5406.18
1.65     0.844489     1.29319      6407.09
1.65     0.844489     1.32601      5448.65
1.65     0.844489     1.35724      4515.16
1.65     0.844489     1.38705      3523.42
1.65     0.844489     1.41555      2703.19
1.65     0.844489     1.44285      2018.69
1.65     0.844489     1.46905      1223.73
1.65     0.844489     1.49424      641.806
1.65     0.844489     1.51849      350.227
1.65     0.844489     1.54187      174.986
1.65     0.844489     1.56444      79.0399
1.65     0.844489     1.58625      28.8175
1.65     0.844489     1.60735      5.67697
1.65     0.844489     1.62779      0.103626
1.65     0.844489     1.64761      0
1.65     0.857676     0.14949      377.449
1.65     0.857676     0.32019      906.632
1.65     0.857676     0.455286      1356.51
1.65     0.857676     0.567095      1838.94
1.65     0.857676     0.662479      2027.39
1.65     0.857676     0.745651      2669.72
1.65     0.857676     0.819385      3856.94
1.65     0.857676     0.885607      5306.25
1.65     0.857676     0.945708      7009.89
1.65     0.857676     1.00072      8689.07
1.65     0.857676     1.05145      10055.2
1.65     0.857676     1.0985      10403.3
1.65     0.857676     1.14238      9557.81
1.65     0.857676     1.18348      8387.67
1.65     0.857676     1.22215      7570.25
1.65     0.857676     1.25864      6598.14
1.65     0.857676     1.29319      7727.22
1.65     0.857676     1.32601      6747.19
1.65     0.857676     1.35724      6134.44
1.65     0.857676     1.38705      5001.79
1.65     0.857676     1.41555      3893.77
1.65     0.857676     1.44285      2959.93
1.65     0.857676     1.46905      2049.2
1.65     0.857676     1.49424      1153.53
1.65     0.857676     1.51849      586.045
1.65     0.857676     1.54187      302.331
1.65     0.857676     1.56444      141.988
1.65     0.857676     1.58625      58.2263
1.65     0.857676     1.60735      16.516
1.65     0.857676     1.62779      1.76137
1.65     0.857676     1.64761      0
1.65     0.869968     0.14949      370.915
1.65     0.869968     0.32019      917.611
1.65     0.869968     0.455286      1404.82
1.65     0.869968     0.567095      1938.41
1.65     0.869968     0.662479      2145.31
1.65     0.869968     0.745651      2816.53
1.65     0.869968     0.819385      4003.11
1.65     0.869968     0.885607      5444.11
1.65     0.869968     0.945708      7236.21
1.65     0.869968     1.00072      9195.29
1.65     0.869968     1.05145      11072.4
1.65     0.869968     1.0985      12047.9
1.65     0.869968     1.14238      11617.6
1.65     0.869968     1.18348      10147.4
1.65     0.869968     1.22215      9211.85
1.65     0.869968     1.25864      8128.26
1.65     0.869968     1.29319      9068.53
1.65     0.869968     1.32601      8128.58
1.65     0.869968     1.35724      7805.79
1.65     0.869968     1.38705      6895.16
1.65     0.869968     1.41555      5462.56
1.65     0.869968     1.44285      4303.81
1.65     0.869968     1.46905      3123.01
1.65     0.869968     1.49424      1978.52
1.65     0.869968     1.51849      1016.64
1.65     0.869968     1.54187      500.811
1.65     0.869968     1.56444      240.037
1.65     0.869968     1.58625      100.457
1.65     0.869968     1.60735      33.0018
1.65     0.869968     1.62779      5.25159
1.65     0.869968     1.64761      1.9449e-07
1.65     0.88148     0.14949      363.837
1.65     0.88148     0.32019      924.218
1.65     0.88148     0.455286      1447.12
1.65     0.88148     0.567095      2027.38
1.65     0.88148     0.662479      2267.48
1.65     0.88148     0.745651      2956.6
1.65     0.88148     0.819385      4175.67
1.65     0.88148     0.885607      5544.11
1.65     0.88148     0.945708      7393.69
1.65     0.88148     1.00072      9594.12
1.65     0.88148     1.05145      12034.3
1.65     0.88148     1.0985      13693
1.65     0.88148     1.14238      13837.9
1.65     0.88148     1.18348      12477.8
1.65     0.88148     1.22215      10871.9
1.65     0.88148     1.25864      10165.9
1.65     0.88148     1.29319      10545.7
1.65     0.88148     1.32601      9669.72
1.65     0.88148     1.35724      9501.04
1.65     0.88148     1.38705      8890.53
1.65     0.88148     1.41555      7982.66
1.65     0.88148     1.44285      6107.95
1.65     0.88148     1.46905      4560.44
1.65     0.88148     1.49424      3145.47
1.65     0.88148     1.51849      1759.6
1.65     0.88148     1.54187      820.962
1.65     0.88148     1.56444      393.099
1.65     0.88148     1.58625      165.523
1.65     0.88148     1.60735      53.4512
1.65     0.88148     1.62779      8.13458
1.65     0.88148     1.64761      2.33338e-07
1.65     0.892303     0.14949      356.201
1.65     0.892303     0.32019      926.112
1.65     0.892303     0.455286      1494.11
1.65     0.892303     0.567095      2108.4
1.65     0.892303     0.662479      2391.24
1.65     0.892303     0.745651      3105.18
1.65     0.892303     0.819385      4350.69
1.65     0.892303     0.885607      5629.51
1.65     0.892303     0.945708      7482.47
1.65     0.892303     1.00072      9931.67
1.65     0.892303     1.05145      12834.9
1.65     0.892303     1.0985      15256.1
1.65     0.892303     1.14238      16188.4
1.65     0.892303     1.18348      15103.6
1.65     0.892303     1.22215      13054.3
1.65     0.892303     1.25864      11967.5
1.65     0.892303     1.29319      12043.9
1.65     0.892303     1.32601      11478.4
1.65     0.892303     1.35724      11300.1
1.65     0.892303     1.38705      11015.4
1.65     0.892303     1.41555      10688.3
1.65     0.892303     1.44285      8948.12
1.65     0.892303     1.46905      6666.52
1.65     0.892303     1.49424      4663.48
1.65     0.892303     1.51849      2940.72
1.65     0.892303     1.54187      1449.44
1.65     0.892303     1.56444      625.147
1.65     0.892303     1.58625      268.162
1.65     0.892303     1.60735      83.9441
1.65     0.892303     1.62779      12.181
1.65     0.892303     1.64761      2.78746e-07
1.65     0.902517     0.14949      347.875
1.65     0.902517     0.32019      923.835
1.65     0.902517     0.455286      1533.82
1.65     0.902517     0.567095      2198.19
1.65     0.902517     0.662479      2530.46
1.65     0.902517     0.745651      3250.03
1.65     0.902517     0.819385      4540.89
1.65     0.902517     0.885607      5699.05
1.65     0.902517     0.945708      7526.6
1.65     0.902517     1.00072      10124.3
1.65     0.902517     1.05145      13554.1
1.65     0.902517     1.0985      16654.2
1.65     0.902517     1.14238      18554.7
1.65     0.902517     1.18348      18113
1.65     0.902517     1.22215      15937.8
1.65     0.902517     1.25864      14076.3
1.65     0.902517     1.29319      13452.8
1.65     0.902517     1.32601      13281.8
1.65     0.902517     1.35724      13669.9
1.65     0.902517     1.38705      13203.5
1.65     0.902517     1.41555      13331.9
1.65     0.902517     1.44285      12584.7
1.65     0.902517     1.46905      9740.66
1.65     0.902517     1.49424      6929.5
1.65     0.902517     1.51849      4570.9
1.65     0.902517     1.54187      2555.92
1.65     0.902517     1.56444      1068.07
1.65     0.902517     1.58625      433.799
1.65     0.902517     1.60735      137.741
1.65     0.902517     1.62779      18.6616
1.65     0.902517     1.64761      6.09473e-07
1.65     0.912186     0.14949      338.927
1.65     0.912186     0.32019      918.99
1.65     0.912186     0.455286      1567.13
1.65     0.912186     0.567095      2279.27
1.65     0.912186     0.662479      2673.62
1.65     0.912186     0.745651      3429.37
1.65     0.912186     0.819385      4717.83
1.65     0.912186     0.885607      5765.66
1.65     0.912186     0.945708      7532.31
1.65     0.912186     1.00072      10152.9
1.65     0.912186     1.05145      14148.5
1.65     0.912186     1.0985      17919.8
1.65     0.912186     1.14238      20860.2
1.65     0.912186     1.18348      21393.3
1.65     0.912186     1.22215      19192.9
1.65     0.912186     1.25864      16905.8
1.65     0.912186     1.29319      15144.4
1.65     0.912186     1.32601      15141.6
1.65     0.912186     1.35724      15851.7
1.65     0.912186     1.38705      16076.7
1.65     0.912186     1.41555      16208.5
1.65     0.912186     1.44285      16308.7
1.65     0.912186     1.46905      14172.9
1.65     0.912186     1.49424      9925.77
1.65     0.912186     1.51849      6771.74
1.65     0.912186     1.54187      4258.43
1.65     0.912186     1.56444      1990.42
1.65     0.912186     1.58625      713.841
1.65     0.912186     1.60735      235.866
1.65     0.912186     1.62779      33.3005
1.65     0.912186     1.64761      7.17001e-07
1.65     0.921365     0.14949      329.387
1.65     0.921365     0.32019      920.46
1.65     0.921365     0.455286      1594.63
1.65     0.921365     0.567095      2354.95
1.65     0.921365     0.662479      2811.2
1.65     0.921365     0.745651      3617.92
1.65     0.921365     0.819385      4882.72
1.65     0.921365     0.885607      5828.16
1.65     0.921365     0.945708      7497.98
1.65     0.921365     1.00072      10080.9
1.65     0.921365     1.05145      14493.1
1.65     0.921365     1.0985      19134.8
1.65     0.921365     1.14238      22956.4
1.65     0.921365     1.18348      24778.9
1.65     0.921365     1.22215      23080.5
1.65     0.921365     1.25864      20267.5
1.65     0.921365     1.29319      17646.7
1.65     0.921365     1.32601      16883.4
1.65     0.921365     1.35724      18082.9
1.65     0.921365     1.38705      18806.6
1.65     0.921365     1.41555      19731.7
1.65     0.921365     1.44285      20122.5
1.65     0.921365     1.46905      19032.2
1.65     0.921365     1.49424      14857
1.65     0.921365     1.51849      9914.67
1.65     0.921365     1.54187      6500.26
1.65     0.921365     1.56444      3588.69
1.65     0.921365     1.58625      1322.19
1.65     0.921365     1.60735      384.024
1.65     0.921365     1.62779      62.9296
1.65     0.921365     1.64761      1.98973e-06
1.65     0.930101     0.14949      319.291
1.65     0.930101     0.32019      916.866
1.65     0.930101     0.455286      1612.43
1.65     0.930101     0.567095      2422.71
1.65     0.930101     0.662479      2932.85
1.65     0.930101     0.745651      3804.16
1.65     0.930101     0.819385      5038.11
1.65     0.930101     0.885607      5886.82
1.65     0.930101     0.945708      7425.91
1.65     0.930101     1.00072      9969.89
1.65     0.930101     1.05145      14610.6
1.65     0.930101     1.0985      20097.1
1.65     0.930101     1.14238      24947.9
1.65     0.930101     1.18348      28037.6
1.65     0.930101     1.22215      27508.9
1.65     0.930101     1.25864      24311.4
1.65     0.930101     1.29319      20882.9
1.65     0.930101     1.32601      19102.2
1.65     0.930101     1.35724      19744.2
1.65     0.930101     1.38705      21694.7
1.65     0.930101     1.41555      23111.1
1.65     0.930101     1.44285      24839.5
1.65     0.930101     1.46905      23875.7
1.65     0.930101     1.49424      20686.7
1.65     0.930101     1.51849      14675.9
1.65     0.930101     1.54187      9728.2
1.65     0.930101     1.56444      5903.27
1.65     0.930101     1.58625      2592.35
1.65     0.930101     1.60735      631.436
1.65     0.930101     1.62779      94.0708
1.65     0.930101     1.64761      3.803e-06
1.65     0.938435     0.14949      308.667
1.65     0.938435     0.32019      907.546
1.65     0.938435     0.455286      1620.51
1.65     0.938435     0.567095      2475.21
1.65     0.938435     0.662479      3051.07
1.65     0.938435     0.745651      3968.16
1.65     0.938435     0.819385      5216.21
1.65     0.938435     0.885607      5921.38
1.65     0.938435     0.945708      7379.56
1.65     0.938435     1.00072      9809.72
1.65     0.938435     1.05145      14595.8
1.65     0.938435     1.0985      20699.7
1.65     0.938435     1.14238      26766.5
1.65     0.938435     1.18348      31137.5
1.65     0.938435     1.22215      32179.1
1.65     0.938435     1.25864      29402.1
1.65     0.938435     1.29319      24788.8
1.65     0.938435     1.32601      21864.5
1.65     0.938435     1.35724      21995.4
1.65     0.938435     1.38705      23539.5
1.65     0.938435     1.41555      26472.2
1.65     0.938435     1.44285      29412.9
1.65     0.938435     1.46905      29488.8
1.65     0.938435     1.49424      26822.6
1.65     0.938435     1.51849      21341.1
1.65     0.938435     1.54187      14092.5
1.65     0.938435     1.56444      9056.4
1.65     0.938435     1.58625      4737.34
1.65     0.938435     1.60735      1274.47
1.65     0.938435     1.62779      127.58
1.65     0.938435     1.64761      4.62336e-06
1.65     0.946404     0.14949      297.536
1.65     0.946404     0.32019      894.011
1.65     0.946404     0.455286      1617.51
1.65     0.946404     0.567095      2518.42
1.65     0.946404     0.662479      3156.76
1.65     0.946404     0.745651      4112.2
1.65     0.946404     0.819385      5375.38
1.65     0.946404     0.885607      5970.68
1.65     0.946404     0.945708      7343.38
1.65     0.946404     1.00072      9633.14
1.65     0.946404     1.05145      14399.2
1.65     0.946404     1.0985      21006.8
1.65     0.946404     1.14238      28278.3
1.65     0.946404     1.18348      34210
1.65     0.946404     1.22215      36770.5
1.65     0.946404     1.25864      35236.3
1.65     0.946404     1.29319      29821.3
1.65     0.946404     1.32601      25394.3
1.65     0.946404     1.35724      24608.9
1.65     0.946404     1.38705      25687.4
1.65     0.946404     1.41555      29339.6
1.65     0.946404     1.44285      34403.9
1.65     0.946404     1.46905      35253.1
1.65     0.946404     1.49424      33107.8
1.65     0.946404     1.51849      28617.3
1.65     0.946404     1.54187      21383.2
1.65     0.946404     1.56444      13416.5
1.65     0.946404     1.58625      8061.67
1.65     0.946404     1.60735      2726.03
1.65     0.946404     1.62779      272.013
1.65     0.946404     1.64761      6.56822e-06
1.65     0.954036     0.14949      285.91
1.65     0.954036     0.32019      875.267
1.65     0.954036     0.455286      1607.2
1.65     0.954036     0.567095      2555.47
1.65     0.954036     0.662479      3263.27
1.65     0.954036     0.745651      4260.77
1.65     0.954036     0.819385      5546.24
1.65     0.954036     0.885607      6097.98
1.65     0.954036     0.945708      7316.2
1.65     0.954036     1.00072      9473.57
1.65     0.954036     1.05145      14163.4
1.65     0.954036     1.0985      21177
1.65     0.954036     1.14238      29387.4
1.65     0.954036     1.18348      36930.5
1.65     0.954036     1.22215      41444.2
1.65     0.954036     1.25864      41441.3
1.65     0.954036     1.29319      36246.5
1.65     0.954036     1.32601      30063.8
1.65     0.954036     1.35724      27149.4
1.65     0.954036     1.38705      28041.1
1.65     0.954036     1.41555      31246.2
1.65     0.954036     1.44285      38801.2
1.65     0.954036     1.46905      42266.8
1.65     0.954036     1.49424      40167.1
1.65     0.954036     1.51849      35905.5
1.65     0.954036     1.54187      30450.7
1.65     0.954036     1.56444      20318
1.65     0.954036     1.58625      13051.1
1.65     0.954036     1.60735      5321.07
1.65     0.954036     1.62779      879.95
1.65     0.954036     1.64761      9.26551e-06
1.65     0.96136     0.14949      273.791
1.65     0.96136     0.32019      859.462
1.65     0.96136     0.455286      1584.68
1.65     0.96136     0.567095      2589.75
1.65     0.96136     0.662479      3373.62
1.65     0.96136     0.745651      4447.5
1.65     0.96136     0.819385      5705.83
1.65     0.96136     0.885607      6252.32
1.65     0.96136     0.945708      7324.72
1.65     0.96136     1.00072      9349.5
1.65     0.96136     1.05145      13991.2
1.65     0.96136     1.0985      21059.8
1.65     0.96136     1.14238      30044.1
1.65     0.96136     1.18348      39199.3
1.65     0.96136     1.22215      45934.4
1.65     0.96136     1.25864      47965.5
1.65     0.96136     1.29319      43804.1
1.65     0.96136     1.32601      36291.9
1.65     0.96136     1.35724      31001.7
1.65     0.96136     1.38705      29884.8
1.65     0.96136     1.41555      33390.8
1.65     0.96136     1.44285      40628.1
1.65     0.96136     1.46905      49533.3
1.65     0.96136     1.49424      49264
1.65     0.96136     1.51849      44471.8
1.65     0.96136     1.54187      40198.6
1.65     0.96136     1.56444      30904.6
1.65     0.96136     1.58625      20331
1.65     0.96136     1.60735      9429.92
1.65     0.96136     1.62779      2319.51
1.65     0.96136     1.64761      0.000142222
1.65     0.968399     0.14949      261.169
1.65     0.968399     0.32019      839.983
1.65     0.968399     0.455286      1551.55
1.65     0.968399     0.567095      2608.7
1.65     0.968399     0.662479      3510.05
1.65     0.968399     0.745651      4654.17
1.65     0.968399     0.819385      5819.33
1.65     0.968399     0.885607      6397.46
1.65     0.968399     0.945708      7445.22
1.65     0.968399     1.00072      9279.74
1.65     0.968399     1.05145      13810
1.65     0.968399     1.0985      20768.1
1.65     0.968399     1.14238      30091.5
1.65     0.968399     1.18348      40853.5
1.65     0.968399     1.22215      49910.8
1.65     0.968399     1.25864      54686.5
1.65     0.968399     1.29319      52307.3
1.65     0.968399     1.32601      44288.7
1.65     0.968399     1.35724      36371.6
1.65     0.968399     1.38705      32805.5
1.65     0.968399     1.41555      34639.4
1.65     0.968399     1.44285      42413.5
1.65     0.968399     1.46905      52090.3
1.65     0.968399     1.49424      59020.5
1.65     0.968399     1.51849      56341.2
1.65     0.968399     1.54187      51791.9
1.65     0.968399     1.56444      44133
1.65     0.968399     1.58625      33005.2
1.65     0.968399     1.60735      15036.6
1.65     0.968399     1.62779      4466.91
1.65     0.968399     1.64761      0.000336789
1.65     0.975176     0.14949      248.634
1.65     0.975176     0.32019      818.779
1.65     0.975176     0.455286      1502.98
1.65     0.975176     0.567095      2607.36
1.65     0.975176     0.662479      3598.34
1.65     0.975176     0.745651      4816.44
1.65     0.975176     0.819385      5926.74
1.65     0.975176     0.885607      6487.58
1.65     0.975176     0.945708      7600.14
1.65     0.975176     1.00072      9235.55
1.65     0.975176     1.05145      13611.9
1.65     0.975176     1.0985      20427
1.65     0.975176     1.14238      29878.8
1.65     0.975176     1.18348      41649.1
1.65     0.975176     1.22215      53008.6
1.65     0.975176     1.25864      61187.9
1.65     0.975176     1.29319      61522.6
1.65     0.975176     1.32601      54104.7
1.65     0.975176     1.35724      43786.8
1.65     0.975176     1.38705      37307.9
1.65     0.975176     1.41555      37036.9
1.65     0.975176     1.44285      43065.6
1.65     0.975176     1.46905      55006.8
1.65     0.975176     1.49424      63075.1
1.65     0.975176     1.51849      71014.6
1.65     0.975176     1.54187      66454
1.65     0.975176     1.56444      59225.9
1.65     0.975176     1.58625      51947.1
1.65     0.975176     1.60735      23860.6
1.65     0.975176     1.62779      7328.08
1.65     0.975176     1.64761      0.000469798
1.65     0.981708     0.14949      235.648
1.65     0.981708     0.32019      792.382
1.65     0.981708     0.455286      1436.23
1.65     0.981708     0.567095      2600.53
1.65     0.981708     0.662479      3636.95
1.65     0.981708     0.745651      4903.49
1.65     0.981708     0.819385      6020.39
1.65     0.981708     0.885607      6544.24
1.65     0.981708     0.945708      7686.61
1.65     0.981708     1.00072      9306.1
1.65     0.981708     1.05145      13530.5
1.65     0.981708     1.0985      20071.6
1.65     0.981708     1.14238      29311.8
1.65     0.981708     1.18348      41413.1
1.65     0.981708     1.22215      54965.4
1.65     0.981708     1.25864      66732
1.65     0.981708     1.29319      71174.1
1.65     0.981708     1.32601      65424.6
1.65     0.981708     1.35724      53744.9
1.65     0.981708     1.38705      43651.8
1.65     0.981708     1.41555      40388.8
1.65     0.981708     1.44285      44449.2
1.65     0.981708     1.46905      55461
1.65     0.981708     1.49424      67409.6
1.65     0.981708     1.51849      78175.6
1.65     0.981708     1.54187      90073.9
1.65     0.981708     1.56444      80714.4
1.65     0.981708     1.58625      75067.9
1.65     0.981708     1.60735      40621.1
1.65     0.981708     1.62779      11614.4
1.65     0.981708     1.64761      0.00104037
1.65     0.988013     0.14949      222.12
1.65     0.988013     0.32019      761.285
1.65     0.988013     0.455286      1360.67
1.65     0.988013     0.567095      2580.28
1.65     0.988013     0.662479      3674.48
1.65     0.988013     0.745651      4928.56
1.65     0.988013     0.819385      6055
1.65     0.988013     0.885607      6539.61
1.65     0.988013     0.945708      7643.19
1.65     0.988013     1.00072      9368.86
1.65     0.988013     1.05145      13629.1
1.65     0.988013     1.0985      19716.6
1.65     0.988013     1.14238      28317.8
1.65     0.988013     1.18348      40507.9
1.65     0.988013     1.22215      55395.5
1.65     0.988013     1.25864      70777.4
1.65     0.988013     1.29319      80201.4
1.65     0.988013     1.32601      78356.9
1.65     0.988013     1.35724      65570.7
1.65     0.988013     1.38705      52945.3
1.65     0.988013     1.41555      46008.7
1.65     0.988013     1.44285      46205.1
1.65     0.988013     1.46905      54678.3
1.65     0.988013     1.49424      65478.3
1.65     0.988013     1.51849      83488.8
1.65     0.988013     1.54187      101621
1.65     0.988013     1.56444      116443
1.65     0.988013     1.58625      109365
1.65     0.988013     1.60735      65515.6
1.65     0.988013     1.62779      20078
1.65     0.988013     1.64761      0.00175522
1.65     0.994105     0.14949      207.934
1.65     0.994105     0.32019      724.195
1.65     0.994105     0.455286      1294.39
1.65     0.994105     0.567095      2497.83
1.65     0.994105     0.662479      3761.87
1.65     0.994105     0.745651      4881.23
1.65     0.994105     0.819385      5917.61
1.65     0.994105     0.885607      6428.75
1.65     0.994105     0.945708      7416.98
1.65     0.994105     1.00072      9311.67
1.65     0.994105     1.05145      13464.6
1.65     0.994105     1.0985      19298.6
1.65     0.994105     1.14238      27183.4
1.65     0.994105     1.18348      38717.9
1.65     0.994105     1.22215      54211.8
1.65     0.994105     1.25864      72408.9
1.65     0.994105     1.29319      87263.3
1.65     0.994105     1.32601      91352.1
1.65     0.994105     1.35724      80563.6
1.65     0.994105     1.38705      64637.6
1.65     0.994105     1.41555      54391.4
1.65     0.994105     1.44285      51403.1
1.65     0.994105     1.46905      53564.1
1.65     0.994105     1.49424      59532.7
1.65     0.994105     1.51849      75167.1
1.65     0.994105     1.54187      106373
1.65     0.994105     1.56444      141301
1.65     0.994105     1.58625      170060
1.65     0.994105     1.60735      111005
1.65     0.994105     1.62779      39453
1.65     0.994105     1.64761      0.00315096
1.65     1     0.14949      192.51
1.65     1     0.32019      673.13
1.65     1     0.455286      1189.21
1.65     1     0.567095      2435.77
1.65     1     0.662479      3830.95
1.65     1     0.745651      4814.12
1.65     1     0.819385      5809.63
1.65     1     0.885607      6381.53
1.65     1     0.945708      7171.06
1.65     1     1.00072      8685.92
1.65     1     1.05145      12669.1
1.65     1     1.0985      17988.6
1.65     1     1.14238      25237.9
1.65     1     1.18348      35070
1.65     1     1.22215      49821.5
1.65     1     1.25864      69478.2
1.65     1     1.29319      89315.7
1.65     1     1.32601      100505
1.65     1     1.35724      95563.6
1.65     1     1.38705      77745.5
1.65     1     1.41555      65069.1
1.65     1     1.44285      59816
1.65     1     1.46905      58303.5
1.65     1     1.49424      54463.6
1.65     1     1.51849      54045.3
1.65     1     1.54187      77924.7
1.65     1     1.56444      143700
1.65     1     1.58625      246371
1.65     1     1.60735      234522
1.65     1     1.62779      69518.3
1.65     1     1.64761      15.3897
