0.155	-1	0	0
0.155	-1	0.00437668	21.2057
0.155	-1	0.00784045	22.3329
0.155	-1	0.0107072	23.0768
0.155	-1	0.0131528	22.4661
0.155	-1	0.0152853	20.5308
0.155	-1	0.0171758	21.8694
0.155	-1	0.0188737	16.8485
0.155	-1	0.0204146	12.7025
0.155	-1	0.0218252	9.52302
0.155	-1	0.0231257	7.347
0.155	-1	0.0243322	7.00034
0.155	-1	0.0254572	4.95072
0.155	-1	0.0265111	3.62307
0.155	-1	0.0275024	3.05846
0.155	-1	0.0284381	2.13135
0.155	-1	0.029324	1.65525
0.155	-1	0.0301653	1.24724
0.155	-1	0.0309662	0.939844
0.155	-1	0.0317304	0.701423
0.155	-1	0.0324611	0.510813
0.155	-1	0.0331611	0.362592
0.155	-1	0.0338329	0.248474
0.155	-1	0.0344788	0.16359
0.155	-1	0.0351005	0.100244
0.155	-1	0.0356999	0.0567035
0.155	-1	0.0362785	0.0284063
0.155	-1	0.0368377	0.0117921
0.155	-1	0.0373788	0.00338975
0.155	-1	0.0379029	0.000406006
0.155	-1	0.038411	0
0.155	-0.634788	0	0
0.155	-0.634788	0.00437668	23.3933
0.155	-0.634788	0.00784045	24.6674
0.155	-0.634788	0.0107072	25.7771
0.155	-0.634788	0.0131528	26.1644
0.155	-0.634788	0.0152853	25.2242
0.155	-0.634788	0.0171758	28.2109
0.155	-0.634788	0.0188737	22.9671
0.155	-0.634788	0.0204146	18.1763
0.155	-0.634788	0.0218252	14.1114
0.155	-0.634788	0.0231257	11.0486
0.155	-0.634788	0.0243322	10.5919
0.155	-0.634788	0.0254572	8.12094
0.155	-0.634788	0.0265111	6.2598
0.155	-0.634788	0.0275024	5.24142
0.155	-0.634788	0.0284381	3.67573
0.155	-0.634788	0.029324	2.6989
0.155	-0.634788	0.0301653	1.881
0.155	-0.634788	0.0309662	1.30137
0.155	-0.634788	0.0317304	0.923682
0.155	-0.634788	0.0324611	0.667514
0.155	-0.634788	0.0331611	0.47611
0.155	-0.634788	0.0338329	0.326867
0.155	-0.634788	0.0344788	0.215767
0.155	-0.634788	0.0351005	0.133734
0.155	-0.634788	0.0356999	0.0755271
0.155	-0.634788	0.0362785	0.0380031
0.155	-0.634788	0.0368377	0.0155717
0.155	-0.634788	0.0373788	0.00462125
0.155	-0.634788	0.0379029	0.000548736
0.155	-0.634788	0.038411	0
0.155	-0.406307	0	0
0.155	-0.406307	0.00437668	24.8626
0.155	-0.406307	0.00784045	26.3023
0.155	-0.406307	0.0107072	27.4266
0.155	-0.406307	0.0131528	28.1328
0.155	-0.406307	0.0152853	27.8413
0.155	-0.406307	0.0171758	32.4188
0.155	-0.406307	0.0188737	27.3384
0.155	-0.406307	0.0204146	22.5396
0.155	-0.406307	0.0218252	18.1755
0.155	-0.406307	0.0231257	14.6475
0.155	-0.406307	0.0243322	14.3153
0.155	-0.406307	0.0254572	11.599
0.155	-0.406307	0.0265111	9.37907
0.155	-0.406307	0.0275024	7.9652
0.155	-0.406307	0.0284381	5.91331
0.155	-0.406307	0.029324	4.4426
0.155	-0.406307	0.0301653	3.15728
0.155	-0.406307	0.0309662	2.13793
0.155	-0.406307	0.0317304	1.40216
0.155	-0.406307	0.0324611	0.915788
0.155	-0.406307	0.0331611	0.596777
0.155	-0.406307	0.0338329	0.393123
0.155	-0.406307	0.0344788	0.257371
0.155	-0.406307	0.0351005	0.159825
0.155	-0.406307	0.0356999	0.0910805
0.155	-0.406307	0.0362785	0.0459317
0.155	-0.406307	0.0368377	0.0189951
0.155	-0.406307	0.0373788	0.00545782
0.155	-0.406307	0.0379029	0.000655463
0.155	-0.406307	0.038411	0
0.155	-0.239626	0	0
0.155	-0.239626	0.00437668	25.9841
0.155	-0.239626	0.00784045	27.5548
0.155	-0.239626	0.0107072	28.6347
0.155	-0.239626	0.0131528	29.3536
0.155	-0.239626	0.0152853	29.3027
0.155	-0.239626	0.0171758	35.238
0.155	-0.239626	0.0188737	30.6029
0.155	-0.239626	0.0204146	25.8697
0.155	-0.239626	0.0218252	21.3614
0.155	-0.239626	0.0231257	17.7513
0.155	-0.239626	0.0243322	17.9364
0.155	-0.239626	0.0254572	15.1666
0.155	-0.239626	0.0265111	12.7143
0.155	-0.239626	0.0275024	11.0471
0.155	-0.239626	0.0284381	8.49198
0.155	-0.239626	0.029324	6.53757
0.155	-0.239626	0.0301653	4.89761
0.155	-0.239626	0.0309662	3.51481
0.155	-0.239626	0.0317304	2.38869
0.155	-0.239626	0.0324611	1.5347
0.155	-0.239626	0.0331611	0.92908
0.155	-0.239626	0.0338329	0.545403
0.155	-0.239626	0.0344788	0.316148
0.155	-0.239626	0.0351005	0.184184
0.155	-0.239626	0.0356999	0.105819
0.155	-0.239626	0.0362785	0.0529239
0.155	-0.239626	0.0368377	0.0226194
0.155	-0.239626	0.0373788	0.00654656
0.155	-0.239626	0.0379029	0.000769379
0.155	-0.239626	0.038411	0
0.155	-0.108332	0	0
0.155	-0.108332	0.00437668	26.9051
0.155	-0.108332	0.00784045	28.6018
0.155	-0.108332	0.0107072	29.5412
0.155	-0.108332	0.0131528	30.1797
0.155	-0.108332	0.0152853	30.4729
0.155	-0.108332	0.0171758	37.1871
0.155	-0.108332	0.0188737	32.7709
0.155	-0.108332	0.0204146	28.3243
0.155	-0.108332	0.0218252	23.966
0.155	-0.108332	0.0231257	20.3625
0.155	-0.108332	0.0243322	21.0773
0.155	-0.108332	0.0254572	18.628
0.155	-0.108332	0.0265111	16.1443
0.155	-0.108332	0.0275024	14.294
0.155	-0.108332	0.0284381	11.2986
0.155	-0.108332	0.029324	8.94244
0.155	-0.108332	0.0301653	6.99165
0.155	-0.108332	0.0309662	5.26135
0.155	-0.108332	0.0317304	3.77262
0.155	-0.108332	0.0324611	2.54564
0.155	-0.108332	0.0331611	1.63742
0.155	-0.108332	0.0338329	0.95482
0.155	-0.108332	0.0344788	0.508212
0.155	-0.108332	0.0351005	0.257125
0.155	-0.108332	0.0356999	0.123485
0.155	-0.108332	0.0362785	0.0595363
0.155	-0.108332	0.0368377	0.0248039
0.155	-0.108332	0.0373788	0.00748444
0.155	-0.108332	0.0379029	0.000962958
0.155	-0.108332	0.038411	0
0.155	-2e-20	0	0
0.155	-2e-20	0.00437668	27.7074
0.155	-2e-20	0.00784045	29.4949
0.155	-2e-20	0.0107072	30.3771
0.155	-2e-20	0.0131528	31.1114
0.155	-2e-20	0.0152853	31.2012
0.155	-2e-20	0.0171758	38.5928
0.155	-2e-20	0.0188737	34.1687
0.155	-2e-20	0.0204146	30.1559
0.155	-2e-20	0.0218252	26.0156
0.155	-2e-20	0.0231257	22.461
0.155	-2e-20	0.0243322	23.7972
0.155	-2e-20	0.0254572	21.7555
0.155	-2e-20	0.0265111	19.5179
0.155	-2e-20	0.0275024	17.613
0.155	-2e-20	0.0284381	14.3416
0.155	-2e-20	0.029324	11.5467
0.155	-2e-20	0.0301653	9.30585
0.155	-2e-20	0.0309662	7.30785
0.155	-2e-20	0.0317304	5.48008
0.155	-2e-20	0.0324611	3.9048
0.155	-2e-20	0.0331611	2.70708
0.155	-2e-20	0.0338329	1.71452
0.155	-2e-20	0.0344788	0.956925
0.155	-2e-20	0.0351005	0.467865
0.155	-2e-20	0.0356999	0.212187
0.155	-2e-20	0.0362785	0.0824201
0.155	-2e-20	0.0368377	0.0275164
0.155	-2e-20	0.0373788	0.00823481
0.155	-2e-20	0.0379029	0.00105951
0.155	-2e-20	0.038411	0
0.155	0.0922185	0	0
0.155	0.0922185	0.00437668	28.4098
0.155	0.0922185	0.00784045	30.3267
0.155	0.0922185	0.0107072	31.0849
0.155	0.0922185	0.0131528	31.7165
0.155	0.0922185	0.0152853	31.7208
0.155	0.0922185	0.0171758	39.6442
0.155	0.0922185	0.0188737	35.2196
0.155	0.0922185	0.0204146	31.377
0.155	0.0922185	0.0218252	27.5385
0.155	0.0922185	0.0231257	24.1733
0.155	0.0922185	0.0243322	26.1173
0.155	0.0922185	0.0254572	24.5368
0.155	0.0922185	0.0265111	22.6337
0.155	0.0922185	0.0275024	20.9577
0.155	0.0922185	0.0284381	17.4653
0.155	0.0922185	0.029324	14.3891
0.155	0.0922185	0.0301653	11.8869
0.155	0.0922185	0.0309662	9.62465
0.155	0.0922185	0.0317304	7.44287
0.155	0.0922185	0.0324611	5.51607
0.155	0.0922185	0.0331611	4.08605
0.155	0.0922185	0.0338329	2.77828
0.155	0.0922185	0.0344788	1.68919
0.155	0.0922185	0.0351005	0.934472
0.155	0.0922185	0.0356999	0.437294
0.155	0.0922185	0.0362785	0.171638
0.155	0.0922185	0.0368377	0.0520404
0.155	0.0922185	0.0373788	0.00947484
0.155	0.0922185	0.0379029	0.00114411
0.155	0.0922185	0.038411	0
0.155	0.172502	0	0
0.155	0.172502	0.00437668	29.0523
0.155	0.172502	0.00784045	31.1722
0.155	0.172502	0.0107072	31.8606
0.155	0.172502	0.0131528	32.2729
0.155	0.172502	0.0152853	32.1794
0.155	0.172502	0.0171758	40.4512
0.155	0.172502	0.0188737	35.9955
0.155	0.172502	0.0204146	32.1332
0.155	0.172502	0.0218252	28.5521
0.155	0.172502	0.0231257	25.4915
0.155	0.172502	0.0243322	28.1125
0.155	0.172502	0.0254572	26.9854
0.155	0.172502	0.0265111	25.4902
0.155	0.172502	0.0275024	24.1068
0.155	0.172502	0.0284381	20.6542
0.155	0.172502	0.029324	17.3378
0.155	0.172502	0.0301653	14.6587
0.155	0.172502	0.0309662	12.2058
0.155	0.172502	0.0317304	9.68212
0.155	0.172502	0.0324611	7.41427
0.155	0.172502	0.0331611	5.72325
0.155	0.172502	0.0338329	4.14886
0.155	0.172502	0.0344788	2.6941
0.155	0.172502	0.0351005	1.64204
0.155	0.172502	0.0356999	0.868045
0.155	0.172502	0.0362785	0.385774
0.155	0.172502	0.0368377	0.134352
0.155	0.172502	0.0373788	0.0310502
0.155	0.172502	0.0379029	0.00162824
0.155	0.172502	0.038411	0
0.155	0.243589	0	0
0.155	0.243589	0.00437668	29.6737
0.155	0.243589	0.00784045	31.9376
0.155	0.243589	0.0107072	32.5205
0.155	0.243589	0.0131528	32.6695
0.155	0.243589	0.0152853	32.4962
0.155	0.243589	0.0171758	41.292
0.155	0.243589	0.0188737	36.4504
0.155	0.243589	0.0204146	32.7415
0.155	0.243589	0.0218252	29.2064
0.155	0.243589	0.0231257	26.4142
0.155	0.243589	0.0243322	29.7346
0.155	0.243589	0.0254572	29.1145
0.155	0.243589	0.0265111	28.0863
0.155	0.243589	0.0275024	27.0434
0.155	0.243589	0.0284381	23.6997
0.155	0.243589	0.029324	20.3727
0.155	0.243589	0.0301653	17.623
0.155	0.243589	0.0309662	14.9694
0.155	0.243589	0.0317304	12.1614
0.155	0.243589	0.0324611	9.53133
0.155	0.243589	0.0331611	7.66758
0.155	0.243589	0.0338329	5.76586
0.155	0.243589	0.0344788	3.98058
0.155	0.243589	0.0351005	2.60989
0.155	0.243589	0.0356999	1.50566
0.155	0.243589	0.0362785	0.773686
0.155	0.243589	0.0368377	0.318182
0.155	0.243589	0.0373788	0.0967327
0.155	0.243589	0.0379029	0.015334
0.155	0.243589	0.038411	0
0.155	0.307372	0	0
0.155	0.307372	0.00437668	30.2611
0.155	0.307372	0.00784045	32.6864
0.155	0.307372	0.0107072	33.0565
0.155	0.307372	0.0131528	32.9399
0.155	0.307372	0.0152853	32.6733
0.155	0.307372	0.0171758	41.9315
0.155	0.307372	0.0188737	36.802
0.155	0.307372	0.0204146	33.0448
0.155	0.307372	0.0218252	29.6458
0.155	0.307372	0.0231257	27.0111
0.155	0.307372	0.0243322	30.9835
0.155	0.307372	0.0254572	30.9475
0.155	0.307372	0.0265111	30.3682
0.155	0.307372	0.0275024	29.7876
0.155	0.307372	0.0284381	26.5642
0.155	0.307372	0.029324	23.3111
0.155	0.307372	0.0301653	20.6916
0.155	0.307372	0.0309662	17.9977
0.155	0.307372	0.0317304	14.8584
0.155	0.307372	0.0324611	11.8487
0.155	0.307372	0.0331611	9.84166
0.155	0.307372	0.0338329	7.62462
0.155	0.307372	0.0344788	5.52272
0.155	0.307372	0.0351005	3.82631
0.155	0.307372	0.0356999	2.33474
0.155	0.307372	0.0362785	1.26211
0.155	0.307372	0.0368377	0.574299
0.155	0.307372	0.0373788	0.187994
0.155	0.307372	0.0379029	0.0255977
0.155	0.307372	0.038411	0
0.155	0.365212	0	0
0.155	0.365212	0.00437668	30.7982
0.155	0.365212	0.00784045	33.4045
0.155	0.365212	0.0107072	33.6551
0.155	0.365212	0.0131528	33.4106
0.155	0.365212	0.0152853	32.8503
0.155	0.365212	0.0171758	42.4514
0.155	0.365212	0.0188737	37.21
0.155	0.365212	0.0204146	33.108
0.155	0.365212	0.0218252	29.9352
0.155	0.365212	0.0231257	27.3124
0.155	0.365212	0.0243322	31.8821
0.155	0.365212	0.0254572	32.4376
0.155	0.365212	0.0265111	32.3823
0.155	0.365212	0.0275024	32.2385
0.155	0.365212	0.0284381	29.3022
0.155	0.365212	0.029324	26.0996
0.155	0.365212	0.0301653	23.7252
0.155	0.365212	0.0309662	21.1391
0.155	0.365212	0.0317304	17.8231
0.155	0.365212	0.0324611	14.4423
0.155	0.365212	0.0331611	12.2329
0.155	0.365212	0.0338329	9.79533
0.155	0.365212	0.0344788	7.29544
0.155	0.365212	0.0351005	5.25467
0.155	0.365212	0.0356999	3.34036
0.155	0.365212	0.0362785	1.86596
0.155	0.365212	0.0368377	0.885154
0.155	0.365212	0.0373788	0.313297
0.155	0.365212	0.0379029	0.0483075
0.155	0.365212	0.038411	0
0.155	0.418124	0	0
0.155	0.418124	0.00437668	31.2962
0.155	0.418124	0.00784045	34.0763
0.155	0.418124	0.0107072	34.178
0.155	0.418124	0.0131528	33.776
0.155	0.418124	0.0152853	32.8538
0.155	0.418124	0.0171758	42.7782
0.155	0.418124	0.0188737	37.3799
0.155	0.418124	0.0204146	33.2365
0.155	0.418124	0.0218252	29.9934
0.155	0.418124	0.0231257	27.5697
0.155	0.418124	0.0243322	32.5006
0.155	0.418124	0.0254572	33.5427
0.155	0.418124	0.0265111	34.1289
0.155	0.418124	0.0275024	34.4337
0.155	0.418124	0.0284381	31.7891
0.155	0.418124	0.029324	28.7777
0.155	0.418124	0.0301653	26.6401
0.155	0.418124	0.0309662	24.3346
0.155	0.418124	0.0317304	20.9122
0.155	0.418124	0.0324611	17.2779
0.155	0.418124	0.0331611	14.9653
0.155	0.418124	0.0338329	12.1457
0.155	0.418124	0.0344788	9.3161
0.155	0.418124	0.0351005	6.87776
0.155	0.418124	0.0356999	4.47244
0.155	0.418124	0.0362785	2.54091
0.155	0.418124	0.0368377	1.20343
0.155	0.418124	0.0373788	0.425335
0.155	0.418124	0.0379029	0.0661019
0.155	0.418124	0.038411	0
0.155	0.466881	0	0
0.155	0.466881	0.00437668	31.752
0.155	0.466881	0.00784045	34.7175
0.155	0.466881	0.0107072	34.6498
0.155	0.466881	0.0131528	34.0274
0.155	0.466881	0.0152853	32.9258
0.155	0.466881	0.0171758	43.2241
0.155	0.466881	0.0188737	37.5077
0.155	0.466881	0.0204146	33.3217
0.155	0.466881	0.0218252	29.8147
0.155	0.466881	0.0231257	27.6096
0.155	0.466881	0.0243322	32.98
0.155	0.466881	0.0254572	34.3235
0.155	0.466881	0.0265111	35.504
0.155	0.466881	0.0275024	36.417
0.155	0.466881	0.0284381	34.0283
0.155	0.466881	0.029324	31.2991
0.155	0.466881	0.0301653	29.4585
0.155	0.466881	0.0309662	27.4562
0.155	0.466881	0.0317304	24.1396
0.155	0.466881	0.0324611	20.2689
0.155	0.466881	0.0331611	17.9095
0.155	0.466881	0.0338329	14.8347
0.155	0.466881	0.0344788	11.5711
0.155	0.466881	0.0351005	8.72321
0.155	0.466881	0.0356999	5.68405
0.155	0.466881	0.0362785	3.27065
0.155	0.466881	0.0368377	1.54972
0.155	0.466881	0.0373788	0.523019
0.155	0.466881	0.0379029	0.0785673
0.155	0.466881	0.038411	0
0.155	0.512089	0	0
0.155	0.512089	0.00437668	32.1862
0.155	0.512089	0.00784045	35.349
0.155	0.512089	0.0107072	35.2422
0.155	0.512089	0.0131528	34.3257
0.155	0.512089	0.0152853	33.0711
0.155	0.512089	0.0171758	43.4912
0.155	0.512089	0.0188737	37.4317
0.155	0.512089	0.0204146	33.1933
0.155	0.512089	0.0218252	29.9009
0.155	0.512089	0.0231257	27.4884
0.155	0.512089	0.0243322	33.2659
0.155	0.512089	0.0254572	34.7994
0.155	0.512089	0.0265111	36.4744
0.155	0.512089	0.0275024	38.0945
0.155	0.512089	0.0284381	36.0737
0.155	0.512089	0.029324	33.5853
0.155	0.512089	0.0301653	32.2394
0.155	0.512089	0.0309662	30.5214
0.155	0.512089	0.0317304	27.3411
0.155	0.512089	0.0324611	23.4598
0.155	0.512089	0.0331611	21.1197
0.155	0.512089	0.0338329	17.7616
0.155	0.512089	0.0344788	14.0628
0.155	0.512089	0.0351005	10.6922
0.155	0.512089	0.0356999	7.07894
0.155	0.512089	0.0362785	4.06264
0.155	0.512089	0.0368377	1.93445
0.155	0.512089	0.0373788	0.645571
0.155	0.512089	0.0379029	0.0894007
0.155	0.512089	0.038411	0
0.155	0.55423	0	0
0.155	0.55423	0.00437668	32.5898
0.155	0.55423	0.00784045	35.9586
0.155	0.55423	0.0107072	35.8023
0.155	0.55423	0.0131528	34.5931
0.155	0.55423	0.0152853	33.1425
0.155	0.55423	0.0171758	43.8063
0.155	0.55423	0.0188737	37.4175
0.155	0.55423	0.0204146	33.0373
0.155	0.55423	0.0218252	29.81
0.155	0.55423	0.0231257	27.2554
0.155	0.55423	0.0243322	33.3056
0.155	0.55423	0.0254572	35.2065
0.155	0.55423	0.0265111	37.1289
0.155	0.55423	0.0275024	39.3609
0.155	0.55423	0.0284381	37.9093
0.155	0.55423	0.029324	35.6673
0.155	0.55423	0.0301653	34.7921
0.155	0.55423	0.0309662	33.6092
0.155	0.55423	0.0317304	30.5128
0.155	0.55423	0.0324611	26.6808
0.155	0.55423	0.0331611	24.5705
0.155	0.55423	0.0338329	21.0025
0.155	0.55423	0.0344788	16.8077
0.155	0.55423	0.0351005	12.8644
0.155	0.55423	0.0356999	8.59494
0.155	0.55423	0.0362785	4.99339
0.155	0.55423	0.0368377	2.38218
0.155	0.55423	0.0373788	0.821184
0.155	0.55423	0.0379029	0.122545
0.155	0.55423	0.038411	0
0.155	0.593693	0	0
0.155	0.593693	0.00437668	32.9748
0.155	0.593693	0.00784045	36.537
0.155	0.593693	0.0107072	36.334
0.155	0.593693	0.0131528	34.7974
0.155	0.593693	0.0152853	33.0942
0.155	0.593693	0.0171758	44.094
0.155	0.593693	0.0188737	37.3126
0.155	0.593693	0.0204146	32.7171
0.155	0.593693	0.0218252	29.533
0.155	0.593693	0.0231257	27.2558
0.155	0.593693	0.0243322	33.1782
0.155	0.593693	0.0254572	35.2408
0.155	0.593693	0.0265111	37.6109
0.155	0.593693	0.0275024	40.2553
0.155	0.593693	0.0284381	39.3665
0.155	0.593693	0.029324	37.5827
0.155	0.593693	0.0301653	37.118
0.155	0.593693	0.0309662	36.5457
0.155	0.593693	0.0317304	33.6909
0.155	0.593693	0.0324611	29.8984
0.155	0.593693	0.0331611	28.1376
0.155	0.593693	0.0338329	24.4787
0.155	0.593693	0.0344788	19.7807
0.155	0.593693	0.0351005	15.2832
0.155	0.593693	0.0356999	10.2283
0.155	0.593693	0.0362785	5.95734
0.155	0.593693	0.0368377	2.84541
0.155	0.593693	0.0373788	0.997711
0.155	0.593693	0.0379029	0.158543
0.155	0.593693	0.038411	0
0.155	0.630798	0	0
0.155	0.630798	0.00437668	33.3391
0.155	0.630798	0.00784045	37.0975
0.155	0.630798	0.0107072	36.8668
0.155	0.630798	0.0131528	35.0756
0.155	0.630798	0.0152853	33.147
0.155	0.630798	0.0171758	44.4381
0.155	0.630798	0.0188737	37.2394
0.155	0.630798	0.0204146	32.4156
0.155	0.630798	0.0218252	29.2274
0.155	0.630798	0.0231257	27.0424
0.155	0.630798	0.0243322	33.1327
0.155	0.630798	0.0254572	35.0036
0.155	0.630798	0.0265111	37.7931
0.155	0.630798	0.0275024	40.8356
0.155	0.630798	0.0284381	40.4031
0.155	0.630798	0.029324	39.2354
0.155	0.630798	0.0301653	39.3199
0.155	0.630798	0.0309662	39.2914
0.155	0.630798	0.0317304	36.8534
0.155	0.630798	0.0324611	33.072
0.155	0.630798	0.0331611	31.7977
0.155	0.630798	0.0338329	28.147
0.155	0.630798	0.0344788	23.0483
0.155	0.630798	0.0351005	17.9098
0.155	0.630798	0.0356999	11.9783
0.155	0.630798	0.0362785	6.96678
0.155	0.630798	0.0368377	3.31323
0.155	0.630798	0.0373788	1.14414
0.155	0.630798	0.0379029	0.174135
0.155	0.630798	0.038411	0
0.155	0.665812	0	0
0.155	0.665812	0.00437668	33.6924
0.155	0.665812	0.00784045	37.6494
0.155	0.665812	0.0107072	37.3808
0.155	0.665812	0.0131528	35.4358
0.155	0.665812	0.0152853	33.179
0.155	0.665812	0.0171758	44.6833
0.155	0.665812	0.0188737	37.0682
0.155	0.665812	0.0204146	32.1008
0.155	0.665812	0.0218252	28.7966
0.155	0.665812	0.0231257	26.646
0.155	0.665812	0.0243322	33.1213
0.155	0.665812	0.0254572	34.6814
0.155	0.665812	0.0265111	37.5902
0.155	0.665812	0.0275024	41.2849
0.155	0.665812	0.0284381	41.0825
0.155	0.665812	0.029324	40.4734
0.155	0.665812	0.0301653	41.343
0.155	0.665812	0.0309662	41.8678
0.155	0.665812	0.0317304	39.8504
0.155	0.665812	0.0324611	36.3261
0.155	0.665812	0.0331611	35.4552
0.155	0.665812	0.0338329	31.9534
0.155	0.665812	0.0344788	26.5096
0.155	0.665812	0.0351005	20.7328
0.155	0.665812	0.0356999	13.884
0.155	0.665812	0.0362785	8.03265
0.155	0.665812	0.0368377	3.82079
0.155	0.665812	0.0373788	1.3037
0.155	0.665812	0.0379029	0.187471
0.155	0.665812	0.038411	0
0.155	0.698958	0	0
0.155	0.698958	0.00437668	34.0256
0.155	0.698958	0.00784045	38.1935
0.155	0.698958	0.0107072	37.9126
0.155	0.698958	0.0131528	35.7734
0.155	0.698958	0.0152853	33.1598
0.155	0.698958	0.0171758	44.872
0.155	0.698958	0.0188737	37.0081
0.155	0.698958	0.0204146	31.7906
0.155	0.698958	0.0218252	28.3587
0.155	0.698958	0.0231257	26.2459
0.155	0.698958	0.0243322	32.8799
0.155	0.698958	0.0254572	34.5262
0.155	0.698958	0.0265111	37.2831
0.155	0.698958	0.0275024	41.2604
0.155	0.698958	0.0284381	41.5755
0.155	0.698958	0.029324	41.2885
0.155	0.698958	0.0301653	42.9961
0.155	0.698958	0.0309662	44.3124
0.155	0.698958	0.0317304	42.6576
0.155	0.698958	0.0324611	39.4653
0.155	0.698958	0.0331611	39.1881
0.155	0.698958	0.0338329	35.8188
0.155	0.698958	0.0344788	30.1311
0.155	0.698958	0.0351005	23.7504
0.155	0.698958	0.0356999	16.0161
0.155	0.698958	0.0362785	9.24634
0.155	0.698958	0.0368377	4.40084
0.155	0.698958	0.0373788	1.50977
0.155	0.698958	0.0379029	0.224752
0.155	0.698958	0.038411	0
0.155	0.730425	0	0
0.155	0.730425	0.00437668	34.3421
0.155	0.730425	0.00784045	38.6934
0.155	0.730425	0.0107072	38.4404
0.155	0.730425	0.0131528	36.1345
0.155	0.730425	0.0152853	33.2581
0.155	0.730425	0.0171758	45.206
0.155	0.730425	0.0188737	36.8975
0.155	0.730425	0.0204146	31.4091
0.155	0.730425	0.0218252	27.9362
0.155	0.730425	0.0231257	25.7169
0.155	0.730425	0.0243322	32.4212
0.155	0.730425	0.0254572	34.1658
0.155	0.730425	0.0265111	36.8504
0.155	0.730425	0.0275024	41.0469
0.155	0.730425	0.0284381	41.7074
0.155	0.730425	0.029324	41.8452
0.155	0.730425	0.0301653	44.211
0.155	0.730425	0.0309662	46.5329
0.155	0.730425	0.0317304	45.3821
0.155	0.730425	0.0324611	42.4984
0.155	0.730425	0.0331611	42.9544
0.155	0.730425	0.0338329	39.6948
0.155	0.730425	0.0344788	33.8118
0.155	0.730425	0.0351005	27.0303
0.155	0.730425	0.0356999	18.3113
0.155	0.730425	0.0362785	10.6151
0.155	0.730425	0.0368377	5.03188
0.155	0.730425	0.0373788	1.74282
0.155	0.730425	0.0379029	0.27165
0.155	0.730425	0.038411	0
0.155	0.760374	0	0
0.155	0.760374	0.00437668	34.6559
0.155	0.760374	0.00784045	39.1775
0.155	0.760374	0.0107072	38.9627
0.155	0.760374	0.0131528	36.4931
0.155	0.760374	0.0152853	33.4175
0.155	0.760374	0.0171758	45.4299
0.155	0.760374	0.0188737	36.6676
0.155	0.760374	0.0204146	31.0513
0.155	0.760374	0.0218252	27.5089
0.155	0.760374	0.0231257	25.2255
0.155	0.760374	0.0243322	32.0565
0.155	0.760374	0.0254572	33.5052
0.155	0.760374	0.0265111	36.5261
0.155	0.760374	0.0275024	40.6739
0.155	0.760374	0.0284381	41.4642
0.155	0.760374	0.029324	42.1206
0.155	0.760374	0.0301653	45.0032
0.155	0.760374	0.0309662	48.3124
0.155	0.760374	0.0317304	47.9632
0.155	0.760374	0.0324611	45.3753
0.155	0.760374	0.0331611	46.6798
0.155	0.760374	0.0338329	43.6794
0.155	0.760374	0.0344788	37.5805
0.155	0.760374	0.0351005	30.4503
0.155	0.760374	0.0356999	20.7224
0.155	0.760374	0.0362785	12.0407
0.155	0.760374	0.0368377	5.68909
0.155	0.760374	0.0373788	1.96551
0.155	0.760374	0.0379029	0.297337
0.155	0.760374	0.038411	0
0.155	0.788947	0	0
0.155	0.788947	0.00437668	34.9552
0.155	0.788947	0.00784045	39.6546
0.155	0.788947	0.0107072	39.4661
0.155	0.788947	0.0131528	36.8608
0.155	0.788947	0.0152853	33.5523
0.155	0.788947	0.0171758	45.6098
0.155	0.788947	0.0188737	36.5469
0.155	0.788947	0.0204146	30.7315
0.155	0.788947	0.0218252	27.0249
0.155	0.788947	0.0231257	24.7405
0.155	0.788947	0.0243322	31.5411
0.155	0.788947	0.0254572	32.7204
0.155	0.788947	0.0265111	35.8112
0.155	0.788947	0.0275024	40.3259
0.155	0.788947	0.0284381	41.2387
0.155	0.788947	0.029324	41.9662
0.155	0.788947	0.0301653	45.5911
0.155	0.788947	0.0309662	49.6121
0.155	0.788947	0.0317304	50.2006
0.155	0.788947	0.0324611	48.1402
0.155	0.788947	0.0331611	50.3099
0.155	0.788947	0.0338329	47.6344
0.155	0.788947	0.0344788	41.4504
0.155	0.788947	0.0351005	33.882
0.155	0.788947	0.0356999	23.3305
0.155	0.788947	0.0362785	13.5797
0.155	0.788947	0.0368377	6.42622
0.155	0.788947	0.0373788	2.20652
0.155	0.788947	0.0379029	0.330421
0.155	0.788947	0.038411	0
0.155	0.816262	0	0
0.155	0.816262	0.00437668	35.2343
0.155	0.816262	0.00784045	40.1107
0.155	0.816262	0.0107072	39.9659
0.155	0.816262	0.0131528	37.2786
0.155	0.816262	0.0152853	33.7383
0.155	0.816262	0.0171758	45.8773
0.155	0.816262	0.0188737	36.4268
0.155	0.816262	0.0204146	30.2702
0.155	0.816262	0.0218252	26.5475
0.155	0.816262	0.0231257	24.2137
0.155	0.816262	0.0243322	31.1041
0.155	0.816262	0.0254572	32.0872
0.155	0.816262	0.0265111	34.7165
0.155	0.816262	0.0275024	39.7326
0.155	0.816262	0.0284381	40.677
0.155	0.816262	0.029324	41.8582
0.155	0.816262	0.0301653	45.7034
0.155	0.816262	0.0309662	50.6718
0.155	0.816262	0.0317304	51.9637
0.155	0.816262	0.0324611	50.7063
0.155	0.816262	0.0331611	53.8413
0.155	0.816262	0.0338329	51.6704
0.155	0.816262	0.0344788	45.4381
0.155	0.816262	0.0351005	37.3185
0.155	0.816262	0.0356999	26.0133
0.155	0.816262	0.0362785	15.2728
0.155	0.816262	0.0368377	7.25149
0.155	0.816262	0.0373788	2.47412
0.155	0.816262	0.0379029	0.375714
0.155	0.816262	0.038411	0
0.155	0.842428	0	0
0.155	0.842428	0.00437668	35.507
0.155	0.842428	0.00784045	40.5522
0.155	0.842428	0.0107072	40.4405
0.155	0.842428	0.0131528	37.7121
0.155	0.842428	0.0152853	33.9161
0.155	0.842428	0.0171758	46.1536
0.155	0.842428	0.0188737	36.2151
0.155	0.842428	0.0204146	29.8369
0.155	0.842428	0.0218252	26.1202
0.155	0.842428	0.0231257	23.6188
0.155	0.842428	0.0243322	30.612
0.155	0.842428	0.0254572	31.1894
0.155	0.842428	0.0265111	33.9355
0.155	0.842428	0.0275024	38.7423
0.155	0.842428	0.0284381	40.1615
0.155	0.842428	0.029324	41.3723
0.155	0.842428	0.0301653	45.7919
0.155	0.842428	0.0309662	51.2106
0.155	0.842428	0.0317304	53.3398
0.155	0.842428	0.0324611	52.8614
0.155	0.842428	0.0331611	57.2501
0.155	0.842428	0.0338329	55.575
0.155	0.842428	0.0344788	49.3909
0.155	0.842428	0.0351005	40.8565
0.155	0.842428	0.0356999	28.7088
0.155	0.842428	0.0362785	16.9948
0.155	0.842428	0.0368377	8.11163
0.155	0.842428	0.0373788	2.76458
0.155	0.842428	0.0379029	0.418849
0.155	0.842428	0.038411	0
0.155	0.867536	0	0
0.155	0.867536	0.00437668	35.7651
0.155	0.867536	0.00784045	40.9661
0.155	0.867536	0.0107072	40.8948
0.155	0.867536	0.0131528	38.1359
0.155	0.867536	0.0152853	34.1361
0.155	0.867536	0.0171758	46.3941
0.155	0.867536	0.0188737	36.0971
0.155	0.867536	0.0204146	29.4793
0.155	0.867536	0.0218252	25.5377
0.155	0.867536	0.0231257	23.091
0.155	0.867536	0.0243322	30.0367
0.155	0.867536	0.0254572	30.435
0.155	0.867536	0.0265111	32.9866
0.155	0.867536	0.0275024	37.6243
0.155	0.867536	0.0284381	39.2134
0.155	0.867536	0.029324	40.8191
0.155	0.867536	0.0301653	45.5384
0.155	0.867536	0.0309662	51.6218
0.155	0.867536	0.0317304	54.2801
0.155	0.867536	0.0324611	54.5361
0.155	0.867536	0.0331611	60.3667
0.155	0.867536	0.0338329	59.4335
0.155	0.867536	0.0344788	53.3321
0.155	0.867536	0.0351005	44.5066
0.155	0.867536	0.0356999	31.3839
0.155	0.867536	0.0362785	18.802
0.155	0.867536	0.0368377	9.03571
0.155	0.867536	0.0373788	3.0816
0.155	0.867536	0.0379029	0.458005
0.155	0.867536	0.038411	0
0.155	0.891668	0	0
0.155	0.891668	0.00437668	36.0243
0.155	0.891668	0.00784045	41.3721
0.155	0.891668	0.0107072	41.343
0.155	0.891668	0.0131528	38.5645
0.155	0.891668	0.0152853	34.4065
0.155	0.891668	0.0171758	46.669
0.155	0.891668	0.0188737	36.0522
0.155	0.891668	0.0204146	28.9829
0.155	0.891668	0.0218252	24.9593
0.155	0.891668	0.0231257	22.5704
0.155	0.891668	0.0243322	29.4039
0.155	0.891668	0.0254572	29.5271
0.155	0.891668	0.0265111	31.835
0.155	0.891668	0.0275024	36.776
0.155	0.891668	0.0284381	37.9016
0.155	0.891668	0.029324	39.9555
0.155	0.891668	0.0301653	44.9136
0.155	0.891668	0.0309662	51.6739
0.155	0.891668	0.0317304	54.9029
0.155	0.891668	0.0324611	55.8673
0.155	0.891668	0.0331611	63.0635
0.155	0.891668	0.0338329	63.1101
0.155	0.891668	0.0344788	57.1995
0.155	0.891668	0.0351005	48.2946
0.155	0.891668	0.0356999	34.069
0.155	0.891668	0.0362785	20.5759
0.155	0.891668	0.0368377	9.97909
0.155	0.891668	0.0373788	3.4184
0.155	0.891668	0.0379029	0.49236
0.155	0.891668	0.038411	0
0.155	0.914898	0	0
0.155	0.914898	0.00437668	36.3013
0.155	0.914898	0.00784045	41.7788
0.155	0.914898	0.0107072	41.7847
0.155	0.914898	0.0131528	38.9636
0.155	0.914898	0.0152853	34.7101
0.155	0.914898	0.0171758	46.9048
0.155	0.914898	0.0188737	35.9426
0.155	0.914898	0.0204146	28.6022
0.155	0.914898	0.0218252	24.4749
0.155	0.914898	0.0231257	21.8714
0.155	0.914898	0.0243322	28.9053
0.155	0.914898	0.0254572	28.3237
0.155	0.914898	0.0265111	30.78
0.155	0.914898	0.0275024	35.4535
0.155	0.914898	0.0284381	36.7334
0.155	0.914898	0.029324	38.6485
0.155	0.914898	0.0301653	44.1169
0.155	0.914898	0.0309662	51.228
0.155	0.914898	0.0317304	55.233
0.155	0.914898	0.0324611	56.6516
0.155	0.914898	0.0331611	65.3423
0.155	0.914898	0.0338329	66.4344
0.155	0.914898	0.0344788	61.0089
0.155	0.914898	0.0351005	51.903
0.155	0.914898	0.0356999	36.8581
0.155	0.914898	0.0362785	22.296
0.155	0.914898	0.0368377	10.9877
0.155	0.914898	0.0373788	3.79051
0.155	0.914898	0.0379029	0.545348
0.155	0.914898	0.038411	0
0.155	0.937291	0	0
0.155	0.937291	0.00437668	36.5763
0.155	0.937291	0.00784045	42.1677
0.155	0.937291	0.0107072	42.2328
0.155	0.937291	0.0131528	39.3474
0.155	0.937291	0.0152853	34.9961
0.155	0.937291	0.0171758	47.1987
0.155	0.937291	0.0188737	35.9185
0.155	0.937291	0.0204146	28.3609
0.155	0.937291	0.0218252	23.8297
0.155	0.937291	0.0231257	21.2165
0.155	0.937291	0.0243322	28.2902
0.155	0.937291	0.0254572	27.3072
0.155	0.937291	0.0265111	29.369
0.155	0.937291	0.0275024	34.3991
0.155	0.937291	0.0284381	35.3405
0.155	0.937291	0.029324	37.3458
0.155	0.937291	0.0301653	42.8911
0.155	0.937291	0.0309662	50.3771
0.155	0.937291	0.0317304	54.9922
0.155	0.937291	0.0324611	57.1727
0.155	0.937291	0.0331611	67.0782
0.155	0.937291	0.0338329	69.375
0.155	0.937291	0.0344788	64.5195
0.155	0.937291	0.0351005	55.4088
0.155	0.937291	0.0356999	39.629
0.155	0.937291	0.0362785	24.0976
0.155	0.937291	0.0368377	12.0229
0.155	0.937291	0.0373788	4.24526
0.155	0.937291	0.0379029	0.629749
0.155	0.937291	0.038411	0
0.155	0.958905	0	0
0.155	0.958905	0.00437668	36.8533
0.155	0.958905	0.00784045	42.5576
0.155	0.958905	0.0107072	42.6728
0.155	0.958905	0.0131528	39.7139
0.155	0.958905	0.0152853	35.2628
0.155	0.958905	0.0171758	47.4707
0.155	0.958905	0.0188737	35.9069
0.155	0.958905	0.0204146	28.0286
0.155	0.958905	0.0218252	23.3904
0.155	0.958905	0.0231257	20.5632
0.155	0.958905	0.0243322	27.4414
0.155	0.958905	0.0254572	26.2344
0.155	0.958905	0.0265111	27.7228
0.155	0.958905	0.0275024	32.9371
0.155	0.958905	0.0284381	34.0396
0.155	0.958905	0.029324	35.6697
0.155	0.958905	0.0301653	41.7053
0.155	0.958905	0.0309662	49.3173
0.155	0.958905	0.0317304	54.2974
0.155	0.958905	0.0324611	57.1669
0.155	0.958905	0.0331611	68.4
0.155	0.958905	0.0338329	71.8521
0.155	0.958905	0.0344788	67.6932
0.155	0.958905	0.0351005	58.7501
0.155	0.958905	0.0356999	42.4174
0.155	0.958905	0.0362785	25.9976
0.155	0.958905	0.0368377	13.0913
0.155	0.958905	0.0373788	4.78746
0.155	0.958905	0.0379029	0.748482
0.155	0.958905	0.038411	0
0.155	0.979792	0	0
0.155	0.979792	0.00437668	37.1206
0.155	0.979792	0.00784045	42.9803
0.155	0.979792	0.0107072	43.1324
0.155	0.979792	0.0131528	40.0981
0.155	0.979792	0.0152853	35.569
0.155	0.979792	0.0171758	47.5946
0.155	0.979792	0.0188737	35.9485
0.155	0.979792	0.0204146	27.7577
0.155	0.979792	0.0218252	22.9542
0.155	0.979792	0.0231257	19.9569
0.155	0.979792	0.0243322	26.8203
0.155	0.979792	0.0254572	24.8941
0.155	0.979792	0.0265111	26.1558
0.155	0.979792	0.0275024	31.0469
0.155	0.979792	0.0284381	32.286
0.155	0.979792	0.029324	34.1675
0.155	0.979792	0.0301653	40.0854
0.155	0.979792	0.0309662	48.2112
0.155	0.979792	0.0317304	53.3121
0.155	0.979792	0.0324611	56.7371
0.155	0.979792	0.0331611	69.163
0.155	0.979792	0.0338329	73.6224
0.155	0.979792	0.0344788	70.4853
0.155	0.979792	0.0351005	61.8789
0.155	0.979792	0.0356999	45.0839
0.155	0.979792	0.0362785	27.9041
0.155	0.979792	0.0368377	14.2473
0.155	0.979792	0.0373788	5.4056
0.155	0.979792	0.0379029	0.89894
0.155	0.979792	0.038411	0
0.155	1	0	0
0.155	1	0.00437668	37.3987
0.155	1	0.00784045	43.4299
0.155	1	0.0107072	43.6638
0.155	1	0.0131528	40.5781
0.155	1	0.0152853	35.9186
0.155	1	0.0171758	47.7345
0.155	1	0.0188737	35.8986
0.155	1	0.0204146	27.6633
0.155	1	0.0218252	22.4268
0.155	1	0.0231257	19.4355
0.155	1	0.0243322	26.2856
0.155	1	0.0254572	23.5848
0.155	1	0.0265111	24.6919
0.155	1	0.0275024	29.2512
0.155	1	0.0284381	29.2582
0.155	1	0.029324	32.3655
0.155	1	0.0301653	38.2125
0.155	1	0.0309662	46.3084
0.155	1	0.0317304	52.4877
0.155	1	0.0324611	56.1862
0.155	1	0.0331611	69.1792
0.155	1	0.0338329	74.776
0.155	1	0.0344788	72.637
0.155	1	0.0351005	65.1028
0.155	1	0.0356999	47.3822
0.155	1	0.0362785	29.6862
0.155	1	0.0368377	15.5766
0.155	1	0.0373788	6.05782
0.155	1	0.0379029	1.06423
0.155	1	0.038411	0
