0.95	-1	0	0
0.95	-1	0.10649	296.436
0.95	-1	0.190767	691.705
0.95	-1	0.260518	328.439
0.95	-1	0.320022	140.951
0.95	-1	0.371908	52.7904
0.95	-1	0.417906	51.616
0.95	-1	0.459218	22.2708
0.95	-1	0.496711	11.0401
0.95	-1	0.531032	4.55956
0.95	-1	0.562675	1.62794
0.95	-1	0.592029	0.600433
0.95	-1	0.619402	0.126514
0.95	-1	0.645046	0.00978702
0.95	-1	0.669165	0.00090469
0.95	-1	0.69193	0
0.95	-1	0.713487	0
0.95	-1	0.733956	0
0.95	-1	0.753442	0
0.95	-1	0.772035	0
0.95	-1	0.789814	0
0.95	-1	0.806847	0
0.95	-1	0.823193	0
0.95	-1	0.838907	0
0.95	-1	0.854035	0
0.95	-1	0.868619	0
0.95	-1	0.882697	0
0.95	-1	0.896304	0
0.95	-1	0.909469	0
0.95	-1	0.92222	0
0.95	-1	0.934583	0
0.95	-0.634788	0	0
0.95	-0.634788	0.10649	265.018
0.95	-0.634788	0.190767	756.396
0.95	-0.634788	0.260518	758.879
0.95	-0.634788	0.320022	382.07
0.95	-0.634788	0.371908	206.827
0.95	-0.634788	0.417906	111.25
0.95	-0.634788	0.459218	83.5957
0.95	-0.634788	0.496711	44.7637
0.95	-0.634788	0.531032	22.3949
0.95	-0.634788	0.562675	11.1027
0.95	-0.634788	0.592029	5.12116
0.95	-0.634788	0.619402	1.97417
0.95	-0.634788	0.645046	0.668086
0.95	-0.634788	0.669165	0.184603
0.95	-0.634788	0.69193	0.041982
0.95	-0.634788	0.713487	0.00939757
0.95	-0.634788	0.733956	5.21117e-05
0.95	-0.634788	0.753442	0
0.95	-0.634788	0.772035	0
0.95	-0.634788	0.789814	0
0.95	-0.634788	0.806847	0
0.95	-0.634788	0.823193	0
0.95	-0.634788	0.838907	0
0.95	-0.634788	0.854035	0
0.95	-0.634788	0.868619	0
0.95	-0.634788	0.882697	0
0.95	-0.634788	0.896304	0
0.95	-0.634788	0.909469	0
0.95	-0.634788	0.92222	0
0.95	-0.634788	0.934583	0
0.95	-0.406307	0	0
0.95	-0.406307	0.10649	250.468
0.95	-0.406307	0.190767	762.47
0.95	-0.406307	0.260518	1064.48
0.95	-0.406307	0.320022	645.552
0.95	-0.406307	0.371908	376.517
0.95	-0.406307	0.417906	266.624
0.95	-0.406307	0.459218	135.747
0.95	-0.406307	0.496711	112.083
0.95	-0.406307	0.531032	63.7574
0.95	-0.406307	0.562675	32.1981
0.95	-0.406307	0.592029	17.2955
0.95	-0.406307	0.619402	8.33905
0.95	-0.406307	0.645046	3.79935
0.95	-0.406307	0.669165	1.69291
0.95	-0.406307	0.69193	0.602907
0.95	-0.406307	0.713487	0.130363
0.95	-0.406307	0.733956	0.00490831
0.95	-0.406307	0.753442	-1.61179e-07
0.95	-0.406307	0.772035	0
0.95	-0.406307	0.789814	0
0.95	-0.406307	0.806847	0
0.95	-0.406307	0.823193	0
0.95	-0.406307	0.838907	0
0.95	-0.406307	0.854035	0
0.95	-0.406307	0.868619	0
0.95	-0.406307	0.882697	0
0.95	-0.406307	0.896304	0
0.95	-0.406307	0.909469	0
0.95	-0.406307	0.92222	0
0.95	-0.406307	0.934583	0
0.95	-0.239626	0	0
0.95	-0.239626	0.10649	240.542
0.95	-0.239626	0.190767	754.292
0.95	-0.239626	0.260518	1189.53
0.95	-0.239626	0.320022	986.773
0.95	-0.239626	0.371908	564.168
0.95	-0.239626	0.417906	387.015
0.95	-0.239626	0.459218	283.393
0.95	-0.239626	0.496711	212.923
0.95	-0.239626	0.531032	133.76
0.95	-0.239626	0.562675	78.5443
0.95	-0.239626	0.592029	40.2935
0.95	-0.239626	0.619402	21.6239
0.95	-0.239626	0.645046	11.5068
0.95	-0.239626	0.669165	5.70637
0.95	-0.239626	0.69193	2.71127
0.95	-0.239626	0.713487	1.19059
0.95	-0.239626	0.733956	0.288523
0.95	-0.239626	0.753442	0.0184006
0.95	-0.239626	0.772035	3.76411e-05
0.95	-0.239626	0.789814	0
0.95	-0.239626	0.806847	0
0.95	-0.239626	0.823193	0
0.95	-0.239626	0.838907	0
0.95	-0.239626	0.854035	0
0.95	-0.239626	0.868619	0
0.95	-0.239626	0.882697	0
0.95	-0.239626	0.896304	0
0.95	-0.239626	0.909469	0
0.95	-0.239626	0.92222	0
0.95	-0.239626	0.934583	0
0.95	-0.108332	0	0
0.95	-0.108332	0.10649	233.113
0.95	-0.108332	0.190767	727.777
0.95	-0.108332	0.260518	1274.97
0.95	-0.108332	0.320022	1278.1
0.95	-0.108332	0.371908	804.348
0.95	-0.108332	0.417906	619.7
0.95	-0.108332	0.459218	405.712
0.95	-0.108332	0.496711	383.079
0.95	-0.108332	0.531032	212.027
0.95	-0.108332	0.562675	151.406
0.95	-0.108332	0.592029	88.2025
0.95	-0.108332	0.619402	45.8321
0.95	-0.108332	0.645046	26.4174
0.95	-0.108332	0.669165	14.4298
0.95	-0.108332	0.69193	7.69563
0.95	-0.108332	0.713487	3.69788
0.95	-0.108332	0.733956	1.61898
0.95	-0.108332	0.753442	0.624913
0.95	-0.108332	0.772035	0.114561
0.95	-0.108332	0.789814	0.000300075
0.95	-0.108332	0.806847	0
0.95	-0.108332	0.823193	0
0.95	-0.108332	0.838907	0
0.95	-0.108332	0.854035	0
0.95	-0.108332	0.868619	0
0.95	-0.108332	0.882697	0
0.95	-0.108332	0.896304	0
0.95	-0.108332	0.909469	0
0.95	-0.108332	0.92222	0
0.95	-0.108332	0.934583	0
0.95	-2e-20	0	0
0.95	-2e-20	0.10649	226.364
0.95	-2e-20	0.190767	691.891
0.95	-2e-20	0.260518	1319.29
0.95	-2e-20	0.320022	1555.07
0.95	-2e-20	0.371908	1126.16
0.95	-2e-20	0.417906	776.19
0.95	-2e-20	0.459218	628.48
0.95	-2e-20	0.496711	648.187
0.95	-2e-20	0.531032	313.264
0.95	-2e-20	0.562675	220.055
0.95	-2e-20	0.592029	163.14
0.95	-2e-20	0.619402	96.7325
0.95	-2e-20	0.645046	52.2891
0.95	-2e-20	0.669165	30.1075
0.95	-2e-20	0.69193	16.9563
0.95	-2e-20	0.713487	9.24966
0.95	-2e-20	0.733956	4.56145
0.95	-2e-20	0.753442	2.23968
0.95	-2e-20	0.772035	0.905341
0.95	-2e-20	0.789814	0.216738
0.95	-2e-20	0.806847	0.00806182
0.95	-2e-20	0.823193	0
0.95	-2e-20	0.838907	0
0.95	-2e-20	0.854035	0
0.95	-2e-20	0.868619	0
0.95	-2e-20	0.882697	0
0.95	-2e-20	0.896304	0
0.95	-2e-20	0.909469	0
0.95	-2e-20	0.92222	0
0.95	-2e-20	0.934583	0
0.95	0.0922185	0	0
0.95	0.0922185	0.10649	219.559
0.95	0.0922185	0.190767	656.707
0.95	0.0922185	0.260518	1329.22
0.95	0.0922185	0.320022	1728.58
0.95	0.0922185	0.371908	1450.99
0.95	0.0922185	0.417906	985.73
0.95	0.0922185	0.459218	820.75
0.95	0.0922185	0.496711	909.757
0.95	0.0922185	0.531032	583.563
0.95	0.0922185	0.562675	315.354
0.95	0.0922185	0.592029	236.051
0.95	0.0922185	0.619402	176.766
0.95	0.0922185	0.645046	105.829
0.95	0.0922185	0.669165	58.0867
0.95	0.0922185	0.69193	32.8402
0.95	0.0922185	0.713487	19.2931
0.95	0.0922185	0.733956	10.6232
0.95	0.0922185	0.753442	5.53322
0.95	0.0922185	0.772035	2.70857
0.95	0.0922185	0.789814	1.14346
0.95	0.0922185	0.806847	0.368553
0.95	0.0922185	0.823193	0.0483814
0.95	0.0922185	0.838907	1.99722e-05
0.95	0.0922185	0.854035	0
0.95	0.0922185	0.868619	0
0.95	0.0922185	0.882697	0
0.95	0.0922185	0.896304	0
0.95	0.0922185	0.909469	0
0.95	0.0922185	0.92222	0
0.95	0.0922185	0.934583	0
0.95	0.172502	0	0
0.95	0.172502	0.10649	212.916
0.95	0.172502	0.190767	622.003
0.95	0.172502	0.260518	1314.5
0.95	0.172502	0.320022	1870.34
0.95	0.172502	0.371908	1795.84
0.95	0.172502	0.417906	1295.16
0.95	0.172502	0.459218	1011.84
0.95	0.172502	0.496711	1138.32
0.95	0.172502	0.531032	822.569
0.95	0.172502	0.562675	488.674
0.95	0.172502	0.592029	322.272
0.95	0.172502	0.619402	256.964
0.95	0.172502	0.645046	190.963
0.95	0.172502	0.669165	113.874
0.95	0.172502	0.69193	62.5918
0.95	0.172502	0.713487	36.1709
0.95	0.172502	0.733956	21.2588
0.95	0.172502	0.753442	11.8443
0.95	0.172502	0.772035	6.48416
0.95	0.172502	0.789814	3.0658
0.95	0.172502	0.806847	1.38721
0.95	0.172502	0.823193	0.459983
0.95	0.172502	0.838907	0.0680013
0.95	0.172502	0.854035	0.000231623
0.95	0.172502	0.868619	0
0.95	0.172502	0.882697	0
0.95	0.172502	0.896304	0
0.95	0.172502	0.909469	0
0.95	0.172502	0.92222	0
0.95	0.172502	0.934583	0
0.95	0.243589	0	0
0.95	0.243589	0.10649	206.053
0.95	0.243589	0.190767	586.987
0.95	0.243589	0.260518	1284.3
0.95	0.243589	0.320022	1965.31
0.95	0.243589	0.371908	2115.88
0.95	0.243589	0.417906	1624.88
0.95	0.243589	0.459218	1212.14
0.95	0.243589	0.496711	1297.45
0.95	0.243589	0.531032	1048.62
0.95	0.243589	0.562675	747.254
0.95	0.243589	0.592029	443.32
0.95	0.243589	0.619402	335.903
0.95	0.243589	0.645046	279.59
0.95	0.243589	0.669165	200.96
0.95	0.243589	0.69193	121.691
0.95	0.243589	0.713487	67.594
0.95	0.243589	0.733956	38.714
0.95	0.243589	0.753442	23.1219
0.95	0.243589	0.772035	13.0943
0.95	0.243589	0.789814	7.11064
0.95	0.243589	0.806847	3.57954
0.95	0.243589	0.823193	1.5917
0.95	0.243589	0.838907	0.53422
0.95	0.243589	0.854035	0.10438
0.95	0.243589	0.868619	0.000786216
0.95	0.243589	0.882697	0
0.95	0.243589	0.896304	0
0.95	0.243589	0.909469	0
0.95	0.243589	0.92222	0
0.95	0.243589	0.934583	0
0.95	0.307372	0	0
0.95	0.307372	0.10649	199.058
0.95	0.307372	0.190767	553.52
0.95	0.307372	0.260518	1238.19
0.95	0.307372	0.320022	2019.36
0.95	0.307372	0.371908	2371.06
0.95	0.307372	0.417906	1965.76
0.95	0.307372	0.459218	1516.14
0.95	0.307372	0.496711	1526.44
0.95	0.307372	0.531032	1256.14
0.95	0.307372	0.562675	1019.65
0.95	0.307372	0.592029	688.018
0.95	0.307372	0.619402	426.769
0.95	0.307372	0.645046	358.201
0.95	0.307372	0.669165	297.96
0.95	0.307372	0.69193	215.81
0.95	0.307372	0.713487	131.206
0.95	0.307372	0.733956	72.0666
0.95	0.307372	0.753442	42.2809
0.95	0.307372	0.772035	24.6281
0.95	0.307372	0.789814	14.238
0.95	0.307372	0.806847	7.6773
0.95	0.307372	0.823193	4.00711
0.95	0.307372	0.838907	1.6912
0.95	0.307372	0.854035	0.593742
0.95	0.307372	0.868619	0.114419
0.95	0.307372	0.882697	0.000595891
0.95	0.307372	0.896304	0
0.95	0.307372	0.909469	0
0.95	0.307372	0.92222	0
0.95	0.307372	0.934583	0
0.95	0.365212	0	0
0.95	0.365212	0.10649	191.841
0.95	0.365212	0.190767	523.145
0.95	0.365212	0.260518	1176.06
0.95	0.365212	0.320022	2035.04
0.95	0.365212	0.371908	2591.12
0.95	0.365212	0.417906	2393.25
0.95	0.365212	0.459218	1876.28
0.95	0.365212	0.496711	1704.4
0.95	0.365212	0.531032	1470.22
0.95	0.365212	0.562675	1213.82
0.95	0.365212	0.592029	956.91
0.95	0.365212	0.619402	669.622
0.95	0.365212	0.645046	481.582
0.95	0.365212	0.669165	390.59
0.95	0.365212	0.69193	334.212
0.95	0.365212	0.713487	234.046
0.95	0.365212	0.733956	139.843
0.95	0.365212	0.753442	77.5715
0.95	0.365212	0.772035	45.0892
0.95	0.365212	0.789814	26.2088
0.95	0.365212	0.806847	14.9194
0.95	0.365212	0.823193	8.20252
0.95	0.365212	0.838907	4.26642
0.95	0.365212	0.854035	1.87387
0.95	0.365212	0.868619	0.58121
0.95	0.365212	0.882697	0.0909245
0.95	0.365212	0.896304	0.000151816
0.95	0.365212	0.909469	0
0.95	0.365212	0.92222	0
0.95	0.365212	0.934583	0
0.95	0.418124	0	0
0.95	0.418124	0.10649	184.47
0.95	0.418124	0.190767	496.011
0.95	0.418124	0.260518	1108.28
0.95	0.418124	0.320022	2018.33
0.95	0.418124	0.371908	2756.15
0.95	0.418124	0.417906	2770.66
0.95	0.418124	0.459218	2196.85
0.95	0.418124	0.496711	1952.24
0.95	0.418124	0.531032	1685.81
0.95	0.418124	0.562675	1428.93
0.95	0.418124	0.592029	1164.61
0.95	0.418124	0.619402	973.085
0.95	0.418124	0.645046	732.808
0.95	0.418124	0.669165	541.318
0.95	0.418124	0.69193	464.182
0.95	0.418124	0.713487	372.529
0.95	0.418124	0.733956	252.266
0.95	0.418124	0.753442	149.58
0.95	0.418124	0.772035	81.7721
0.95	0.418124	0.789814	47.0563
0.95	0.418124	0.806847	26.9792
0.95	0.418124	0.823193	15.393
0.95	0.418124	0.838907	8.48804
0.95	0.418124	0.854035	4.48342
0.95	0.418124	0.868619	1.83148
0.95	0.418124	0.882697	0.486312
0.95	0.418124	0.896304	0.054009
0.95	0.418124	0.909469	1.88844e-05
0.95	0.418124	0.92222	0
0.95	0.418124	0.934583	0
0.95	0.466881	0	0
0.95	0.466881	0.10649	177.058
0.95	0.466881	0.190767	472.066
0.95	0.466881	0.260518	1039.08
0.95	0.466881	0.320022	1982.3
0.95	0.466881	0.371908	2870.21
0.95	0.466881	0.417906	3114.7
0.95	0.466881	0.459218	2631.89
0.95	0.466881	0.496711	2251.3
0.95	0.466881	0.531032	1942.33
0.95	0.466881	0.562675	1659.22
0.95	0.466881	0.592029	1450.18
0.95	0.466881	0.619402	1302.6
0.95	0.466881	0.645046	1056.27
0.95	0.466881	0.669165	793.013
0.95	0.466881	0.69193	648.457
0.95	0.466881	0.713487	537.344
0.95	0.466881	0.733956	406.663
0.95	0.466881	0.753442	272.326
0.95	0.466881	0.772035	157.339
0.95	0.466881	0.789814	84.4164
0.95	0.466881	0.806847	48.5728
0.95	0.466881	0.823193	27.2833
0.95	0.466881	0.838907	15.4418
0.95	0.466881	0.854035	8.73722
0.95	0.466881	0.868619	4.4458
0.95	0.466881	0.882697	1.72409
0.95	0.466881	0.896304	0.401255
0.95	0.466881	0.909469	0.0206142
0.95	0.466881	0.92222	0
0.95	0.466881	0.934583	0
0.95	0.512089	0	0
0.95	0.512089	0.10649	169.521
0.95	0.512089	0.190767	449.777
0.95	0.512089	0.260518	971.285
0.95	0.512089	0.320022	1922.44
0.95	0.512089	0.371908	2933.3
0.95	0.512089	0.417906	3417.78
0.95	0.512089	0.459218	3104.52
0.95	0.512089	0.496711	2517.96
0.95	0.512089	0.531032	2242.89
0.95	0.512089	0.562675	1889.52
0.95	0.512089	0.592029	1675.08
0.95	0.512089	0.619402	1568.67
0.95	0.512089	0.645046	1383.94
0.95	0.512089	0.669165	1192.63
0.95	0.512089	0.69193	930.275
0.95	0.512089	0.713487	758.003
0.95	0.512089	0.733956	595.956
0.95	0.512089	0.753442	439.568
0.95	0.512089	0.772035	288.185
0.95	0.512089	0.789814	163.111
0.95	0.512089	0.806847	84.8025
0.95	0.512089	0.823193	48.2474
0.95	0.512089	0.838907	27.0994
0.95	0.512089	0.854035	15.3728
0.95	0.512089	0.868619	8.6342
0.95	0.512089	0.882697	4.12629
0.95	0.512089	0.896304	1.4883
0.95	0.512089	0.909469	0.245216
0.95	0.512089	0.92222	0.00273475
0.95	0.512089	0.934583	0
0.95	0.55423	0	0
0.95	0.55423	0.10649	161.86
0.95	0.55423	0.190767	428.33
0.95	0.55423	0.260518	906.495
0.95	0.55423	0.320022	1838.79
0.95	0.55423	0.371908	2942.72
0.95	0.55423	0.417906	3660.11
0.95	0.55423	0.459218	3558.62
0.95	0.55423	0.496711	2920.51
0.95	0.55423	0.531032	2580.75
0.95	0.55423	0.562675	2178.65
0.95	0.55423	0.592029	1941.27
0.95	0.55423	0.619402	1820.76
0.95	0.55423	0.645046	1741.91
0.95	0.55423	0.669165	1609.22
0.95	0.55423	0.69193	1430.49
0.95	0.55423	0.713487	1089.79
0.95	0.55423	0.733956	855.181
0.95	0.55423	0.753442	647.367
0.95	0.55423	0.772035	464.576
0.95	0.55423	0.789814	298.549
0.95	0.55423	0.806847	164.529
0.95	0.55423	0.823193	83.9176
0.95	0.55423	0.838907	46.9901
0.95	0.55423	0.854035	26.4642
0.95	0.55423	0.868619	14.5212
0.95	0.55423	0.882697	7.80061
0.95	0.55423	0.896304	3.56484
0.95	0.55423	0.909469	1.08275
0.95	0.55423	0.92222	0.105645
0.95	0.55423	0.934583	0
0.95	0.593693	0	0
0.95	0.593693	0.10649	154.145
0.95	0.593693	0.190767	407.628
0.95	0.593693	0.260518	843.06
0.95	0.593693	0.320022	1740.81
0.95	0.593693	0.371908	2915.68
0.95	0.593693	0.417906	3843.32
0.95	0.593693	0.459218	4000.82
0.95	0.593693	0.496711	3432.59
0.95	0.593693	0.531032	2866.04
0.95	0.593693	0.562675	2569.05
0.95	0.593693	0.592029	2233.6
0.95	0.593693	0.619402	2141.74
0.95	0.593693	0.645046	2086.26
0.95	0.593693	0.669165	2010.62
0.95	0.593693	0.69193	1942.13
0.95	0.593693	0.713487	1690.3
0.95	0.593693	0.733956	1219.21
0.95	0.593693	0.753442	936.094
0.95	0.593693	0.772035	690.622
0.95	0.593693	0.789814	486.07
0.95	0.593693	0.806847	305.234
0.95	0.593693	0.823193	163.281
0.95	0.593693	0.838907	81.0438
0.95	0.593693	0.854035	44.655
0.95	0.593693	0.868619	23.8234
0.95	0.593693	0.882697	12.2789
0.95	0.593693	0.896304	6.08998
0.95	0.593693	0.909469	2.21887
0.95	0.593693	0.92222	0.335248
0.95	0.593693	0.934583	0
0.95	0.630798	0	0
0.95	0.630798	0.10649	146.339
0.95	0.630798	0.190767	387.483
0.95	0.630798	0.260518	784.15
0.95	0.630798	0.320022	1632.44
0.95	0.630798	0.371908	2853.96
0.95	0.630798	0.417906	3960.98
0.95	0.630798	0.459218	4388.29
0.95	0.630798	0.496711	3969.71
0.95	0.630798	0.531032	3291.76
0.95	0.630798	0.562675	2909.74
0.95	0.630798	0.592029	2558.83
0.95	0.630798	0.619402	2428.71
0.95	0.630798	0.645046	2422.29
0.95	0.630798	0.669165	2410.96
0.95	0.630798	0.69193	2521.01
0.95	0.630798	0.713487	2337.43
0.95	0.630798	0.733956	1920.91
0.95	0.630798	0.753442	1347.11
0.95	0.630798	0.772035	998.291
0.95	0.630798	0.789814	738.685
0.95	0.630798	0.806847	511.627
0.95	0.630798	0.823193	312.444
0.95	0.630798	0.838907	157.043
0.95	0.630798	0.854035	75.2339
0.95	0.630798	0.868619	39.1145
0.95	0.630798	0.882697	19.0608
0.95	0.630798	0.896304	8.62253
0.95	0.630798	0.909469	3.02109
0.95	0.630798	0.92222	0.409316
0.95	0.630798	0.934583	0
0.95	0.665812	0	0
0.95	0.665812	0.10649	138.422
0.95	0.665812	0.190767	367.878
0.95	0.665812	0.260518	729.009
0.95	0.665812	0.320022	1517.89
0.95	0.665812	0.371908	2755.94
0.95	0.665812	0.417906	4001.37
0.95	0.665812	0.459218	4705.92
0.95	0.665812	0.496711	4528.98
0.95	0.665812	0.531032	3825.32
0.95	0.665812	0.562675	3249.02
0.95	0.665812	0.592029	2977.85
0.95	0.665812	0.619402	2756.76
0.95	0.665812	0.645046	2774.47
0.95	0.665812	0.669165	2818.98
0.95	0.665812	0.69193	3015.25
0.95	0.665812	0.713487	2996.85
0.95	0.665812	0.733956	2671.02
0.95	0.665812	0.753442	2107.89
0.95	0.665812	0.772035	1449.82
0.95	0.665812	0.789814	1070.91
0.95	0.665812	0.806847	796.14
0.95	0.665812	0.823193	541.681
0.95	0.665812	0.838907	308.671
0.95	0.665812	0.854035	148.964
0.95	0.665812	0.868619	65.4718
0.95	0.665812	0.882697	31.285
0.95	0.665812	0.896304	13.0181
0.95	0.665812	0.909469	3.75531
0.95	0.665812	0.92222	0.478707
0.95	0.665812	0.934583	0
0.95	0.698958	0	0
0.95	0.698958	0.10649	130.407
0.95	0.698958	0.190767	349.029
0.95	0.698958	0.260518	678.067
0.95	0.698958	0.320022	1402.17
0.95	0.698958	0.371908	2629.99
0.95	0.698958	0.417906	3990.92
0.95	0.698958	0.459218	4955.04
0.95	0.698958	0.496711	5056.23
0.95	0.698958	0.531032	4424.47
0.95	0.698958	0.562675	3727.63
0.95	0.698958	0.592029	3297.07
0.95	0.698958	0.619402	3159.33
0.95	0.698958	0.645046	3107.54
0.95	0.698958	0.669165	3184.74
0.95	0.698958	0.69193	3516.17
0.95	0.698958	0.713487	3695.01
0.95	0.698958	0.733956	3438.6
0.95	0.698958	0.753442	2958.64
0.95	0.698958	0.772035	2223.61
0.95	0.698958	0.789814	1559.87
0.95	0.698958	0.806847	1160.1
0.95	0.698958	0.823193	857.365
0.95	0.698958	0.838907	549.602
0.95	0.698958	0.854035	300.121
0.95	0.698958	0.868619	133.655
0.95	0.698958	0.882697	53.0957
0.95	0.698958	0.896304	21.9553
0.95	0.698958	0.909469	6.16052
0.95	0.698958	0.92222	0.596556
0.95	0.698958	0.934583	0
0.95	0.730425	0	0
0.95	0.730425	0.10649	122.29
0.95	0.730425	0.190767	330.329
0.95	0.730425	0.260518	629.961
0.95	0.730425	0.320022	1290.55
0.95	0.730425	0.371908	2485.32
0.95	0.730425	0.417906	3924.24
0.95	0.730425	0.459218	5096.18
0.95	0.730425	0.496711	5521.74
0.95	0.730425	0.531032	5084.17
0.95	0.730425	0.562675	4273.84
0.95	0.730425	0.592029	3704.14
0.95	0.730425	0.619402	3492.15
0.95	0.730425	0.645046	3467
0.95	0.730425	0.669165	3571.94
0.95	0.730425	0.69193	3994.51
0.95	0.730425	0.713487	4253.08
0.95	0.730425	0.733956	4247.86
0.95	0.730425	0.753442	3868.33
0.95	0.730425	0.772035	3199.25
0.95	0.730425	0.789814	2357.79
0.95	0.730425	0.806847	1690.03
0.95	0.730425	0.823193	1257.45
0.95	0.730425	0.838907	888.491
0.95	0.730425	0.854035	550.222
0.95	0.730425	0.868619	277.688
0.95	0.730425	0.882697	110.109
0.95	0.730425	0.896304	38.2324
0.95	0.730425	0.909469	12.2821
0.95	0.730425	0.92222	1.80281
0.95	0.730425	0.934583	0
0.95	0.760374	0	0
0.95	0.760374	0.10649	114.161
0.95	0.760374	0.190767	311.043
0.95	0.760374	0.260518	584.667
0.95	0.760374	0.320022	1185.03
0.95	0.760374	0.371908	2318.89
0.95	0.760374	0.417906	3797.76
0.95	0.760374	0.459218	5153.65
0.95	0.760374	0.496711	5897.31
0.95	0.760374	0.531032	5739.91
0.95	0.760374	0.562675	4926.08
0.95	0.760374	0.592029	4198.89
0.95	0.760374	0.619402	3810.38
0.95	0.760374	0.645046	3796.03
0.95	0.760374	0.669165	3948.76
0.95	0.760374	0.69193	4452.81
0.95	0.760374	0.713487	4837.55
0.95	0.760374	0.733956	4934.79
0.95	0.760374	0.753442	4746.39
0.95	0.760374	0.772035	4355.61
0.95	0.760374	0.789814	3464.94
0.95	0.760374	0.806847	2540.52
0.95	0.760374	0.823193	1830.43
0.95	0.760374	0.838907	1326.01
0.95	0.760374	0.854035	933.303
0.95	0.760374	0.868619	523.822
0.95	0.760374	0.882697	236.859
0.95	0.760374	0.896304	75.1238
0.95	0.760374	0.909469	19.7271
0.95	0.760374	0.92222	2.96714
0.95	0.760374	0.934583	0
0.95	0.788947	0	0
0.95	0.788947	0.10649	105.96
0.95	0.788947	0.190767	291.068
0.95	0.788947	0.260518	543.666
0.95	0.788947	0.320022	1087.06
0.95	0.788947	0.371908	2136.79
0.95	0.788947	0.417906	3632.34
0.95	0.788947	0.459218	5121.43
0.95	0.788947	0.496711	6141.9
0.95	0.788947	0.531032	6338.73
0.95	0.788947	0.562675	5642.63
0.95	0.788947	0.592029	4783.15
0.95	0.788947	0.619402	4229.67
0.95	0.788947	0.645046	4040.16
0.95	0.788947	0.669165	4257.29
0.95	0.788947	0.69193	4940.74
0.95	0.788947	0.713487	5361.59
0.95	0.788947	0.733956	5543.76
0.95	0.788947	0.753442	5561.33
0.95	0.788947	0.772035	5508.66
0.95	0.788947	0.789814	4910.35
0.95	0.788947	0.806847	3794.2
0.95	0.788947	0.823193	2722.74
0.95	0.788947	0.838907	1928.47
0.95	0.788947	0.854035	1507.61
0.95	0.788947	0.868619	894.286
0.95	0.788947	0.882697	468.08
0.95	0.788947	0.896304	173.086
0.95	0.788947	0.909469	35.9158
0.95	0.788947	0.92222	4.0621
0.95	0.788947	0.934583	0
0.95	0.816262	0	0
0.95	0.816262	0.10649	97.6634
0.95	0.816262	0.190767	270.473
0.95	0.816262	0.260518	505.05
0.95	0.816262	0.320022	994.962
0.95	0.816262	0.371908	1953.42
0.95	0.816262	0.417906	3422.41
0.95	0.816262	0.459218	4990.96
0.95	0.816262	0.496711	6273.21
0.95	0.816262	0.531032	6822.18
0.95	0.816262	0.562675	6379.76
0.95	0.816262	0.592029	5456.56
0.95	0.816262	0.619402	4702.55
0.95	0.816262	0.645046	4379.98
0.95	0.816262	0.669165	4432.06
0.95	0.816262	0.69193	5292.97
0.95	0.816262	0.713487	5941.79
0.95	0.816262	0.733956	6125.15
0.95	0.816262	0.753442	6209.3
0.95	0.816262	0.772035	6362.13
0.95	0.816262	0.789814	6437.06
0.95	0.816262	0.806847	5553.63
0.95	0.816262	0.823193	4109.89
0.95	0.816262	0.838907	2845.67
0.95	0.816262	0.854035	2365.33
0.95	0.816262	0.868619	1425.36
0.95	0.816262	0.882697	837.452
0.95	0.816262	0.896304	380.29
0.95	0.816262	0.909469	103.867
0.95	0.816262	0.92222	8.08571
0.95	0.816262	0.934583	0
0.95	0.842428	0	0
0.95	0.842428	0.10649	89.2953
0.95	0.842428	0.190767	249.342
0.95	0.842428	0.260518	467.117
0.95	0.842428	0.320022	908.67
0.95	0.842428	0.371908	1776.43
0.95	0.842428	0.417906	3165.47
0.95	0.842428	0.459218	4784.98
0.95	0.842428	0.496711	6257.54
0.95	0.842428	0.531032	7160.53
0.95	0.842428	0.562675	7060.46
0.95	0.842428	0.592029	6207.65
0.95	0.842428	0.619402	5266.65
0.95	0.842428	0.645046	4716
0.95	0.842428	0.669165	4640.49
0.95	0.842428	0.69193	5287.72
0.95	0.842428	0.713487	6361.29
0.95	0.842428	0.733956	6780.41
0.95	0.842428	0.753442	6871.41
0.95	0.842428	0.772035	6872.85
0.95	0.842428	0.789814	7370.6
0.95	0.842428	0.806847	7482.37
0.95	0.842428	0.823193	6125.38
0.95	0.842428	0.838907	4402.7
0.95	0.842428	0.854035	3584.55
0.95	0.842428	0.868619	2160.45
0.95	0.842428	0.882697	1376.76
0.95	0.842428	0.896304	725.823
0.95	0.842428	0.909469	273.384
0.95	0.842428	0.92222	44.6808
0.95	0.842428	0.934583	0
0.95	0.867536	0	0
0.95	0.867536	0.10649	80.8934
0.95	0.867536	0.190767	228.642
0.95	0.867536	0.260518	428.468
0.95	0.867536	0.320022	826.709
0.95	0.867536	0.371908	1610.38
0.95	0.867536	0.417906	2876.31
0.95	0.867536	0.459218	4492.73
0.95	0.867536	0.496711	6105.4
0.95	0.867536	0.531032	7326.64
0.95	0.867536	0.562675	7610.35
0.95	0.867536	0.592029	6969.28
0.95	0.867536	0.619402	5930.43
0.95	0.867536	0.645046	5141.03
0.95	0.867536	0.669165	4839.71
0.95	0.867536	0.69193	5305.78
0.95	0.867536	0.713487	6176.83
0.95	0.867536	0.733956	7233.57
0.95	0.867536	0.753442	7609.67
0.95	0.867536	0.772035	7426.16
0.95	0.867536	0.789814	7749
0.95	0.867536	0.806847	8485.69
0.95	0.867536	0.823193	8351.51
0.95	0.867536	0.838907	6755.26
0.95	0.867536	0.854035	5574.95
0.95	0.867536	0.868619	3223.26
0.95	0.867536	0.882697	2097.6
0.95	0.867536	0.896304	1201.21
0.95	0.867536	0.909469	517.328
0.95	0.867536	0.92222	102.8
0.95	0.867536	0.934583	0
0.95	0.891668	0	0
0.95	0.891668	0.10649	72.495
0.95	0.891668	0.190767	207.631
0.95	0.891668	0.260518	389.068
0.95	0.891668	0.320022	747.413
0.95	0.891668	0.371908	1446.28
0.95	0.891668	0.417906	2578.2
0.95	0.891668	0.459218	4113.2
0.95	0.891668	0.496711	5809.04
0.95	0.891668	0.531032	7285.99
0.95	0.891668	0.562675	7973.51
0.95	0.891668	0.592029	7654.52
0.95	0.891668	0.619402	6648.35
0.95	0.891668	0.645046	5669.67
0.95	0.891668	0.669165	5117.17
0.95	0.891668	0.69193	5294.82
0.95	0.891668	0.713487	6066.54
0.95	0.891668	0.733956	6923.93
0.95	0.891668	0.753442	8059.76
0.95	0.891668	0.772035	8306.48
0.95	0.891668	0.789814	8425.92
0.95	0.891668	0.806847	8894.62
0.95	0.891668	0.823193	9321.58
0.95	0.891668	0.838907	9277.8
0.95	0.891668	0.854035	8451.33
0.95	0.891668	0.868619	5168.36
0.95	0.891668	0.882697	3143.46
0.95	0.891668	0.896304	1811.34
0.95	0.891668	0.909469	818.419
0.95	0.891668	0.92222	151.204
0.95	0.891668	0.934583	0
0.95	0.914898	0	0
0.95	0.914898	0.10649	64.1004
0.95	0.914898	0.190767	186.242
0.95	0.914898	0.260518	348.753
0.95	0.914898	0.320022	671.051
0.95	0.914898	0.371908	1285.49
0.95	0.914898	0.417906	2273.05
0.95	0.914898	0.459218	3663.73
0.95	0.914898	0.496711	5364.03
0.95	0.914898	0.531032	7024.54
0.95	0.914898	0.562675	8077.48
0.95	0.914898	0.592029	8169.9
0.95	0.914898	0.619402	7331.84
0.95	0.914898	0.645046	6235.6
0.95	0.914898	0.669165	5500.65
0.95	0.914898	0.69193	5384.82
0.95	0.914898	0.713487	5836.28
0.95	0.914898	0.733956	6731.04
0.95	0.914898	0.753442	7765.01
0.95	0.914898	0.772035	8618.82
0.95	0.914898	0.789814	9663.05
0.95	0.914898	0.806847	9922.35
0.95	0.914898	0.823193	9792.55
0.95	0.914898	0.838907	10269.7
0.95	0.914898	0.854035	11327.6
0.95	0.914898	0.868619	8147.54
0.95	0.914898	0.882697	5119.93
0.95	0.914898	0.896304	2716.78
0.95	0.914898	0.909469	1232.21
0.95	0.914898	0.92222	245.425
0.95	0.914898	0.934583	0
0.95	0.937291	0	0
0.95	0.937291	0.10649	55.7547
0.95	0.937291	0.190767	164.503
0.95	0.937291	0.260518	308.203
0.95	0.937291	0.320022	594.204
0.95	0.937291	0.371908	1124.68
0.95	0.937291	0.417906	1962.5
0.95	0.937291	0.459218	3174.72
0.95	0.937291	0.496711	4770.11
0.95	0.937291	0.531032	6499.95
0.95	0.937291	0.562675	7861.54
0.95	0.937291	0.592029	8382.71
0.95	0.937291	0.619402	7870.3
0.95	0.937291	0.645046	6782.58
0.95	0.937291	0.669165	5868.65
0.95	0.937291	0.69193	5559.6
0.95	0.937291	0.713487	5797.93
0.95	0.937291	0.733956	6397.09
0.95	0.937291	0.753442	7487.92
0.95	0.937291	0.772035	8463.26
0.95	0.937291	0.789814	9805.4
0.95	0.937291	0.806847	11768.9
0.95	0.937291	0.823193	11481.8
0.95	0.937291	0.838907	11337.9
0.95	0.937291	0.854035	12847.3
0.95	0.937291	0.868619	10844.5
0.95	0.937291	0.882697	8229.03
0.95	0.937291	0.896304	4500.02
0.95	0.937291	0.909469	1916.8
0.95	0.937291	0.92222	433.9
0.95	0.937291	0.934583	0
0.95	0.958905	0	0
0.95	0.958905	0.10649	47.3537
0.95	0.958905	0.190767	141.358
0.95	0.958905	0.260518	265.221
0.95	0.958905	0.320022	513.261
0.95	0.958905	0.371908	961.025
0.95	0.958905	0.417906	1644.77
0.95	0.958905	0.459218	2647.21
0.95	0.958905	0.496711	4042.08
0.95	0.958905	0.531032	5690.91
0.95	0.958905	0.562675	7226.06
0.95	0.958905	0.592029	8147.87
0.95	0.958905	0.619402	8064.54
0.95	0.958905	0.645046	7155.03
0.95	0.958905	0.669165	6196.72
0.95	0.958905	0.69193	5661.98
0.95	0.958905	0.713487	5701.12
0.95	0.958905	0.733956	6094.9
0.95	0.958905	0.753442	6935.14
0.95	0.958905	0.772035	7849.82
0.95	0.958905	0.789814	9474.98
0.95	0.958905	0.806847	11610.1
0.95	0.958905	0.823193	13097.4
0.95	0.958905	0.838907	14654.9
0.95	0.958905	0.854035	15195.1
0.95	0.958905	0.868619	13102.2
0.95	0.958905	0.882697	10786.4
0.95	0.958905	0.896304	7400.14
0.95	0.958905	0.909469	3922.53
0.95	0.958905	0.92222	681.865
0.95	0.958905	0.934583	0
0.95	0.979792	0	0
0.95	0.979792	0.10649	38.9009
0.95	0.979792	0.190767	116.707
0.95	0.979792	0.260518	218.099
0.95	0.979792	0.320022	426.213
0.95	0.979792	0.371908	783.04
0.95	0.979792	0.417906	1315.81
0.95	0.979792	0.459218	2079.55
0.95	0.979792	0.496711	3169.78
0.95	0.979792	0.531032	4560.84
0.95	0.979792	0.562675	6051.32
0.95	0.979792	0.592029	7231.92
0.95	0.979792	0.619402	7600.6
0.95	0.979792	0.645046	7053.32
0.95	0.979792	0.669165	6236.8
0.95	0.979792	0.69193	5682.79
0.95	0.979792	0.713487	5554.43
0.95	0.979792	0.733956	5748.48
0.95	0.979792	0.753442	6246.16
0.95	0.979792	0.772035	6958.57
0.95	0.979792	0.789814	8086.25
0.95	0.979792	0.806847	10191.6
0.95	0.979792	0.823193	12285
0.95	0.979792	0.838907	15646.2
0.95	0.979792	0.854035	18050.3
0.95	0.979792	0.868619	20052.1
0.95	0.979792	0.882697	15332.8
0.95	0.979792	0.896304	9936.56
0.95	0.979792	0.909469	7611.74
0.95	0.979792	0.92222	2471.2
0.95	0.979792	0.934583	0
0.95	1	0	0
0.95	1	0.10649	30.4565
0.95	1	0.190767	91.2815
0.95	1	0.260518	165.97
0.95	1	0.320022	325.734
0.95	1	0.371908	575.973
0.95	1	0.417906	959.698
0.95	1	0.459218	1427.39
0.95	1	0.496711	2066.53
0.95	1	0.531032	2946.77
0.95	1	0.562675	3997.29
0.95	1	0.592029	5059.67
0.95	1	0.619402	5694.04
0.95	1	0.645046	5690.25
0.95	1	0.669165	5384.44
0.95	1	0.69193	5078.19
0.95	1	0.713487	5131.22
0.95	1	0.733956	5281.91
0.95	1	0.753442	5558.04
0.95	1	0.772035	5671.72
0.95	1	0.789814	5965.26
0.95	1	0.806847	6909.53
0.95	1	0.823193	8158.02
0.95	1	0.838907	12504.1
0.95	1	0.854035	18313.3
0.95	1	0.868619	25508.6
0.95	1	0.882697	26894
0.95	1	0.896304	20343.5
0.95	1	0.909469	7925.32
0.95	1	0.92222	1000.4
0.95	1	0.934583	0
