0.18     -1     0      0
0.18     -1     0.00689733      317.304
0.18     -1     0.012356      419.029
0.18     -1     0.0168738      454.393
0.18     -1     0.0207279      472.336
0.18     -1     0.0240885      468.396
0.18     -1     0.0270678      445.735
0.18     -1     0.0297436      577.571
0.18     -1     0.032172      488.723
0.18     -1     0.034395      401.939
0.18     -1     0.0364445      339.544
0.18     -1     0.0383457      293.282
0.18     -1     0.0401187      251.979
0.18     -1     0.0417796      236.325
0.18     -1     0.0433418      260.164
0.18     -1     0.0448164      193.805
0.18     -1     0.0462126      147.312
0.18     -1     0.0475384      119.204
0.18     -1     0.0488005      118.953
0.18     -1     0.0500048      83.0409
0.18     -1     0.0511563      70.7324
0.18     -1     0.0522595      49.9138
0.18     -1     0.0533183      33.4047
0.18     -1     0.0543361      21.9325
0.18     -1     0.0553159      13.7233
0.18     -1     0.0562605      7.96665
0.18     -1     0.0571724      4.10818
0.18     -1     0.0580537      1.75418
0.18     -1     0.0589063      0.528788
0.18     -1     0.0597323      0.0673827
0.18     -1     0.060533      0
0.18     -0.634788     0      0
0.18     -0.634788     0.00689733      322.544
0.18     -0.634788     0.012356      420.583
0.18     -0.634788     0.0168738      453.016
0.18     -0.634788     0.0207279      469.406
0.18     -0.634788     0.0240885      472.624
0.18     -0.634788     0.0270678      465.373
0.18     -0.634788     0.0297436      609.491
0.18     -0.634788     0.032172      528.729
0.18     -0.634788     0.034395      442.706
0.18     -0.634788     0.0364445      376.448
0.18     -0.634788     0.0383457      323.861
0.18     -0.634788     0.0401187      275.616
0.18     -0.634788     0.0417796      259.284
0.18     -0.634788     0.0433418      292.158
0.18     -0.634788     0.0448164      217.646
0.18     -0.634788     0.0462126      165.013
0.18     -0.634788     0.0475384      134.574
0.18     -0.634788     0.0488005      134.917
0.18     -0.634788     0.0500048      93.5156
0.18     -0.634788     0.0511563      79.6268
0.18     -0.634788     0.0522595      56.2438
0.18     -0.634788     0.0533183      37.5937
0.18     -0.634788     0.0543361      24.5281
0.18     -0.634788     0.0553159      15.3709
0.18     -0.634788     0.0562605      8.86523
0.18     -0.634788     0.0571724      4.56673
0.18     -0.634788     0.0580537      1.94028
0.18     -0.634788     0.0589063      0.579968
0.18     -0.634788     0.0597323      0.0717718
0.18     -0.634788     0.060533      0
0.18     -0.406307     0      0
0.18     -0.406307     0.00689733      326.645
0.18     -0.406307     0.012356      424.908
0.18     -0.406307     0.0168738      455.924
0.18     -0.406307     0.0207279      469.568
0.18     -0.406307     0.0240885      472.322
0.18     -0.406307     0.0270678      467.584
0.18     -0.406307     0.0297436      623.528
0.18     -0.406307     0.032172      546.767
0.18     -0.406307     0.034395      461.579
0.18     -0.406307     0.0364445      401.593
0.18     -0.406307     0.0383457      351.497
0.18     -0.406307     0.0401187      301.058
0.18     -0.406307     0.0417796      281.174
0.18     -0.406307     0.0433418      314.303
0.18     -0.406307     0.0448164      234.458
0.18     -0.406307     0.0462126      178.24
0.18     -0.406307     0.0475384      145.197
0.18     -0.406307     0.0488005      144.247
0.18     -0.406307     0.0500048      100.551
0.18     -0.406307     0.0511563      85.0243
0.18     -0.406307     0.0522595      60.1213
0.18     -0.406307     0.0533183      40.4708
0.18     -0.406307     0.0543361      26.3493
0.18     -0.406307     0.0553159      16.5632
0.18     -0.406307     0.0562605      9.62922
0.18     -0.406307     0.0571724      4.97342
0.18     -0.406307     0.0580537      2.15206
0.18     -0.406307     0.0589063      0.643553
0.18     -0.406307     0.0597323      0.0768138
0.18     -0.406307     0.060533      0
0.18     -0.239626     0      0
0.18     -0.239626     0.00689733      329.706
0.18     -0.239626     0.012356      428.533
0.18     -0.239626     0.0168738      461.272
0.18     -0.239626     0.0207279      472.613
0.18     -0.239626     0.0240885      470.733
0.18     -0.239626     0.0270678      466.819
0.18     -0.239626     0.0297436      628.602
0.18     -0.239626     0.032172      557.045
0.18     -0.239626     0.034395      472.823
0.18     -0.239626     0.0364445      413.982
0.18     -0.239626     0.0383457      368.566
0.18     -0.239626     0.0401187      319.996
0.18     -0.239626     0.0417796      301.903
0.18     -0.239626     0.0433418      333.424
0.18     -0.239626     0.0448164      246.741
0.18     -0.239626     0.0462126      187.376
0.18     -0.239626     0.0475384      152.477
0.18     -0.239626     0.0488005      150.035
0.18     -0.239626     0.0500048      104.656
0.18     -0.239626     0.0511563      88.1427
0.18     -0.239626     0.0522595      62.2134
0.18     -0.239626     0.0533183      41.7297
0.18     -0.239626     0.0543361      27.223
0.18     -0.239626     0.0553159      17.0405
0.18     -0.239626     0.0562605      9.90987
0.18     -0.239626     0.0571724      5.10629
0.18     -0.239626     0.0580537      2.18668
0.18     -0.239626     0.0589063      0.654224
0.18     -0.239626     0.0597323      0.0807015
0.18     -0.239626     0.060533      0
0.18     -0.108332     0      0
0.18     -0.108332     0.00689733      331.916
0.18     -0.108332     0.012356      431.535
0.18     -0.108332     0.0168738      465.588
0.18     -0.108332     0.0207279      477.649
0.18     -0.108332     0.0240885      472.988
0.18     -0.108332     0.0270678      465.34
0.18     -0.108332     0.0297436      628.566
0.18     -0.108332     0.032172      561.473
0.18     -0.108332     0.034395      480.986
0.18     -0.108332     0.0364445      421.624
0.18     -0.108332     0.0383457      377.618
0.18     -0.108332     0.0401187      331.889
0.18     -0.108332     0.0417796      317.423
0.18     -0.108332     0.0433418      350.343
0.18     -0.108332     0.0448164      260.09
0.18     -0.108332     0.0462126      196.019
0.18     -0.108332     0.0475384      157.529
0.18     -0.108332     0.0488005      154.302
0.18     -0.108332     0.0500048      107.913
0.18     -0.108332     0.0511563      90.579
0.18     -0.108332     0.0522595      63.9117
0.18     -0.108332     0.0533183      42.7654
0.18     -0.108332     0.0543361      27.8308
0.18     -0.108332     0.0553159      17.4253
0.18     -0.108332     0.0562605      10.0642
0.18     -0.108332     0.0571724      5.17558
0.18     -0.108332     0.0580537      2.21724
0.18     -0.108332     0.0589063      0.669148
0.18     -0.108332     0.0597323      0.0869005
0.18     -0.108332     0.060533      0
0.18     -2e-20     0      0
0.18     -2e-20     0.00689733      333.242
0.18     -2e-20     0.012356      434.23
0.18     -2e-20     0.0168738      469.332
0.18     -2e-20     0.0207279      481.59
0.18     -2e-20     0.0240885      476.744
0.18     -2e-20     0.0270678      467.49
0.18     -2e-20     0.0297436      626.256
0.18     -2e-20     0.032172      561.864
0.18     -2e-20     0.034395      485.965
0.18     -2e-20     0.0364445      429.126
0.18     -2e-20     0.0383457      383.416
0.18     -2e-20     0.0401187      338.462
0.18     -2e-20     0.0417796      327.746
0.18     -2e-20     0.0433418      363.741
0.18     -2e-20     0.0448164      272.719
0.18     -2e-20     0.0462126      206.264
0.18     -2e-20     0.0475384      164.008
0.18     -2e-20     0.0488005      158.102
0.18     -2e-20     0.0500048      110.499
0.18     -2e-20     0.0511563      92.6724
0.18     -2e-20     0.0522595      65.5739
0.18     -2e-20     0.0533183      43.9317
0.18     -2e-20     0.0543361      28.6905
0.18     -2e-20     0.0553159      17.9088
0.18     -2e-20     0.0562605      10.3465
0.18     -2e-20     0.0571724      5.28963
0.18     -2e-20     0.0580537      2.23381
0.18     -2e-20     0.0589063      0.674382
0.18     -2e-20     0.0597323      0.0874277
0.18     -2e-20     0.060533      0
0.18     0.0922185     0      0
0.18     0.0922185     0.00689733      334.208
0.18     0.0922185     0.012356      437.52
0.18     0.0922185     0.0168738      473.091
0.18     0.0922185     0.0207279      484.915
0.18     0.0922185     0.0240885      481.605
0.18     0.0922185     0.0270678      471.153
0.18     0.0922185     0.0297436      624.661
0.18     0.0922185     0.032172      559.814
0.18     0.0922185     0.034395      488.035
0.18     0.0922185     0.0364445      435.024
0.18     0.0922185     0.0383457      387.564
0.18     0.0922185     0.0401187      343.095
0.18     0.0922185     0.0417796      333.54
0.18     0.0922185     0.0433418      373.891
0.18     0.0922185     0.0448164      283.569
0.18     0.0922185     0.0462126      216.069
0.18     0.0922185     0.0475384      172.426
0.18     0.0922185     0.0488005      163.061
0.18     0.0922185     0.0500048      113.112
0.18     0.0922185     0.0511563      94.4082
0.18     0.0922185     0.0522595      67.0714
0.18     0.0922185     0.0533183      45.1366
0.18     0.0922185     0.0543361      29.5479
0.18     0.0922185     0.0553159      18.565
0.18     0.0922185     0.0562605      10.6926
0.18     0.0922185     0.0571724      5.49656
0.18     0.0922185     0.0580537      2.31298
0.18     0.0922185     0.0589063      0.685294
0.18     0.0922185     0.0597323      0.0827323
0.18     0.0922185     0.060533      0
0.18     0.172502     0      0
0.18     0.172502     0.00689733      334.645
0.18     0.172502     0.012356      440.874
0.18     0.172502     0.0168738      476.955
0.18     0.172502     0.0207279      488.246
0.18     0.172502     0.0240885      487.188
0.18     0.172502     0.0270678      475.202
0.18     0.172502     0.0297436      622.181
0.18     0.172502     0.032172      557.461
0.18     0.172502     0.034395      489.254
0.18     0.172502     0.0364445      435.784
0.18     0.172502     0.0383457      392.3
0.18     0.172502     0.0401187      346.465
0.18     0.172502     0.0417796      337.681
0.18     0.172502     0.0433418      379.9
0.18     0.172502     0.0448164      292.077
0.18     0.172502     0.0462126      224.644
0.18     0.172502     0.0475384      181.012
0.18     0.172502     0.0488005      169.968
0.18     0.172502     0.0500048      117.127
0.18     0.172502     0.0511563      96.2345
0.18     0.172502     0.0522595      68.2548
0.18     0.172502     0.0533183      46.0238
0.18     0.172502     0.0543361      30.2851
0.18     0.172502     0.0553159      19.0624
0.18     0.172502     0.0562605      11.0972
0.18     0.172502     0.0571724      5.7523
0.18     0.172502     0.0580537      2.46145
0.18     0.172502     0.0589063      0.731485
0.18     0.172502     0.0597323      0.0920916
0.18     0.172502     0.060533      0
0.18     0.243589     0      0
0.18     0.243589     0.00689733      334.899
0.18     0.243589     0.012356      443.92
0.18     0.243589     0.0168738      481.025
0.18     0.243589     0.0207279      492.288
0.18     0.243589     0.0240885      492.116
0.18     0.243589     0.0270678      479.633
0.18     0.243589     0.0297436      620.769
0.18     0.243589     0.032172      556.57
0.18     0.243589     0.034395      488.356
0.18     0.243589     0.0364445      437.272
0.18     0.243589     0.0383457      393.03
0.18     0.243589     0.0401187      350.474
0.18     0.243589     0.0417796      339.836
0.18     0.243589     0.0433418      384.124
0.18     0.243589     0.0448164      296.661
0.18     0.243589     0.0462126      232.306
0.18     0.243589     0.0475384      187.79
0.18     0.243589     0.0488005      177.169
0.18     0.243589     0.0500048      122.461
0.18     0.243589     0.0511563      99.1015
0.18     0.243589     0.0522595      69.2272
0.18     0.243589     0.0533183      46.578
0.18     0.243589     0.0543361      30.6628
0.18     0.243589     0.0553159      19.383
0.18     0.243589     0.0562605      11.3287
0.18     0.243589     0.0571724      5.8192
0.18     0.243589     0.0580537      2.50512
0.18     0.243589     0.0589063      0.74036
0.18     0.243589     0.0597323      0.0921951
0.18     0.243589     0.060533      0
0.18     0.307372     0      0
0.18     0.307372     0.00689733      335.187
0.18     0.307372     0.012356      446.575
0.18     0.307372     0.0168738      485.46
0.18     0.307372     0.0207279      497.728
0.18     0.307372     0.0240885      497.009
0.18     0.307372     0.0270678      483.426
0.18     0.307372     0.0297436      619.675
0.18     0.307372     0.032172      556.141
0.18     0.307372     0.034395      488.237
0.18     0.307372     0.0364445      436.149
0.18     0.307372     0.0383457      393.671
0.18     0.307372     0.0401187      351.252
0.18     0.307372     0.0417796      343.567
0.18     0.307372     0.0433418      386.373
0.18     0.307372     0.0448164      299.528
0.18     0.307372     0.0462126      236.393
0.18     0.307372     0.0475384      194.616
0.18     0.307372     0.0488005      183.156
0.18     0.307372     0.0500048      128.557
0.18     0.307372     0.0511563      103.445
0.18     0.307372     0.0522595      71.1507
0.18     0.307372     0.0533183      46.9739
0.18     0.307372     0.0543361      30.8714
0.18     0.307372     0.0553159      19.4382
0.18     0.307372     0.0562605      11.3263
0.18     0.307372     0.0571724      5.85608
0.18     0.307372     0.0580537      2.50469
0.18     0.307372     0.0589063      0.741968
0.18     0.307372     0.0597323      0.0921768
0.18     0.307372     0.060533      0
0.18     0.365212     0      0
0.18     0.365212     0.00689733      335.318
0.18     0.365212     0.012356      448.675
0.18     0.365212     0.0168738      489.792
0.18     0.365212     0.0207279      503.231
0.18     0.365212     0.0240885      502.085
0.18     0.365212     0.0270678      486.596
0.18     0.365212     0.0297436      618.648
0.18     0.365212     0.032172      557.09
0.18     0.365212     0.034395      487.922
0.18     0.365212     0.0364445      433.66
0.18     0.365212     0.0383457      393.24
0.18     0.365212     0.0401187      350.167
0.18     0.365212     0.0417796      345.975
0.18     0.365212     0.0433418      389.36
0.18     0.365212     0.0448164      301.409
0.18     0.365212     0.0462126      238.649
0.18     0.365212     0.0475384      198.637
0.18     0.365212     0.0488005      189.623
0.18     0.365212     0.0500048      133.68
0.18     0.365212     0.0511563      108.887
0.18     0.365212     0.0522595      74.5465
0.18     0.365212     0.0533183      48.2675
0.18     0.365212     0.0543361      30.9432
0.18     0.365212     0.0553159      19.4407
0.18     0.365212     0.0562605      11.3129
0.18     0.365212     0.0571724      5.86938
0.18     0.365212     0.0580537      2.49424
0.18     0.365212     0.0589063      0.748527
0.18     0.365212     0.0597323      0.0945125
0.18     0.365212     0.060533      0
0.18     0.418124     0      0
0.18     0.418124     0.00689733      335.188
0.18     0.418124     0.012356      450.617
0.18     0.418124     0.0168738      493.756
0.18     0.418124     0.0207279      508.797
0.18     0.418124     0.0240885      507.153
0.18     0.418124     0.0270678      489.95
0.18     0.418124     0.0297436      618.072
0.18     0.418124     0.032172      558.337
0.18     0.418124     0.034395      487.012
0.18     0.418124     0.0364445      433.873
0.18     0.418124     0.0383457      390.798
0.18     0.418124     0.0401187      350.799
0.18     0.418124     0.0417796      344.918
0.18     0.418124     0.0433418      392.444
0.18     0.418124     0.0448164      303.06
0.18     0.418124     0.0462126      240.491
0.18     0.418124     0.0475384      200.828
0.18     0.418124     0.0488005      194.773
0.18     0.418124     0.0500048      139.227
0.18     0.418124     0.0511563      113.853
0.18     0.418124     0.0522595      79.3391
0.18     0.418124     0.0533183      50.7544
0.18     0.418124     0.0543361      31.477
0.18     0.418124     0.0553159      19.4551
0.18     0.418124     0.0562605      11.3071
0.18     0.418124     0.0571724      5.8345
0.18     0.418124     0.0580537      2.50492
0.18     0.418124     0.0589063      0.757592
0.18     0.418124     0.0597323      0.0959543
0.18     0.418124     0.060533      0
0.18     0.466881     0      0
0.18     0.466881     0.00689733      335.065
0.18     0.466881     0.012356      452.242
0.18     0.466881     0.0168738      498.846
0.18     0.466881     0.0207279      514.753
0.18     0.466881     0.0240885      512.032
0.18     0.466881     0.0270678      493.713
0.18     0.466881     0.0297436      617.528
0.18     0.466881     0.032172      560.22
0.18     0.466881     0.034395      487.351
0.18     0.466881     0.0364445      432.98
0.18     0.466881     0.0383457      389.149
0.18     0.466881     0.0401187      349.611
0.18     0.466881     0.0417796      344.517
0.18     0.466881     0.0433418      392.965
0.18     0.466881     0.0448164      305.245
0.18     0.466881     0.0462126      241.579
0.18     0.466881     0.0475384      202.313
0.18     0.466881     0.0488005      197.45
0.18     0.466881     0.0500048      144.788
0.18     0.466881     0.0511563      118.89
0.18     0.466881     0.0522595      84.2644
0.18     0.466881     0.0533183      55.2867
0.18     0.466881     0.0543361      33.4767
0.18     0.466881     0.0553159      19.6247
0.18     0.466881     0.0562605      11.3073
0.18     0.466881     0.0571724      5.83612
0.18     0.466881     0.0580537      2.51095
0.18     0.466881     0.0589063      0.765745
0.18     0.466881     0.0597323      0.102365
0.18     0.466881     0.060533      0
0.18     0.512089     0      0
0.18     0.512089     0.00689733      334.805
0.18     0.512089     0.012356      453.701
0.18     0.512089     0.0168738      503.687
0.18     0.512089     0.0207279      520.324
0.18     0.512089     0.0240885      517.003
0.18     0.512089     0.0270678      497.472
0.18     0.512089     0.0297436      617.172
0.18     0.512089     0.032172      560.98
0.18     0.512089     0.034395      487.755
0.18     0.512089     0.0364445      432.081
0.18     0.512089     0.0383457      388.679
0.18     0.512089     0.0401187      346.617
0.18     0.512089     0.0417796      343.792
0.18     0.512089     0.0433418      391.684
0.18     0.512089     0.0448164      306.621
0.18     0.512089     0.0462126      242.571
0.18     0.512089     0.0475384      202.671
0.18     0.512089     0.0488005      199.118
0.18     0.512089     0.0500048      147.908
0.18     0.512089     0.0511563      124.563
0.18     0.512089     0.0522595      88.7324
0.18     0.512089     0.0533183      60.284
0.18     0.512089     0.0543361      37.3746
0.18     0.512089     0.0553159      20.9196
0.18     0.512089     0.0562605      11.3594
0.18     0.512089     0.0571724      5.87029
0.18     0.512089     0.0580537      2.53025
0.18     0.512089     0.0589063      0.771942
0.18     0.512089     0.0597323      0.103172
0.18     0.512089     0.060533      0
0.18     0.55423     0      0
0.18     0.55423     0.00689733      334.447
0.18     0.55423     0.012356      454.869
0.18     0.55423     0.0168738      508.006
0.18     0.55423     0.0207279      525.521
0.18     0.55423     0.0240885      521.62
0.18     0.55423     0.0270678      502.266
0.18     0.55423     0.0297436      615.891
0.18     0.55423     0.032172      561.128
0.18     0.55423     0.034395      489.088
0.18     0.55423     0.0364445      431.865
0.18     0.55423     0.0383457      387.098
0.18     0.55423     0.0401187      345.144
0.18     0.55423     0.0417796      341.588
0.18     0.55423     0.0433418      391.891
0.18     0.55423     0.0448164      305.505
0.18     0.55423     0.0462126      244.383
0.18     0.55423     0.0475384      203.621
0.18     0.55423     0.0488005      200.387
0.18     0.55423     0.0500048      149.525
0.18     0.55423     0.0511563      128.68
0.18     0.55423     0.0522595      94.1906
0.18     0.55423     0.0533183      65.2655
0.18     0.55423     0.0543361      41.8894
0.18     0.55423     0.0553159      23.772
0.18     0.55423     0.0562605      11.9197
0.18     0.55423     0.0571724      5.90359
0.18     0.55423     0.0580537      2.54555
0.18     0.55423     0.0589063      0.776881
0.18     0.55423     0.0597323      0.103226
0.18     0.55423     0.060533      0
0.18     0.593693     0      0
0.18     0.593693     0.00689733      334.045
0.18     0.593693     0.012356      455.589
0.18     0.593693     0.0168738      512.116
0.18     0.593693     0.0207279      530.492
0.18     0.593693     0.0240885      526.314
0.18     0.593693     0.0270678      508.337
0.18     0.593693     0.0297436      614.053
0.18     0.593693     0.032172      560.979
0.18     0.593693     0.034395      489.747
0.18     0.593693     0.0364445      432.625
0.18     0.593693     0.0383457      386.552
0.18     0.593693     0.0401187      344.003
0.18     0.593693     0.0417796      338.054
0.18     0.593693     0.0433418      390.952
0.18     0.593693     0.0448164      304.319
0.18     0.593693     0.0462126      244.315
0.18     0.593693     0.0475384      204.962
0.18     0.593693     0.0488005      201.589
0.18     0.593693     0.0500048      151.081
0.18     0.593693     0.0511563      130.907
0.18     0.593693     0.0522595      99.3575
0.18     0.593693     0.0533183      70.7487
0.18     0.593693     0.0543361      47.2484
0.18     0.593693     0.0553159      27.9579
0.18     0.593693     0.0562605      13.6277
0.18     0.593693     0.0571724      6.01242
0.18     0.593693     0.0580537      2.5709
0.18     0.593693     0.0589063      0.790407
0.18     0.593693     0.0597323      0.105055
0.18     0.593693     0.060533      0
0.18     0.630798     0      0
0.18     0.630798     0.00689733      333.505
0.18     0.630798     0.012356      456.856
0.18     0.630798     0.0168738      515.815
0.18     0.630798     0.0207279      536.037
0.18     0.630798     0.0240885      531.032
0.18     0.630798     0.0270678      515.49
0.18     0.630798     0.0297436      611.076
0.18     0.630798     0.032172      560.297
0.18     0.630798     0.034395      489.621
0.18     0.630798     0.0364445      433.614
0.18     0.630798     0.0383457      386.28
0.18     0.630798     0.0401187      341.801
0.18     0.630798     0.0417796      336.431
0.18     0.630798     0.0433418      388.44
0.18     0.630798     0.0448164      302.915
0.18     0.630798     0.0462126      242.138
0.18     0.630798     0.0475384      205.593
0.18     0.630798     0.0488005      202.819
0.18     0.630798     0.0500048      151.943
0.18     0.630798     0.0511563      132.674
0.18     0.630798     0.0522595      102.417
0.18     0.630798     0.0533183      76.5832
0.18     0.630798     0.0543361      52.583
0.18     0.630798     0.0553159      33.0401
0.18     0.630798     0.0562605      17.2109
0.18     0.630798     0.0571724      6.83361
0.18     0.630798     0.0580537      2.60277
0.18     0.630798     0.0589063      0.798972
0.18     0.630798     0.0597323      0.10656
0.18     0.630798     0.060533      0
0.18     0.665812     0      0
0.18     0.665812     0.00689733      333.036
0.18     0.665812     0.012356      457.865
0.18     0.665812     0.0168738      518.846
0.18     0.665812     0.0207279      540.491
0.18     0.665812     0.0240885      535.757
0.18     0.665812     0.0270678      522.531
0.18     0.665812     0.0297436      608.922
0.18     0.665812     0.032172      559.263
0.18     0.665812     0.034395      490.029
0.18     0.665812     0.0364445      434.315
0.18     0.665812     0.0383457      386.572
0.18     0.665812     0.0401187      340.819
0.18     0.665812     0.0417796      333.5
0.18     0.665812     0.0433418      385.757
0.18     0.665812     0.0448164      300.861
0.18     0.665812     0.0462126      239.865
0.18     0.665812     0.0475384      204.472
0.18     0.665812     0.0488005      204.759
0.18     0.665812     0.0500048      152.835
0.18     0.665812     0.0511563      133.878
0.18     0.665812     0.0522595      104.146
0.18     0.665812     0.0533183      81.2323
0.18     0.665812     0.0543361      58.3436
0.18     0.665812     0.0553159      38.1661
0.18     0.665812     0.0562605      21.7931
0.18     0.665812     0.0571724      8.97478
0.18     0.665812     0.0580537      2.66794
0.18     0.665812     0.0589063      0.798976
0.18     0.665812     0.0597323      0.10379
0.18     0.665812     0.060533      0
0.18     0.698958     0      0
0.18     0.698958     0.00689733      332.646
0.18     0.698958     0.012356      458.554
0.18     0.698958     0.0168738      521.34
0.18     0.698958     0.0207279      544.392
0.18     0.698958     0.0240885      543.103
0.18     0.698958     0.0270678      529.53
0.18     0.698958     0.0297436      607.597
0.18     0.698958     0.032172      557.379
0.18     0.698958     0.034395      489.856
0.18     0.698958     0.0364445      434.649
0.18     0.698958     0.0383457      386.889
0.18     0.698958     0.0401187      339.876
0.18     0.698958     0.0417796      330.29
0.18     0.698958     0.0433418      384.132
0.18     0.698958     0.0448164      297.036
0.18     0.698958     0.0462126      238.008
0.18     0.698958     0.0475384      202.047
0.18     0.698958     0.0488005      205.425
0.18     0.698958     0.0500048      154.955
0.18     0.698958     0.0511563      135.115
0.18     0.698958     0.0522595      105.71
0.18     0.698958     0.0533183      84.3324
0.18     0.698958     0.0543361      64.3802
0.18     0.698958     0.0553159      44.0193
0.18     0.698958     0.0562605      27.0866
0.18     0.698958     0.0571724      12.6122
0.18     0.698958     0.0580537      3.42981
0.18     0.698958     0.0589063      0.798526
0.18     0.698958     0.0597323      0.100625
0.18     0.698958     0.060533      0
0.18     0.730425     0      0
0.18     0.730425     0.00689733      332.158
0.18     0.730425     0.012356      459.034
0.18     0.730425     0.0168738      523.406
0.18     0.730425     0.0207279      547.765
0.18     0.730425     0.0240885      550.286
0.18     0.730425     0.0270678      536.291
0.18     0.730425     0.0297436      605.687
0.18     0.730425     0.032172      556.909
0.18     0.730425     0.034395      489.071
0.18     0.730425     0.0364445      434.606
0.18     0.730425     0.0383457      386.709
0.18     0.730425     0.0401187      339.301
0.18     0.730425     0.0417796      328.24
0.18     0.730425     0.0433418      382.361
0.18     0.730425     0.0448164      294.373
0.18     0.730425     0.0462126      234.914
0.18     0.730425     0.0475384      199.705
0.18     0.730425     0.0488005      204.145
0.18     0.730425     0.0500048      156.018
0.18     0.730425     0.0511563      136.745
0.18     0.730425     0.0522595      107.101
0.18     0.730425     0.0533183      86.4595
0.18     0.730425     0.0543361      68.8117
0.18     0.730425     0.0553159      50.2253
0.18     0.730425     0.0562605      32.9805
0.18     0.730425     0.0571724      17.3011
0.18     0.730425     0.0580537      5.34857
0.18     0.730425     0.0589063      0.825554
0.18     0.730425     0.0597323      0.100265
0.18     0.730425     0.060533      0
0.18     0.760374     0      0
0.18     0.760374     0.00689733      331.758
0.18     0.760374     0.012356      459.542
0.18     0.760374     0.0168738      524.961
0.18     0.760374     0.0207279      550.71
0.18     0.760374     0.0240885      556.793
0.18     0.760374     0.0270678      542.834
0.18     0.760374     0.0297436      603.342
0.18     0.760374     0.032172      557.088
0.18     0.760374     0.034395      488.535
0.18     0.760374     0.0364445      434.462
0.18     0.760374     0.0383457      386.559
0.18     0.760374     0.0401187      338.267
0.18     0.760374     0.0417796      326.369
0.18     0.760374     0.0433418      380.862
0.18     0.760374     0.0448164      291.264
0.18     0.760374     0.0462126      230.441
0.18     0.760374     0.0475384      197.369
0.18     0.760374     0.0488005      202.009
0.18     0.760374     0.0500048      155.716
0.18     0.760374     0.0511563      138.762
0.18     0.760374     0.0522595      108.047
0.18     0.760374     0.0533183      88.0387
0.18     0.760374     0.0543361      71.637
0.18     0.760374     0.0553159      55.8521
0.18     0.760374     0.0562605      39.0606
0.18     0.760374     0.0571724      22.9168
0.18     0.760374     0.0580537      8.8876
0.18     0.760374     0.0589063      1.36386
0.18     0.760374     0.0597323      0.0995398
0.18     0.760374     0.060533      0
0.18     0.788947     0      0
0.18     0.788947     0.00689733      331.457
0.18     0.788947     0.012356      459.821
0.18     0.788947     0.0168738      525.962
0.18     0.788947     0.0207279      554.903
0.18     0.788947     0.0240885      563.1
0.18     0.788947     0.0270678      549.112
0.18     0.788947     0.0297436      601.266
0.18     0.788947     0.032172      556.575
0.18     0.788947     0.034395      488.452
0.18     0.788947     0.0364445      433.849
0.18     0.788947     0.0383457      385.594
0.18     0.788947     0.0401187      336.649
0.18     0.788947     0.0417796      324.777
0.18     0.788947     0.0433418      379.943
0.18     0.788947     0.0448164      288.098
0.18     0.788947     0.0462126      226.599
0.18     0.788947     0.0475384      193.263
0.18     0.788947     0.0488005      200.734
0.18     0.788947     0.0500048      153.349
0.18     0.788947     0.0511563      139.707
0.18     0.788947     0.0522595      110.612
0.18     0.788947     0.0533183      89.2471
0.18     0.788947     0.0543361      73.6535
0.18     0.788947     0.0553159      60.045
0.18     0.788947     0.0562605      46.179
0.18     0.788947     0.0571724      29.3483
0.18     0.788947     0.0580537      13.4852
0.18     0.788947     0.0589063      2.87176
0.18     0.788947     0.0597323      0.100445
0.18     0.788947     0.060533      0
0.18     0.816262     0      0
0.18     0.816262     0.00689733      331.49
0.18     0.816262     0.012356      459.824
0.18     0.816262     0.0168738      526.56
0.18     0.816262     0.0207279      559.336
0.18     0.816262     0.0240885      568.907
0.18     0.816262     0.0270678      554.857
0.18     0.816262     0.0297436      602.277
0.18     0.816262     0.032172      555.656
0.18     0.816262     0.034395      488.789
0.18     0.816262     0.0364445      433.855
0.18     0.816262     0.0383457      384.284
0.18     0.816262     0.0401187      334.504
0.18     0.816262     0.0417796      322.911
0.18     0.816262     0.0433418      379.789
0.18     0.816262     0.0448164      285.643
0.18     0.816262     0.0462126      222.91
0.18     0.816262     0.0475384      188.946
0.18     0.816262     0.0488005      198.765
0.18     0.816262     0.0500048      151.212
0.18     0.816262     0.0511563      138.556
0.18     0.816262     0.0522595      112.078
0.18     0.816262     0.0533183      91.29
0.18     0.816262     0.0543361      75.3017
0.18     0.816262     0.0553159      62.6036
0.18     0.816262     0.0562605      52.445
0.18     0.816262     0.0571724      36.368
0.18     0.816262     0.0580537      19.2174
0.18     0.816262     0.0589063      5.87486
0.18     0.816262     0.0597323      0.234753
0.18     0.816262     0.060533      0
0.18     0.842428     0      0
0.18     0.842428     0.00689733      331.429
0.18     0.842428     0.012356      459.787
0.18     0.842428     0.0168738      526.924
0.18     0.842428     0.0207279      563.396
0.18     0.842428     0.0240885      574.222
0.18     0.842428     0.0270678      560.36
0.18     0.842428     0.0297436      602.881
0.18     0.842428     0.032172      555.463
0.18     0.842428     0.034395      488.617
0.18     0.842428     0.0364445      433.706
0.18     0.842428     0.0383457      383.096
0.18     0.842428     0.0401187      331.913
0.18     0.842428     0.0417796      320.375
0.18     0.842428     0.0433418      378.962
0.18     0.842428     0.0448164      283.527
0.18     0.842428     0.0462126      219.307
0.18     0.842428     0.0475384      184.427
0.18     0.842428     0.0488005      194.784
0.18     0.842428     0.0500048      149.625
0.18     0.842428     0.0511563      135.865
0.18     0.842428     0.0522595      112.402
0.18     0.842428     0.0533183      93.2078
0.18     0.842428     0.0543361      76.5091
0.18     0.842428     0.0553159      64.6143
0.18     0.842428     0.0562605      56.7558
0.18     0.842428     0.0571724      43.9706
0.18     0.842428     0.0580537      26.046
0.18     0.842428     0.0589063      10.3123
0.18     0.842428     0.0597323      0.952743
0.18     0.842428     0.060533      0
0.18     0.867536     0      0
0.18     0.867536     0.00689733      331.338
0.18     0.867536     0.012356      459.365
0.18     0.867536     0.0168738      528.299
0.18     0.867536     0.0207279      566.73
0.18     0.867536     0.0240885      578.441
0.18     0.867536     0.0270678      566.041
0.18     0.867536     0.0297436      603.273
0.18     0.867536     0.032172      556.167
0.18     0.867536     0.034395      488.36
0.18     0.867536     0.0364445      432.983
0.18     0.867536     0.0383457      381.821
0.18     0.867536     0.0401187      329.555
0.18     0.867536     0.0417796      317.249
0.18     0.867536     0.0433418      377.588
0.18     0.867536     0.0448164      282.007
0.18     0.867536     0.0462126      215.72
0.18     0.867536     0.0475384      180.618
0.18     0.867536     0.0488005      191.306
0.18     0.867536     0.0500048      145.942
0.18     0.867536     0.0511563      134.688
0.18     0.867536     0.0522595      109.938
0.18     0.867536     0.0533183      94.6911
0.18     0.867536     0.0543361      79.2644
0.18     0.867536     0.0553159      66.109
0.18     0.867536     0.0562605      59.9204
0.18     0.867536     0.0571724      50.9461
0.18     0.867536     0.0580537      34.067
0.18     0.867536     0.0589063      16.2464
0.18     0.867536     0.0597323      2.6894
0.18     0.867536     0.060533      0
0.18     0.891668     0      0
0.18     0.891668     0.00689733      331.179
0.18     0.891668     0.012356      458.876
0.18     0.891668     0.0168738      529.262
0.18     0.891668     0.0207279      569.387
0.18     0.891668     0.0240885      582.06
0.18     0.891668     0.0270678      572.507
0.18     0.891668     0.0297436      603.005
0.18     0.891668     0.032172      556.785
0.18     0.891668     0.034395      489.094
0.18     0.891668     0.0364445      432.152
0.18     0.891668     0.0383457      380.198
0.18     0.891668     0.0401187      327.223
0.18     0.891668     0.0417796      314.069
0.18     0.891668     0.0433418      374.787
0.18     0.891668     0.0448164      279.473
0.18     0.891668     0.0462126      213.261
0.18     0.891668     0.0475384      176.99
0.18     0.891668     0.0488005      188.261
0.18     0.891668     0.0500048      141.225
0.18     0.891668     0.0511563      132.483
0.18     0.891668     0.0522595      107.337
0.18     0.891668     0.0533183      93.517
0.18     0.891668     0.0543361      81.1352
0.18     0.891668     0.0553159      68.38
0.18     0.891668     0.0562605      62.762
0.18     0.891668     0.0571724      56.0742
0.18     0.891668     0.0580537      43.1285
0.18     0.891668     0.0589063      23.608
0.18     0.891668     0.0597323      5.82245
0.18     0.891668     0.060533      0
0.18     0.914898     0      0
0.18     0.914898     0.00689733      330.964
0.18     0.914898     0.012356      458.117
0.18     0.914898     0.0168738      529.763
0.18     0.914898     0.0207279      571.522
0.18     0.914898     0.0240885      585.04
0.18     0.914898     0.0270678      578.6
0.18     0.914898     0.0297436      601.547
0.18     0.914898     0.032172      557.488
0.18     0.914898     0.034395      489.53
0.18     0.914898     0.0364445      431.929
0.18     0.914898     0.0383457      378.447
0.18     0.914898     0.0401187      324.635
0.18     0.914898     0.0417796      310.523
0.18     0.914898     0.0433418      369.68
0.18     0.914898     0.0448164      276.182
0.18     0.914898     0.0462126      210.212
0.18     0.914898     0.0475384      173.496
0.18     0.914898     0.0488005      185.237
0.18     0.914898     0.0500048      136.944
0.18     0.914898     0.0511563      127.829
0.18     0.914898     0.0522595      105.807
0.18     0.914898     0.0533183      90.2856
0.18     0.914898     0.0543361      81.797
0.18     0.914898     0.0553159      70.2822
0.18     0.914898     0.0562605      65.4396
0.18     0.914898     0.0571724      60.3566
0.18     0.914898     0.0580537      51.5904
0.18     0.914898     0.0589063      32.5794
0.18     0.914898     0.0597323      9.86465
0.18     0.914898     0.060533      0
0.18     0.937291     0      0
0.18     0.937291     0.00689733      330.666
0.18     0.937291     0.012356      457.8
0.18     0.937291     0.0168738      530.753
0.18     0.937291     0.0207279      573.065
0.18     0.937291     0.0240885      588.592
0.18     0.937291     0.0270678      583.689
0.18     0.937291     0.0297436      601.035
0.18     0.937291     0.032172      557.313
0.18     0.937291     0.034395      490.105
0.18     0.937291     0.0364445      431.949
0.18     0.937291     0.0383457      376.818
0.18     0.937291     0.0401187      322.124
0.18     0.937291     0.0417796      305.997
0.18     0.937291     0.0433418      361.406
0.18     0.937291     0.0448164      271.612
0.18     0.937291     0.0462126      206.657
0.18     0.937291     0.0475384      170.177
0.18     0.937291     0.0488005      182.556
0.18     0.937291     0.0500048      132.622
0.18     0.937291     0.0511563      123.289
0.18     0.937291     0.0522595      101.023
0.18     0.937291     0.0533183      87.7718
0.18     0.937291     0.0543361      79.3558
0.18     0.937291     0.0553159      72.5504
0.18     0.937291     0.0562605      68.2128
0.18     0.937291     0.0571724      64.4184
0.18     0.937291     0.0580537      58.0587
0.18     0.937291     0.0589063      43.5167
0.18     0.937291     0.0597323      15.1188
0.18     0.937291     0.060533      0
0.18     0.958905     0      0
0.18     0.958905     0.00689733      330.324
0.18     0.958905     0.012356      457.774
0.18     0.958905     0.0168738      531.75
0.18     0.958905     0.0207279      573.857
0.18     0.958905     0.0240885      591.804
0.18     0.958905     0.0270678      588.046
0.18     0.958905     0.0297436      599.148
0.18     0.958905     0.032172      556.702
0.18     0.958905     0.034395      490.042
0.18     0.958905     0.0364445      431.947
0.18     0.958905     0.0383457      375.749
0.18     0.958905     0.0401187      319.38
0.18     0.958905     0.0417796      301.611
0.18     0.958905     0.0433418      351.818
0.18     0.958905     0.0448164      264.854
0.18     0.958905     0.0462126      201.567
0.18     0.958905     0.0475384      166.434
0.18     0.958905     0.0488005      180.932
0.18     0.958905     0.0500048      127.937
0.18     0.958905     0.0511563      118.832
0.18     0.958905     0.0522595      95.4581
0.18     0.958905     0.0533183      82.5069
0.18     0.958905     0.0543361      75.4239
0.18     0.958905     0.0553159      71.6894
0.18     0.958905     0.0562605      70.7421
0.18     0.958905     0.0571724      67.9583
0.18     0.958905     0.0580537      64.9511
0.18     0.958905     0.0589063      54.385
0.18     0.958905     0.0597323      21.2899
0.18     0.958905     0.060533      0
0.18     0.979792     0      0
0.18     0.979792     0.00689733      329.809
0.18     0.979792     0.012356      457.674
0.18     0.979792     0.0168738      531.986
0.18     0.979792     0.0207279      574.833
0.18     0.979792     0.0240885      594.845
0.18     0.979792     0.0270678      591.978
0.18     0.979792     0.0297436      598.776
0.18     0.979792     0.032172      555.15
0.18     0.979792     0.034395      489.728
0.18     0.979792     0.0364445      431.419
0.18     0.979792     0.0383457      374.634
0.18     0.979792     0.0401187      317.094
0.18     0.979792     0.0417796      297.602
0.18     0.979792     0.0433418      343.142
0.18     0.979792     0.0448164      255.989
0.18     0.979792     0.0462126      194.441
0.18     0.979792     0.0475384      161.572
0.18     0.979792     0.0488005      179.147
0.18     0.979792     0.0500048      124.032
0.18     0.979792     0.0511563      113.856
0.18     0.979792     0.0522595      89.1249
0.18     0.979792     0.0533183      75.2345
0.18     0.979792     0.0543361      69.1195
0.18     0.979792     0.0553159      67.865
0.18     0.979792     0.0562605      71.9306
0.18     0.979792     0.0571724      71.882
0.18     0.979792     0.0580537      71.7064
0.18     0.979792     0.0589063      63.9455
0.18     0.979792     0.0597323      29.2905
0.18     0.979792     0.060533      0
0.18     1     0      0
0.18     1     0.00689733      329.479
0.18     1     0.012356      456.958
0.18     1     0.0168738      530.834
0.18     1     0.0207279      575.187
0.18     1     0.0240885      597.346
0.18     1     0.0270678      593.883
0.18     1     0.0297436      597.36
0.18     1     0.032172      554.362
0.18     1     0.034395      489.353
0.18     1     0.0364445      429.476
0.18     1     0.0383457      371.094
0.18     1     0.0401187      314.362
0.18     1     0.0417796      292.319
0.18     1     0.0433418      331.535
0.18     1     0.0448164      247.097
0.18     1     0.0462126      186.219
0.18     1     0.0475384      154.64
0.18     1     0.0488005      176.469
0.18     1     0.0500048      119.434
0.18     1     0.0511563      108.862
0.18     1     0.0522595      81.9629
0.18     1     0.0533183      66.2516
0.18     1     0.0543361      60.4937
0.18     1     0.0553159      60.5313
0.18     1     0.0562605      67.7541
0.18     1     0.0571724      76.0198
0.18     1     0.0580537      76.8015
0.18     1     0.0589063      75.8162
0.18     1     0.0597323      37.938
0.18     1     0.060533      0
