0.16     -1     0      0
0.16     -1     0.00461847      177.567
0.16     -1     0.0082736      232.283
0.16     -1     0.0112987      306.243
0.16     -1     0.0138794      280.424
0.16     -1     0.0161297      251.032
0.16     -1     0.0181247      229.639
0.16     -1     0.0199164      202.58
0.16     -1     0.0215424      177.95
0.16     -1     0.0230309      228.654
0.16     -1     0.0244033      174.992
0.16     -1     0.0256764      138.054
0.16     -1     0.0268636      111.998
0.16     -1     0.0279757      121.172
0.16     -1     0.0290218      96.0067
0.16     -1     0.0300091      71.8358
0.16     -1     0.030944      65.2147
0.16     -1     0.0318318      48.6118
0.16     -1     0.0326769      37.8013
0.16     -1     0.0334833      27.6547
0.16     -1     0.0342544      20.1247
0.16     -1     0.0349931      14.3149
0.16     -1     0.035702      9.97318
0.16     -1     0.0363835      6.68989
0.16     -1     0.0370396      4.12109
0.16     -1     0.0376721      2.38019
0.16     -1     0.0382827      1.20724
0.16     -1     0.0388728      0.507502
0.16     -1     0.0394438      0.1474
0.16     -1     0.0399968      0.0178198
0.16     -1     0.040533      0
0.16     -0.634788     0      0
0.16     -0.634788     0.00461847      176.5
0.16     -0.634788     0.0082736      231.237
0.16     -0.634788     0.0112987      303.85
0.16     -0.634788     0.0138794      282.122
0.16     -0.634788     0.0161297      258.557
0.16     -0.634788     0.0181247      238.559
0.16     -0.634788     0.0199164      214.229
0.16     -0.634788     0.0215424      192.239
0.16     -0.634788     0.0230309      243.843
0.16     -0.634788     0.0244033      188.1
0.16     -0.634788     0.0256764      147.217
0.16     -0.634788     0.0268636      116.958
0.16     -0.634788     0.0279757      124.885
0.16     -0.634788     0.0290218      100.109
0.16     -0.634788     0.0300091      75.9285
0.16     -0.634788     0.030944      68.8498
0.16     -0.634788     0.0318318      51.5892
0.16     -0.634788     0.0326769      40.234
0.16     -0.634788     0.0334833      29.6532
0.16     -0.634788     0.0342544      21.5393
0.16     -0.634788     0.0349931      15.414
0.16     -0.634788     0.035702      10.6709
0.16     -0.634788     0.0363835      7.09723
0.16     -0.634788     0.0370396      4.43851
0.16     -0.634788     0.0376721      2.54793
0.16     -0.634788     0.0382827      1.30417
0.16     -0.634788     0.0388728      0.555871
0.16     -0.634788     0.0394438      0.163415
0.16     -0.634788     0.0399968      0.0189581
0.16     -0.634788     0.040533      0
0.16     -0.406307     0      0
0.16     -0.406307     0.00461847      176.943
0.16     -0.406307     0.0082736      230.18
0.16     -0.406307     0.0112987      300.329
0.16     -0.406307     0.0138794      280.793
0.16     -0.406307     0.0161297      259.081
0.16     -0.406307     0.0181247      241.102
0.16     -0.406307     0.0199164      218.475
0.16     -0.406307     0.0215424      198.449
0.16     -0.406307     0.0230309      253.573
0.16     -0.406307     0.0244033      198.715
0.16     -0.406307     0.0256764      157.294
0.16     -0.406307     0.0268636      125.032
0.16     -0.406307     0.0279757      130.016
0.16     -0.406307     0.0290218      102.984
0.16     -0.406307     0.0300091      77.8795
0.16     -0.406307     0.030944      70.4787
0.16     -0.406307     0.0318318      52.9806
0.16     -0.406307     0.0326769      41.3025
0.16     -0.406307     0.0334833      30.4352
0.16     -0.406307     0.0342544      22.0779
0.16     -0.406307     0.0349931      15.8172
0.16     -0.406307     0.035702      10.86
0.16     -0.406307     0.0363835      7.19833
0.16     -0.406307     0.0370396      4.47731
0.16     -0.406307     0.0376721      2.57329
0.16     -0.406307     0.0382827      1.30033
0.16     -0.406307     0.0388728      0.548584
0.16     -0.406307     0.0394438      0.160348
0.16     -0.406307     0.0399968      0.0191468
0.16     -0.406307     0.040533      0
0.16     -0.239626     0      0
0.16     -0.239626     0.00461847      177.897
0.16     -0.239626     0.0082736      230.861
0.16     -0.239626     0.0112987      298.971
0.16     -0.239626     0.0138794      279.423
0.16     -0.239626     0.0161297      258.378
0.16     -0.239626     0.0181247      241.249
0.16     -0.239626     0.0199164      218.725
0.16     -0.239626     0.0215424      200.845
0.16     -0.239626     0.0230309      258.952
0.16     -0.239626     0.0244033      205.733
0.16     -0.239626     0.0256764      164.345
0.16     -0.239626     0.0268636      132.488
0.16     -0.239626     0.0279757      136.974
0.16     -0.239626     0.0290218      107.755
0.16     -0.239626     0.0300091      80.3914
0.16     -0.239626     0.030944      71.7476
0.16     -0.239626     0.0318318      53.6796
0.16     -0.239626     0.0326769      41.9
0.16     -0.239626     0.0334833      30.8884
0.16     -0.239626     0.0342544      22.4681
0.16     -0.239626     0.0349931      16.0665
0.16     -0.239626     0.035702      11.1053
0.16     -0.239626     0.0363835      7.33949
0.16     -0.239626     0.0370396      4.5649
0.16     -0.239626     0.0376721      2.59312
0.16     -0.239626     0.0382827      1.32135
0.16     -0.239626     0.0388728      0.541172
0.16     -0.239626     0.0394438      0.161797
0.16     -0.239626     0.0399968      0.0191549
0.16     -0.239626     0.040533      0
0.16     -0.108332     0      0
0.16     -0.108332     0.00461847      178.805
0.16     -0.108332     0.0082736      231.445
0.16     -0.108332     0.0112987      297.387
0.16     -0.108332     0.0138794      277.248
0.16     -0.108332     0.0161297      256.138
0.16     -0.108332     0.0181247      239.242
0.16     -0.108332     0.0199164      220.054
0.16     -0.108332     0.0215424      202.827
0.16     -0.108332     0.0230309      261.238
0.16     -0.108332     0.0244033      207.873
0.16     -0.108332     0.0256764      169.262
0.16     -0.108332     0.0268636      138.562
0.16     -0.108332     0.0279757      143.076
0.16     -0.108332     0.0290218      113.149
0.16     -0.108332     0.0300091      84.1727
0.16     -0.108332     0.030944      73.9574
0.16     -0.108332     0.0318318      54.307
0.16     -0.108332     0.0326769      42.1362
0.16     -0.108332     0.0334833      31.1556
0.16     -0.108332     0.0342544      22.7437
0.16     -0.108332     0.0349931      16.3145
0.16     -0.108332     0.035702      11.3233
0.16     -0.108332     0.0363835      7.52135
0.16     -0.108332     0.0370396      4.71773
0.16     -0.108332     0.0376721      2.70537
0.16     -0.108332     0.0382827      1.37494
0.16     -0.108332     0.0388728      0.575603
0.16     -0.108332     0.0394438      0.166224
0.16     -0.108332     0.0399968      0.0207967
0.16     -0.108332     0.040533      0
0.16     -2e-20     0      0
0.16     -2e-20     0.00461847      179.727
0.16     -2e-20     0.0082736      231.826
0.16     -2e-20     0.0112987      296.311
0.16     -2e-20     0.0138794      274.844
0.16     -2e-20     0.0161297      253.303
0.16     -2e-20     0.0181247      238.09
0.16     -2e-20     0.0199164      219.829
0.16     -2e-20     0.0215424      204.038
0.16     -2e-20     0.0230309      261.58
0.16     -2e-20     0.0244033      209.381
0.16     -2e-20     0.0256764      171.501
0.16     -2e-20     0.0268636      142.535
0.16     -2e-20     0.0279757      147.788
0.16     -2e-20     0.0290218      117.701
0.16     -2e-20     0.0300091      88.7401
0.16     -2e-20     0.030944      76.8843
0.16     -2e-20     0.0318318      56.1693
0.16     -2e-20     0.0326769      42.6324
0.16     -2e-20     0.0334833      31.229
0.16     -2e-20     0.0342544      22.7862
0.16     -2e-20     0.0349931      16.418
0.16     -2e-20     0.035702      11.3863
0.16     -2e-20     0.0363835      7.58922
0.16     -2e-20     0.0370396      4.75041
0.16     -2e-20     0.0376721      2.72846
0.16     -2e-20     0.0382827      1.39127
0.16     -2e-20     0.0388728      0.581991
0.16     -2e-20     0.0394438      0.168698
0.16     -2e-20     0.0399968      0.0209353
0.16     -2e-20     0.040533      0
0.16     0.0922185     0      0
0.16     0.0922185     0.00461847      180.562
0.16     0.0922185     0.0082736      232.067
0.16     0.0922185     0.0112987      294.9
0.16     0.0922185     0.0138794      273.083
0.16     0.0922185     0.0161297      251.953
0.16     0.0922185     0.0181247      237.497
0.16     0.0922185     0.0199164      218.77
0.16     0.0922185     0.0215424      203.476
0.16     0.0922185     0.0230309      262.935
0.16     0.0922185     0.0244033      209.898
0.16     0.0922185     0.0256764      172.538
0.16     0.0922185     0.0268636      144.321
0.16     0.0922185     0.0279757      151.225
0.16     0.0922185     0.0290218      121.641
0.16     0.0922185     0.0300091      92.2113
0.16     0.0922185     0.030944      80.8406
0.16     0.0922185     0.0318318      58.6873
0.16     0.0922185     0.0326769      44.3062
0.16     0.0922185     0.0334833      31.7063
0.16     0.0922185     0.0342544      22.7974
0.16     0.0922185     0.0349931      16.3401
0.16     0.0922185     0.035702      11.3331
0.16     0.0922185     0.0363835      7.5636
0.16     0.0922185     0.0370396      4.72334
0.16     0.0922185     0.0376721      2.71617
0.16     0.0922185     0.0382827      1.37997
0.16     0.0922185     0.0388728      0.581016
0.16     0.0922185     0.0394438      0.171553
0.16     0.0922185     0.0399968      0.0207727
0.16     0.0922185     0.040533      0
0.16     0.172502     0      0
0.16     0.172502     0.00461847      181.32
0.16     0.172502     0.0082736      232.099
0.16     0.172502     0.0112987      293.35
0.16     0.172502     0.0138794      271.838
0.16     0.172502     0.0161297      251.128
0.16     0.172502     0.0181247      235.682
0.16     0.172502     0.0199164      217.323
0.16     0.172502     0.0215424      202.115
0.16     0.172502     0.0230309      263.224
0.16     0.172502     0.0244033      210.45
0.16     0.172502     0.0256764      173.172
0.16     0.172502     0.0268636      144.997
0.16     0.172502     0.0279757      152.782
0.16     0.172502     0.0290218      124.819
0.16     0.172502     0.0300091      95.6273
0.16     0.172502     0.030944      83.8679
0.16     0.172502     0.0318318      62.2605
0.16     0.172502     0.0326769      46.7194
0.16     0.172502     0.0334833      33.1406
0.16     0.172502     0.0342544      23.1897
0.16     0.172502     0.0349931      16.2783
0.16     0.172502     0.035702      11.2937
0.16     0.172502     0.0363835      7.47389
0.16     0.172502     0.0370396      4.67638
0.16     0.172502     0.0376721      2.68464
0.16     0.172502     0.0382827      1.37378
0.16     0.172502     0.0388728      0.584744
0.16     0.172502     0.0394438      0.17207
0.16     0.172502     0.0399968      0.0217761
0.16     0.172502     0.040533      0
0.16     0.243589     0      0
0.16     0.243589     0.00461847      182.081
0.16     0.243589     0.0082736      232.112
0.16     0.243589     0.0112987      291.662
0.16     0.243589     0.0138794      271.958
0.16     0.243589     0.0161297      250.356
0.16     0.243589     0.0181247      234.248
0.16     0.243589     0.0199164      215.665
0.16     0.243589     0.0215424      200.676
0.16     0.243589     0.0230309      262.36
0.16     0.243589     0.0244033      210.929
0.16     0.243589     0.0256764      173.121
0.16     0.243589     0.0268636      145.209
0.16     0.243589     0.0279757      153.587
0.16     0.243589     0.0290218      126.335
0.16     0.243589     0.0300091      98.812
0.16     0.243589     0.030944      86.9472
0.16     0.243589     0.0318318      65.0295
0.16     0.243589     0.0326769      50.1764
0.16     0.243589     0.0334833      35.4339
0.16     0.243589     0.0342544      24.3886
0.16     0.243589     0.0349931      16.5886
0.16     0.243589     0.035702      11.252
0.16     0.243589     0.0363835      7.44349
0.16     0.243589     0.0370396      4.64565
0.16     0.243589     0.0376721      2.67333
0.16     0.243589     0.0382827      1.36786
0.16     0.243589     0.0388728      0.580092
0.16     0.243589     0.0394438      0.178243
0.16     0.243589     0.0399968      0.0215644
0.16     0.243589     0.040533      0
0.16     0.307372     0      0
0.16     0.307372     0.00461847      182.756
0.16     0.307372     0.0082736      232.19
0.16     0.307372     0.0112987      290.184
0.16     0.307372     0.0138794      271.84
0.16     0.307372     0.0161297      249.89
0.16     0.307372     0.0181247      232.604
0.16     0.307372     0.0199164      213.704
0.16     0.307372     0.0215424      198.822
0.16     0.307372     0.0230309      261.358
0.16     0.307372     0.0244033      210.799
0.16     0.307372     0.0256764      173.534
0.16     0.307372     0.0268636      144.873
0.16     0.307372     0.0279757      153.934
0.16     0.307372     0.0290218      127.039
0.16     0.307372     0.0300091      100.487
0.16     0.307372     0.030944      90.3953
0.16     0.307372     0.0318318      67.8613
0.16     0.307372     0.0326769      53.135
0.16     0.307372     0.0334833      38.6802
0.16     0.307372     0.0342544      26.5075
0.16     0.307372     0.0349931      17.7001
0.16     0.307372     0.035702      11.4412
0.16     0.307372     0.0363835      7.44648
0.16     0.307372     0.0370396      4.64532
0.16     0.307372     0.0376721      2.68861
0.16     0.307372     0.0382827      1.37768
0.16     0.307372     0.0388728      0.5898
0.16     0.307372     0.0394438      0.176948
0.16     0.307372     0.0399968      0.0228794
0.16     0.307372     0.040533      0
0.16     0.365212     0      0
0.16     0.365212     0.00461847      183.321
0.16     0.365212     0.0082736      232.299
0.16     0.365212     0.0112987      289.389
0.16     0.365212     0.0138794      271.469
0.16     0.365212     0.0161297      249.228
0.16     0.365212     0.0181247      231.527
0.16     0.365212     0.0199164      212.295
0.16     0.365212     0.0215424      196.771
0.16     0.365212     0.0230309      260.453
0.16     0.365212     0.0244033      209.56
0.16     0.365212     0.0256764      173.727
0.16     0.365212     0.0268636      145.222
0.16     0.365212     0.0279757      154.064
0.16     0.365212     0.0290218      127.673
0.16     0.365212     0.0300091      101.383
0.16     0.365212     0.030944      92.4549
0.16     0.365212     0.0318318      71.1131
0.16     0.365212     0.0326769      56.0374
0.16     0.365212     0.0334833      41.8511
0.16     0.365212     0.0342544      29.6
0.16     0.365212     0.0349931      19.5847
0.16     0.365212     0.035702      12.4291
0.16     0.365212     0.0363835      7.56393
0.16     0.365212     0.0370396      4.68987
0.16     0.365212     0.0376721      2.71676
0.16     0.365212     0.0382827      1.39706
0.16     0.365212     0.0388728      0.595917
0.16     0.365212     0.0394438      0.178801
0.16     0.365212     0.0399968      0.0231507
0.16     0.365212     0.040533      0
0.16     0.418124     0      0
0.16     0.418124     0.00461847      183.729
0.16     0.418124     0.0082736      232.442
0.16     0.418124     0.0112987      288.359
0.16     0.418124     0.0138794      270.958
0.16     0.418124     0.0161297      248.868
0.16     0.418124     0.0181247      230.694
0.16     0.418124     0.0199164      210.757
0.16     0.418124     0.0215424      194.404
0.16     0.418124     0.0230309      258.947
0.16     0.418124     0.0244033      208.515
0.16     0.418124     0.0256764      172.885
0.16     0.418124     0.0268636      145.413
0.16     0.418124     0.0279757      154.122
0.16     0.418124     0.0290218      128.067
0.16     0.418124     0.0300091      102.04
0.16     0.418124     0.030944      93.4608
0.16     0.418124     0.0318318      73.4339
0.16     0.418124     0.0326769      59.3759
0.16     0.418124     0.0334833      44.7868
0.16     0.418124     0.0342544      32.8692
0.16     0.418124     0.0349931      22.309
0.16     0.418124     0.035702      13.9991
0.16     0.418124     0.0363835      8.35054
0.16     0.418124     0.0370396      4.76234
0.16     0.418124     0.0376721      2.74216
0.16     0.418124     0.0382827      1.40995
0.16     0.418124     0.0388728      0.604179
0.16     0.418124     0.0394438      0.183665
0.16     0.418124     0.0399968      0.0233144
0.16     0.418124     0.040533      0
0.16     0.466881     0      0
0.16     0.466881     0.00461847      184.088
0.16     0.466881     0.0082736      232.735
0.16     0.466881     0.0112987      287.206
0.16     0.466881     0.0138794      270.233
0.16     0.466881     0.0161297      248.334
0.16     0.466881     0.0181247      229.895
0.16     0.466881     0.0199164      209.061
0.16     0.466881     0.0215424      192.579
0.16     0.466881     0.0230309      257.444
0.16     0.466881     0.0244033      207.145
0.16     0.466881     0.0256764      171.274
0.16     0.466881     0.0268636      145.098
0.16     0.466881     0.0279757      154.46
0.16     0.466881     0.0290218      127.841
0.16     0.466881     0.0300091      102.342
0.16     0.466881     0.030944      94.1383
0.16     0.466881     0.0318318      74.5921
0.16     0.466881     0.0326769      62.2191
0.16     0.466881     0.0334833      48.0104
0.16     0.466881     0.0342544      35.841
0.16     0.466881     0.0349931      25.526
0.16     0.466881     0.035702      16.4201
0.16     0.466881     0.0363835      9.6248
0.16     0.466881     0.0370396      5.23675
0.16     0.466881     0.0376721      2.75803
0.16     0.466881     0.0382827      1.4176
0.16     0.466881     0.0388728      0.61002
0.16     0.466881     0.0394438      0.183856
0.16     0.466881     0.0399968      0.0233029
0.16     0.466881     0.040533      0
0.16     0.512089     0      0
0.16     0.512089     0.00461847      184.505
0.16     0.512089     0.0082736      233.386
0.16     0.512089     0.0112987      285.937
0.16     0.512089     0.0138794      269.371
0.16     0.512089     0.0161297      248.222
0.16     0.512089     0.0181247      229.274
0.16     0.512089     0.0199164      207.742
0.16     0.512089     0.0215424      190.706
0.16     0.512089     0.0230309      255.635
0.16     0.512089     0.0244033      205.417
0.16     0.512089     0.0256764      169.921
0.16     0.512089     0.0268636      143.748
0.16     0.512089     0.0279757      154.952
0.16     0.512089     0.0290218      128.138
0.16     0.512089     0.0300091      102.384
0.16     0.512089     0.030944      94.778
0.16     0.512089     0.0318318      75.2174
0.16     0.512089     0.0326769      64.0709
0.16     0.512089     0.0334833      51.3466
0.16     0.512089     0.0342544      38.877
0.16     0.512089     0.0349931      28.5672
0.16     0.512089     0.035702      19.4112
0.16     0.512089     0.0363835      11.6006
0.16     0.512089     0.0370396      6.17949
0.16     0.512089     0.0376721      2.89936
0.16     0.512089     0.0382827      1.42375
0.16     0.512089     0.0388728      0.609274
0.16     0.512089     0.0394438      0.183299
0.16     0.512089     0.0399968      0.0232544
0.16     0.512089     0.040533      0
0.16     0.55423     0      0
0.16     0.55423     0.00461847      184.914
0.16     0.55423     0.0082736      234.13
0.16     0.55423     0.0112987      284.554
0.16     0.55423     0.0138794      268.587
0.16     0.55423     0.0161297      247.879
0.16     0.55423     0.0181247      228.614
0.16     0.55423     0.0199164      206.705
0.16     0.55423     0.0215424      188.609
0.16     0.55423     0.0230309      254.166
0.16     0.55423     0.0244033      203.563
0.16     0.55423     0.0256764      168.214
0.16     0.55423     0.0268636      142.027
0.16     0.55423     0.0279757      154.66
0.16     0.55423     0.0290218      128.616
0.16     0.55423     0.0300091      102.518
0.16     0.55423     0.030944      95.3003
0.16     0.55423     0.0318318      76.0397
0.16     0.55423     0.0326769      65.2286
0.16     0.55423     0.0334833      53.8281
0.16     0.55423     0.0342544      42.418
0.16     0.55423     0.0349931      31.4844
0.16     0.55423     0.035702      22.4689
0.16     0.55423     0.0363835      14.2684
0.16     0.55423     0.0370396      7.70564
0.16     0.55423     0.0376721      3.47315
0.16     0.55423     0.0382827      1.43417
0.16     0.55423     0.0388728      0.605071
0.16     0.55423     0.0394438      0.180028
0.16     0.55423     0.0399968      0.0232333
0.16     0.55423     0.040533      0
0.16     0.593693     0      0
0.16     0.593693     0.00461847      185.27
0.16     0.593693     0.0082736      234.917
0.16     0.593693     0.0112987      283.259
0.16     0.593693     0.0138794      267.624
0.16     0.593693     0.0161297      247.308
0.16     0.593693     0.0181247      228.128
0.16     0.593693     0.0199164      205.845
0.16     0.593693     0.0215424      186.962
0.16     0.593693     0.0230309      252.804
0.16     0.593693     0.0244033      201.428
0.16     0.593693     0.0256764      166.373
0.16     0.593693     0.0268636      140.538
0.16     0.593693     0.0279757      153.289
0.16     0.593693     0.0290218      129.053
0.16     0.593693     0.0300091      102.94
0.16     0.593693     0.030944      95.383
0.16     0.593693     0.0318318      76.6858
0.16     0.593693     0.0326769      66.1541
0.16     0.593693     0.0334833      55.4807
0.16     0.593693     0.0342544      45.3137
0.16     0.593693     0.0349931      34.8835
0.16     0.593693     0.035702      25.4058
0.16     0.593693     0.0363835      17.393
0.16     0.593693     0.0370396      9.91409
0.16     0.593693     0.0376721      4.52393
0.16     0.593693     0.0382827      1.68194
0.16     0.593693     0.0388728      0.60273
0.16     0.593693     0.0394438      0.178976
0.16     0.593693     0.0399968      0.0213503
0.16     0.593693     0.040533      0
0.16     0.630798     0      0
0.16     0.630798     0.00461847      185.616
0.16     0.630798     0.0082736      235.654
0.16     0.630798     0.0112987      281.922
0.16     0.630798     0.0138794      266.936
0.16     0.630798     0.0161297      246.703
0.16     0.630798     0.0181247      227.364
0.16     0.630798     0.0199164      205.152
0.16     0.630798     0.0215424      185.474
0.16     0.630798     0.0230309      251.289
0.16     0.630798     0.0244033      199.751
0.16     0.630798     0.0256764      164.376
0.16     0.630798     0.0268636      138.85
0.16     0.630798     0.0279757      152.22
0.16     0.630798     0.0290218      128.419
0.16     0.630798     0.0300091      103.623
0.16     0.630798     0.030944      95.6029
0.16     0.630798     0.0318318      76.7879
0.16     0.630798     0.0326769      66.9205
0.16     0.630798     0.0334833      56.4714
0.16     0.630798     0.0342544      47.6517
0.16     0.630798     0.0349931      38.0677
0.16     0.630798     0.035702      28.4609
0.16     0.630798     0.0363835      20.5254
0.16     0.630798     0.0370396      12.8911
0.16     0.630798     0.0376721      6.20129
0.16     0.630798     0.0382827      2.33995
0.16     0.630798     0.0388728      0.612415
0.16     0.630798     0.0394438      0.17992
0.16     0.630798     0.0399968      0.0214775
0.16     0.630798     0.040533      0
0.16     0.665812     0      0
0.16     0.665812     0.00461847      185.953
0.16     0.665812     0.0082736      236.411
0.16     0.665812     0.0112987      280.847
0.16     0.665812     0.0138794      266.251
0.16     0.665812     0.0161297      246.063
0.16     0.665812     0.0181247      226.737
0.16     0.665812     0.0199164      204.339
0.16     0.665812     0.0215424      183.957
0.16     0.665812     0.0230309      250.106
0.16     0.665812     0.0244033      197.933
0.16     0.665812     0.0256764      161.992
0.16     0.665812     0.0268636      136.992
0.16     0.665812     0.0279757      150.875
0.16     0.665812     0.0290218      127.037
0.16     0.665812     0.0300091      103.646
0.16     0.665812     0.030944      96.4115
0.16     0.665812     0.0318318      77.072
0.16     0.665812     0.0326769      67.5408
0.16     0.665812     0.0334833      57.4701
0.16     0.665812     0.0342544      49.0929
0.16     0.665812     0.0349931      40.9443
0.16     0.665812     0.035702      31.9084
0.16     0.665812     0.0363835      23.5726
0.16     0.665812     0.0370396      15.9656
0.16     0.665812     0.0376721      8.49564
0.16     0.665812     0.0382827      3.37254
0.16     0.665812     0.0388728      0.860522
0.16     0.665812     0.0394438      0.175168
0.16     0.665812     0.0399968      0.0215844
0.16     0.665812     0.040533      0
0.16     0.698958     0      0
0.16     0.698958     0.00461847      186.614
0.16     0.698958     0.0082736      237.097
0.16     0.698958     0.0112987      279.991
0.16     0.698958     0.0138794      265.549
0.16     0.698958     0.0161297      245.243
0.16     0.698958     0.0181247      225.99
0.16     0.698958     0.0199164      203.268
0.16     0.698958     0.0215424      182.74
0.16     0.698958     0.0230309      249.248
0.16     0.698958     0.0244033      196.037
0.16     0.698958     0.0256764      160.097
0.16     0.698958     0.0268636      134.797
0.16     0.698958     0.0279757      149.716
0.16     0.698958     0.0290218      126.027
0.16     0.698958     0.0300091      102.717
0.16     0.698958     0.030944      97.2458
0.16     0.698958     0.0318318      77.5686
0.16     0.698958     0.0326769      67.6941
0.16     0.698958     0.0334833      58.4297
0.16     0.698958     0.0342544      50.2785
0.16     0.698958     0.0349931      42.8811
0.16     0.698958     0.035702      35.1289
0.16     0.698958     0.0363835      27.1553
0.16     0.698958     0.0370396      19.1935
0.16     0.698958     0.0376721      11.2448
0.16     0.698958     0.0382827      5.00702
0.16     0.698958     0.0388728      1.46241
0.16     0.698958     0.0394438      0.181136
0.16     0.698958     0.0399968      0.0216337
0.16     0.698958     0.040533      0
0.16     0.730425     0      0
0.16     0.730425     0.00461847      187.275
0.16     0.730425     0.0082736      237.759
0.16     0.730425     0.0112987      279.224
0.16     0.730425     0.0138794      264.977
0.16     0.730425     0.0161297      244.432
0.16     0.730425     0.0181247      225.07
0.16     0.730425     0.0199164      202.288
0.16     0.730425     0.0215424      181.546
0.16     0.730425     0.0230309      248.384
0.16     0.730425     0.0244033      194.423
0.16     0.730425     0.0256764      158.077
0.16     0.730425     0.0268636      132.4
0.16     0.730425     0.0279757      148.224
0.16     0.730425     0.0290218      124.634
0.16     0.730425     0.0300091      101.267
0.16     0.730425     0.030944      97.1036
0.16     0.730425     0.0318318      78.4294
0.16     0.730425     0.0326769      67.9377
0.16     0.730425     0.0334833      58.713
0.16     0.730425     0.0342544      51.2417
0.16     0.730425     0.0349931      44.0821
0.16     0.730425     0.035702      37.7665
0.16     0.730425     0.0363835      30.7692
0.16     0.730425     0.0370396      22.5056
0.16     0.730425     0.0376721      14.5095
0.16     0.730425     0.0382827      7.30734
0.16     0.730425     0.0388728      2.51363
0.16     0.730425     0.0394438      0.36366
0.16     0.730425     0.0399968      0.0217086
0.16     0.730425     0.040533      0
0.16     0.760374     0      0
0.16     0.760374     0.00461847      187.913
0.16     0.760374     0.0082736      238.396
0.16     0.760374     0.0112987      278.347
0.16     0.760374     0.0138794      264.47
0.16     0.760374     0.0161297      243.59
0.16     0.760374     0.0181247      224.137
0.16     0.760374     0.0199164      201.128
0.16     0.760374     0.0215424      180.221
0.16     0.760374     0.0230309      247.866
0.16     0.760374     0.0244033      193.063
0.16     0.760374     0.0256764      156.006
0.16     0.760374     0.0268636      130.368
0.16     0.760374     0.0279757      146.364
0.16     0.760374     0.0290218      123.443
0.16     0.760374     0.0300091      99.9879
0.16     0.760374     0.030944      95.9666
0.16     0.760374     0.0318318      78.8999
0.16     0.760374     0.0326769      68.7987
0.16     0.760374     0.0334833      59.2881
0.16     0.760374     0.0342544      51.996
0.16     0.760374     0.0349931      45.0624
0.16     0.760374     0.035702      39.4591
0.16     0.760374     0.0363835      34.2544
0.16     0.760374     0.0370396      26.2722
0.16     0.760374     0.0376721      17.6745
0.16     0.760374     0.0382827      10.1372
0.16     0.760374     0.0388728      4.09757
0.16     0.760374     0.0394438      0.845753
0.16     0.760374     0.0399968      0.02192
0.16     0.760374     0.040533      0
0.16     0.788947     0      0
0.16     0.788947     0.00461847      188.502
0.16     0.788947     0.0082736      238.985
0.16     0.788947     0.0112987      277.775
0.16     0.788947     0.0138794      263.968
0.16     0.788947     0.0161297      242.976
0.16     0.788947     0.0181247      223.106
0.16     0.788947     0.0199164      199.886
0.16     0.788947     0.0215424      178.883
0.16     0.788947     0.0230309      247.052
0.16     0.788947     0.0244033      191.771
0.16     0.788947     0.0256764      154.178
0.16     0.788947     0.0268636      128.237
0.16     0.788947     0.0279757      144.51
0.16     0.788947     0.0290218      121.862
0.16     0.788947     0.0300091      98.6445
0.16     0.788947     0.030944      94.8069
0.16     0.788947     0.0318318      78.3944
0.16     0.788947     0.0326769      69.7846
0.16     0.788947     0.0334833      59.6737
0.16     0.788947     0.0342544      52.4015
0.16     0.788947     0.0349931      46.2352
0.16     0.788947     0.035702      40.7443
0.16     0.788947     0.0363835      36.7867
0.16     0.788947     0.0370396      30.1609
0.16     0.788947     0.0376721      21.2902
0.16     0.788947     0.0382827      13.3104
0.16     0.788947     0.0388728      6.21717
0.16     0.788947     0.0394438      1.64688
0.16     0.788947     0.0399968      0.0679238
0.16     0.788947     0.040533      0
0.16     0.816262     0      0
0.16     0.816262     0.00461847      189.067
0.16     0.816262     0.0082736      239.607
0.16     0.816262     0.0112987      277.368
0.16     0.816262     0.0138794      263.407
0.16     0.816262     0.0161297      242.309
0.16     0.816262     0.0181247      222.068
0.16     0.816262     0.0199164      198.597
0.16     0.816262     0.0215424      177.48
0.16     0.816262     0.0230309      245.899
0.16     0.816262     0.0244033      190.848
0.16     0.816262     0.0256764      152.451
0.16     0.816262     0.0268636      125.988
0.16     0.816262     0.0279757      142.878
0.16     0.816262     0.0290218      119.773
0.16     0.816262     0.0300091      97.3337
0.16     0.816262     0.030944      93.5062
0.16     0.816262     0.0318318      77.0696
0.16     0.816262     0.0326769      69.8382
0.16     0.816262     0.0334833      60.7195
0.16     0.816262     0.0342544      52.776
0.16     0.816262     0.0349931      46.7484
0.16     0.816262     0.035702      41.9312
0.16     0.816262     0.0363835      38.6661
0.16     0.816262     0.0370396      33.5867
0.16     0.816262     0.0376721      25.2725
0.16     0.816262     0.0382827      16.783
0.16     0.816262     0.0388728      9.05619
0.16     0.816262     0.0394438      2.91667
0.16     0.816262     0.0399968      0.305159
0.16     0.816262     0.040533      0
0.16     0.842428     0      0
0.16     0.842428     0.00461847      189.621
0.16     0.842428     0.0082736      240.201
0.16     0.842428     0.0112987      276.81
0.16     0.842428     0.0138794      262.695
0.16     0.842428     0.0161297      241.659
0.16     0.842428     0.0181247      221.359
0.16     0.842428     0.0199164      197.208
0.16     0.842428     0.0215424      176.144
0.16     0.842428     0.0230309      244.728
0.16     0.842428     0.0244033      189.888
0.16     0.842428     0.0256764      150.758
0.16     0.842428     0.0268636      124.036
0.16     0.842428     0.0279757      141.208
0.16     0.842428     0.0290218      118.024
0.16     0.842428     0.0300091      95.4963
0.16     0.842428     0.030944      92.4137
0.16     0.842428     0.0318318      75.8164
0.16     0.842428     0.0326769      69.0717
0.16     0.842428     0.0334833      61.2643
0.16     0.842428     0.0342544      53.4553
0.16     0.842428     0.0349931      47.6468
0.16     0.842428     0.035702      42.9078
0.16     0.842428     0.0363835      40.2249
0.16     0.842428     0.0370396      36.2843
0.16     0.842428     0.0376721      29.5144
0.16     0.842428     0.0382827      20.6513
0.16     0.842428     0.0388728      12.3317
0.16     0.842428     0.0394438      4.73048
0.16     0.842428     0.0399968      0.795578
0.16     0.842428     0.040533      0
0.16     0.867536     0      0
0.16     0.867536     0.00461847      190.122
0.16     0.867536     0.0082736      240.741
0.16     0.867536     0.0112987      276.263
0.16     0.867536     0.0138794      262.099
0.16     0.867536     0.0161297      241.065
0.16     0.867536     0.0181247      220.54
0.16     0.867536     0.0199164      195.986
0.16     0.867536     0.0215424      174.57
0.16     0.867536     0.0230309      243.275
0.16     0.867536     0.0244033      188.541
0.16     0.867536     0.0256764      149.466
0.16     0.867536     0.0268636      122.121
0.16     0.867536     0.0279757      139.506
0.16     0.867536     0.0290218      116.14
0.16     0.867536     0.0300091      93.1721
0.16     0.867536     0.030944      91.0443
0.16     0.867536     0.0318318      74.5537
0.16     0.867536     0.0326769      67.9939
0.16     0.867536     0.0334833      61.0204
0.16     0.867536     0.0342544      54.5588
0.16     0.867536     0.0349931      47.708
0.16     0.867536     0.035702      43.9927
0.16     0.867536     0.0363835      41.9458
0.16     0.867536     0.0370396      38.3335
0.16     0.867536     0.0376721      33.1544
0.16     0.867536     0.0382827      25.0337
0.16     0.867536     0.0388728      15.9547
0.16     0.867536     0.0394438      7.11888
0.16     0.867536     0.0399968      1.49799
0.16     0.867536     0.040533      0
0.16     0.891668     0      0
0.16     0.891668     0.00461847      190.638
0.16     0.891668     0.0082736      241.214
0.16     0.891668     0.0112987      275.885
0.16     0.891668     0.0138794      261.52
0.16     0.891668     0.0161297      240.417
0.16     0.891668     0.0181247      219.662
0.16     0.891668     0.0199164      194.785
0.16     0.891668     0.0215424      172.95
0.16     0.891668     0.0230309      241.566
0.16     0.891668     0.0244033      187.024
0.16     0.891668     0.0256764      148.189
0.16     0.891668     0.0268636      120.355
0.16     0.891668     0.0279757      138.077
0.16     0.891668     0.0290218      114.276
0.16     0.891668     0.0300091      91.2939
0.16     0.891668     0.030944      89.0525
0.16     0.891668     0.0318318      73.0419
0.16     0.891668     0.0326769      66.4412
0.16     0.891668     0.0334833      60.1711
0.16     0.891668     0.0342544      54.4849
0.16     0.891668     0.0349931      49.0162
0.16     0.891668     0.035702      44.4798
0.16     0.891668     0.0363835      43.3164
0.16     0.891668     0.0370396      40.2733
0.16     0.891668     0.0376721      36.3242
0.16     0.891668     0.0382827      29.6398
0.16     0.891668     0.0388728      20.142
0.16     0.891668     0.0394438      9.96724
0.16     0.891668     0.0399968      2.2893
0.16     0.891668     0.040533      0
0.16     0.914898     0      0
0.16     0.914898     0.00461847      191.141
0.16     0.914898     0.0082736      241.728
0.16     0.914898     0.0112987      275.489
0.16     0.914898     0.0138794      260.919
0.16     0.914898     0.0161297      239.897
0.16     0.914898     0.0181247      218.644
0.16     0.914898     0.0199164      193.603
0.16     0.914898     0.0215424      171.537
0.16     0.914898     0.0230309      239.24
0.16     0.914898     0.0244033      185.256
0.16     0.914898     0.0256764      146.696
0.16     0.914898     0.0268636      118.874
0.16     0.914898     0.0279757      136.836
0.16     0.914898     0.0290218      112.335
0.16     0.914898     0.0300091      89.0533
0.16     0.914898     0.030944      87.2314
0.16     0.914898     0.0318318      71.2459
0.16     0.914898     0.0326769      65.0854
0.16     0.914898     0.0334833      58.8592
0.16     0.914898     0.0342544      54.3164
0.16     0.914898     0.0349931      49.5486
0.16     0.914898     0.035702      44.96
0.16     0.914898     0.0363835      44.5986
0.16     0.914898     0.0370396      41.9021
0.16     0.914898     0.0376721      38.8494
0.16     0.914898     0.0382827      34.0019
0.16     0.914898     0.0388728      24.9359
0.16     0.914898     0.0394438      13.2292
0.16     0.914898     0.0399968      3.28216
0.16     0.914898     0.040533      0
0.16     0.937291     0      0
0.16     0.937291     0.00461847      191.68
0.16     0.937291     0.0082736      242.278
0.16     0.937291     0.0112987      274.978
0.16     0.937291     0.0138794      260.61
0.16     0.937291     0.0161297      239.248
0.16     0.937291     0.0181247      217.828
0.16     0.937291     0.0199164      192.276
0.16     0.937291     0.0215424      170.118
0.16     0.937291     0.0230309      236.618
0.16     0.937291     0.0244033      183.175
0.16     0.937291     0.0256764      144.932
0.16     0.937291     0.0268636      117.288
0.16     0.937291     0.0279757      135.754
0.16     0.937291     0.0290218      110.59
0.16     0.937291     0.0300091      86.8583
0.16     0.937291     0.030944      85.1457
0.16     0.937291     0.0318318      69.104
0.16     0.937291     0.0326769      62.8711
0.16     0.937291     0.0334833      57.3619
0.16     0.937291     0.0342544      53.3092
0.16     0.937291     0.0349931      49.3619
0.16     0.937291     0.035702      46.1947
0.16     0.937291     0.0363835      45.3942
0.16     0.937291     0.0370396      43.8184
0.16     0.937291     0.0376721      41.35
0.16     0.937291     0.0382827      37.727
0.16     0.937291     0.0388728      30.0969
0.16     0.937291     0.0394438      16.8831
0.16     0.937291     0.0399968      4.54812
0.16     0.937291     0.040533      0
0.16     0.958905     0      0
0.16     0.958905     0.00461847      192.102
0.16     0.958905     0.0082736      242.936
0.16     0.958905     0.0112987      274.518
0.16     0.958905     0.0138794      260.234
0.16     0.958905     0.0161297      238.881
0.16     0.958905     0.0181247      216.891
0.16     0.958905     0.0199164      190.92
0.16     0.958905     0.0215424      168.581
0.16     0.958905     0.0230309      233.201
0.16     0.958905     0.0244033      180.623
0.16     0.958905     0.0256764      142.796
0.16     0.958905     0.0268636      115.548
0.16     0.958905     0.0279757      135.006
0.16     0.958905     0.0290218      109.094
0.16     0.958905     0.0300091      84.2967
0.16     0.958905     0.030944      82.9437
0.16     0.958905     0.0318318      66.9265
0.16     0.958905     0.0326769      60.6814
0.16     0.958905     0.0334833      55.1526
0.16     0.958905     0.0342544      51.7135
0.16     0.958905     0.0349931      48.6911
0.16     0.958905     0.035702      46.5692
0.16     0.958905     0.0363835      46.6526
0.16     0.958905     0.0370396      45.3751
0.16     0.958905     0.0376721      43.4577
0.16     0.958905     0.0382827      41.0316
0.16     0.958905     0.0388728      35.0907
0.16     0.958905     0.0394438      21.2403
0.16     0.958905     0.0399968      6.00037
0.16     0.958905     0.040533      0
0.16     0.979792     0      0
0.16     0.979792     0.00461847      192.462
0.16     0.979792     0.0082736      243.431
0.16     0.979792     0.0112987      273.822
0.16     0.979792     0.0138794      259.801
0.16     0.979792     0.0161297      238.472
0.16     0.979792     0.0181247      216.042
0.16     0.979792     0.0199164      189.541
0.16     0.979792     0.0215424      166.976
0.16     0.979792     0.0230309      229.623
0.16     0.979792     0.0244033      177.55
0.16     0.979792     0.0256764      140.425
0.16     0.979792     0.0268636      113.453
0.16     0.979792     0.0279757      134.154
0.16     0.979792     0.0290218      107.785
0.16     0.979792     0.0300091      82.3045
0.16     0.979792     0.030944      80.5382
0.16     0.979792     0.0318318      64.0416
0.16     0.979792     0.0326769      57.991
0.16     0.979792     0.0334833      52.5605
0.16     0.979792     0.0342544      49.4938
0.16     0.979792     0.0349931      47.0654
0.16     0.979792     0.035702      46.2345
0.16     0.979792     0.0363835      47.5359
0.16     0.979792     0.0370396      46.8684
0.16     0.979792     0.0376721      46.0292
0.16     0.979792     0.0382827      44.2479
0.16     0.979792     0.0388728      39.8076
0.16     0.979792     0.0394438      25.9616
0.16     0.979792     0.0399968      7.59334
0.16     0.979792     0.040533      0
0.16     1     0      0
0.16     1     0.00461847      192.725
0.16     1     0.0082736      243.901
0.16     1     0.0112987      272.966
0.16     1     0.0138794      259.128
0.16     1     0.0161297      237.642
0.16     1     0.0181247      215.01
0.16     1     0.0199164      188.101
0.16     1     0.0215424      165.377
0.16     1     0.0230309      225.69
0.16     1     0.0244033      173.34
0.16     1     0.0256764      137.264
0.16     1     0.0268636      111.387
0.16     1     0.0279757      133.065
0.16     1     0.0290218      106.214
0.16     1     0.0300091      79.9419
0.16     1     0.030944      78.6711
0.16     1     0.0318318      61.368
0.16     1     0.0326769      53.8059
0.16     1     0.0334833      49.315
0.16     1     0.0342544      46.8004
0.16     1     0.0349931      44.7014
0.16     1     0.035702      43.8382
0.16     1     0.0363835      48.6104
0.16     1     0.0370396      48.8032
0.16     1     0.0376721      47.4229
0.16     1     0.0382827      48.145
0.16     1     0.0388728      44.2024
0.16     1     0.0394438      30.7019
0.16     1     0.0399968      9.17311
0.16     1     0.040533      0
