0.1225	-1	0	0
0.1225	-1	0.0003375	0.146653
0.1225	-1	0.000604603	0.121231
0.1225	-1	0.000825668	0.096712
0.1225	-1	0.00101426	0.0778659
0.1225	-1	0.0011787	0.0629273
0.1225	-1	0.00132448	0.0513878
0.1225	-1	0.00145541	0.0422871
0.1225	-1	0.00157424	0.034641
0.1225	-1	0.00168301	0.0282653
0.1225	-1	0.0017833	0.0230035
0.1225	-1	0.00187633	0.0186222
0.1225	-1	0.00196309	0.0149368
0.1225	-1	0.00204436	0.0119437
0.1225	-1	0.0021208	0.00941953
0.1225	-1	0.00219295	0.00739306
0.1225	-1	0.00226127	0.00574187
0.1225	-1	0.00232615	0.00438587
0.1225	-1	0.00238791	0.00330909
0.1225	-1	0.00244683	0.00245149
0.1225	-1	0.00250318	0.00174806
0.1225	-1	0.00255716	0.00122629
0.1225	-1	0.00260897	0.000830782
0.1225	-1	0.00265877	0.000530669
0.1225	-1	0.00270672	0.000321458
0.1225	-1	0.00275294	0.000179302
0.1225	-1	0.00279756	8.85261e-05
0.1225	-1	0.00284068	3.6013e-05
0.1225	-1	0.0028824	1.02743e-05
0.1225	-1	0.00292282	1.22612e-06
0.1225	-1	0.002962	0
0.1225	-0.634788	0	0
0.1225	-0.634788	0.0003375	0.168542
0.1225	-0.634788	0.000604603	0.144886
0.1225	-0.634788	0.000825668	0.115046
0.1225	-0.634788	0.00101426	0.0910585
0.1225	-0.634788	0.0011787	0.0724239
0.1225	-0.634788	0.00132448	0.0578435
0.1225	-0.634788	0.00145541	0.0464254
0.1225	-0.634788	0.00157424	0.0376722
0.1225	-0.634788	0.00168301	0.0306978
0.1225	-0.634788	0.0017833	0.0249832
0.1225	-0.634788	0.00187633	0.0202417
0.1225	-0.634788	0.00196309	0.0162945
0.1225	-0.634788	0.00204436	0.0130245
0.1225	-0.634788	0.0021208	0.0103215
0.1225	-0.634788	0.00219295	0.00809447
0.1225	-0.634788	0.00226127	0.00627729
0.1225	-0.634788	0.00232615	0.00480721
0.1225	-0.634788	0.00238791	0.00361417
0.1225	-0.634788	0.00244683	0.00266645
0.1225	-0.634788	0.00250318	0.00192314
0.1225	-0.634788	0.00255716	0.00134495
0.1225	-0.634788	0.00260897	0.00090765
0.1225	-0.634788	0.00265877	0.0005856
0.1225	-0.634788	0.00270672	0.000355459
0.1225	-0.634788	0.00275294	0.000198417
0.1225	-0.634788	0.00279756	9.80345e-05
0.1225	-0.634788	0.00284068	3.99087e-05
0.1225	-0.634788	0.0028824	1.13933e-05
0.1225	-0.634788	0.00292282	1.36052e-06
0.1225	-0.634788	0.002962	0
0.1225	-0.406307	0	0
0.1225	-0.406307	0.0003375	0.185016
0.1225	-0.406307	0.000604603	0.165188
0.1225	-0.406307	0.000825668	0.13317
0.1225	-0.406307	0.00101426	0.105213
0.1225	-0.406307	0.0011787	0.0829509
0.1225	-0.406307	0.00132448	0.0654597
0.1225	-0.406307	0.00145541	0.0518803
0.1225	-0.406307	0.00157424	0.0413713
0.1225	-0.406307	0.00168301	0.0331047
0.1225	-0.406307	0.0017833	0.026618
0.1225	-0.406307	0.00187633	0.0214189
0.1225	-0.406307	0.00196309	0.0172324
0.1225	-0.406307	0.00204436	0.0137752
0.1225	-0.406307	0.0021208	0.0109321
0.1225	-0.406307	0.00219295	0.00859496
0.1225	-0.406307	0.00226127	0.0066741
0.1225	-0.406307	0.00232615	0.00510107
0.1225	-0.406307	0.00238791	0.00384133
0.1225	-0.406307	0.00244683	0.00283729
0.1225	-0.406307	0.00250318	0.00204699
0.1225	-0.406307	0.00255716	0.00143298
0.1225	-0.406307	0.00260897	0.000968219
0.1225	-0.406307	0.00265877	0.000625027
0.1225	-0.406307	0.00270672	0.000379593
0.1225	-0.406307	0.00275294	0.000211996
0.1225	-0.406307	0.00279756	0.000104795
0.1225	-0.406307	0.00284068	4.26805e-05
0.1225	-0.406307	0.0028824	1.219e-05
0.1225	-0.406307	0.00292282	1.45629e-06
0.1225	-0.406307	0.002962	0
0.1225	-0.239626	0	0
0.1225	-0.239626	0.0003375	0.198264
0.1225	-0.239626	0.000604603	0.182956
0.1225	-0.239626	0.000825668	0.150027
0.1225	-0.239626	0.00101426	0.119708
0.1225	-0.239626	0.0011787	0.0944964
0.1225	-0.239626	0.00132448	0.0740691
0.1225	-0.239626	0.00145541	0.0584397
0.1225	-0.239626	0.00157424	0.0461355
0.1225	-0.239626	0.00168301	0.0363771
0.1225	-0.239626	0.0017833	0.0288323
0.1225	-0.239626	0.00187633	0.0228687
0.1225	-0.239626	0.00196309	0.0181585
0.1225	-0.239626	0.00204436	0.0144253
0.1225	-0.239626	0.0021208	0.011421
0.1225	-0.239626	0.00219295	0.00898603
0.1225	-0.239626	0.00226127	0.00697763
0.1225	-0.239626	0.00232615	0.00534788
0.1225	-0.239626	0.00238791	0.00403201
0.1225	-0.239626	0.00244683	0.00297776
0.1225	-0.239626	0.00250318	0.00214959
0.1225	-0.239626	0.00255716	0.00150981
0.1225	-0.239626	0.00260897	0.00102067
0.1225	-0.239626	0.00265877	0.000656964
0.1225	-0.239626	0.00270672	0.000398851
0.1225	-0.239626	0.00275294	0.000222839
0.1225	-0.239626	0.00279756	0.000110196
0.1225	-0.239626	0.00284068	4.48963e-05
0.1225	-0.239626	0.0028824	1.28273e-05
0.1225	-0.239626	0.00292282	1.53292e-06
0.1225	-0.239626	0.002962	0
0.1225	-0.108332	0	0
0.1225	-0.108332	0.0003375	0.209165
0.1225	-0.108332	0.000604603	0.198282
0.1225	-0.108332	0.000825668	0.166842
0.1225	-0.108332	0.00101426	0.134013
0.1225	-0.108332	0.0011787	0.106669
0.1225	-0.108332	0.00132448	0.0839856
0.1225	-0.108332	0.00145541	0.065576
0.1225	-0.108332	0.00157424	0.0517858
0.1225	-0.108332	0.00168301	0.0406115
0.1225	-0.108332	0.0017833	0.0318566
0.1225	-0.108332	0.00187633	0.0248952
0.1225	-0.108332	0.00196309	0.0195818
0.1225	-0.108332	0.00204436	0.0153359
0.1225	-0.108332	0.0021208	0.0119738
0.1225	-0.108332	0.00219295	0.00934054
0.1225	-0.108332	0.00226127	0.00724247
0.1225	-0.108332	0.00232615	0.0055553
0.1225	-0.108332	0.00238791	0.00419282
0.1225	-0.108332	0.00244683	0.00310218
0.1225	-0.108332	0.00250318	0.00223834
0.1225	-0.108332	0.00255716	0.00156979
0.1225	-0.108332	0.00260897	0.00106433
0.1225	-0.108332	0.00265877	0.000687303
0.1225	-0.108332	0.00270672	0.000416013
0.1225	-0.108332	0.00275294	0.000232015
0.1225	-0.108332	0.00279756	0.000114769
0.1225	-0.108332	0.00284068	4.67733e-05
0.1225	-0.108332	0.0028824	1.33674e-05
0.1225	-0.108332	0.00292282	1.59791e-06
0.1225	-0.108332	0.002962	0
0.1225	-2e-20	0	0
0.1225	-2e-20	0.0003375	0.218434
0.1225	-2e-20	0.000604603	0.211897
0.1225	-2e-20	0.000825668	0.181669
0.1225	-2e-20	0.00101426	0.148873
0.1225	-2e-20	0.0011787	0.118671
0.1225	-2e-20	0.00132448	0.0942692
0.1225	-2e-20	0.00145541	0.0743452
0.1225	-2e-20	0.00157424	0.0581138
0.1225	-2e-20	0.00168301	0.0455241
0.1225	-2e-20	0.0017833	0.0355799
0.1225	-2e-20	0.00187633	0.0277683
0.1225	-2e-20	0.00196309	0.0216109
0.1225	-2e-20	0.00204436	0.0166079
0.1225	-2e-20	0.0021208	0.0128909
0.1225	-2e-20	0.00219295	0.00989451
0.1225	-2e-20	0.00226127	0.00756407
0.1225	-2e-20	0.00232615	0.00576105
0.1225	-2e-20	0.00238791	0.00433447
0.1225	-2e-20	0.00244683	0.00321025
0.1225	-2e-20	0.00250318	0.0023206
0.1225	-2e-20	0.00255716	0.00162231
0.1225	-2e-20	0.00260897	0.00110025
0.1225	-2e-20	0.00265877	0.000712338
0.1225	-2e-20	0.00270672	0.000433735
0.1225	-2e-20	0.00275294	0.000241804
0.1225	-2e-20	0.00279756	0.000118777
0.1225	-2e-20	0.00284068	4.84195e-05
0.1225	-2e-20	0.0028824	1.38412e-05
0.1225	-2e-20	0.00292282	1.65494e-06
0.1225	-2e-20	0.002962	0
0.1225	0.0922185	0	0
0.1225	0.0922185	0.0003375	0.226643
0.1225	0.0922185	0.000604603	0.224328
0.1225	0.0922185	0.000825668	0.19582
0.1225	0.0922185	0.00101426	0.162851
0.1225	0.0922185	0.0011787	0.132336
0.1225	0.0922185	0.00132448	0.104427
0.1225	0.0922185	0.00145541	0.083238
0.1225	0.0922185	0.00157424	0.0656567
0.1225	0.0922185	0.00168301	0.0514883
0.1225	0.0922185	0.0017833	0.0400705
0.1225	0.0922185	0.00187633	0.03111
0.1225	0.0922185	0.00196309	0.0240517
0.1225	0.0922185	0.00204436	0.0185943
0.1225	0.0922185	0.0021208	0.014248
0.1225	0.0922185	0.00219295	0.0107387
0.1225	0.0922185	0.00226127	0.00813953
0.1225	0.0922185	0.00232615	0.00610328
0.1225	0.0922185	0.00238791	0.00451491
0.1225	0.0922185	0.00244683	0.00331505
0.1225	0.0922185	0.00250318	0.00238668
0.1225	0.0922185	0.00255716	0.00167726
0.1225	0.0922185	0.00260897	0.00113248
0.1225	0.0922185	0.00265877	0.000734393
0.1225	0.0922185	0.00270672	0.000446551
0.1225	0.0922185	0.00275294	0.000250921
0.1225	0.0922185	0.00279756	0.000122374
0.1225	0.0922185	0.00284068	4.98969e-05
0.1225	0.0922185	0.0028824	1.42667e-05
0.1225	0.0922185	0.00292282	1.70617e-06
0.1225	0.0922185	0.002962	0
0.1225	0.172502	0	0
0.1225	0.172502	0.0003375	0.234135
0.1225	0.172502	0.000604603	0.23577
0.1225	0.172502	0.000825668	0.208865
0.1225	0.172502	0.00101426	0.175997
0.1225	0.172502	0.0011787	0.144988
0.1225	0.172502	0.00132448	0.116621
0.1225	0.172502	0.00145541	0.0920719
0.1225	0.172502	0.00157424	0.0734508
0.1225	0.172502	0.00168301	0.0580061
0.1225	0.172502	0.0017833	0.0454679
0.1225	0.172502	0.00187633	0.0352574
0.1225	0.172502	0.00196309	0.0273342
0.1225	0.172502	0.00204436	0.0208806
0.1225	0.172502	0.0021208	0.0159082
0.1225	0.172502	0.00219295	0.0121104
0.1225	0.172502	0.00226127	0.00904143
0.1225	0.172502	0.00232615	0.00665526
0.1225	0.172502	0.00238791	0.00487136
0.1225	0.172502	0.00244683	0.00351637
0.1225	0.172502	0.00250318	0.00248672
0.1225	0.172502	0.00255716	0.0017277
0.1225	0.172502	0.00260897	0.00116224
0.1225	0.172502	0.00265877	0.00075362
0.1225	0.172502	0.00270672	0.000460006
0.1225	0.172502	0.00275294	0.00025826
0.1225	0.172502	0.00279756	0.00012744
0.1225	0.172502	0.00284068	5.12449e-05
0.1225	0.172502	0.0028824	1.4655e-05
0.1225	0.172502	0.00292282	1.75294e-06
0.1225	0.172502	0.002962	0
0.1225	0.243589	0	0
0.1225	0.243589	0.0003375	0.240836
0.1225	0.243589	0.000604603	0.246696
0.1225	0.243589	0.000825668	0.220936
0.1225	0.243589	0.00101426	0.189145
0.1225	0.243589	0.0011787	0.157185
0.1225	0.243589	0.00132448	0.128101
0.1225	0.243589	0.00145541	0.103023
0.1225	0.243589	0.00157424	0.0816141
0.1225	0.243589	0.00168301	0.0647865
0.1225	0.243589	0.0017833	0.0512063
0.1225	0.243589	0.00187633	0.0400901
0.1225	0.243589	0.00196309	0.0309823
0.1225	0.243589	0.00204436	0.0239073
0.1225	0.243589	0.0021208	0.018249
0.1225	0.243589	0.00219295	0.0137339
0.1225	0.243589	0.00226127	0.0101822
0.1225	0.243589	0.00232615	0.00754303
0.1225	0.243589	0.00238791	0.0054661
0.1225	0.243589	0.00244683	0.00387781
0.1225	0.243589	0.00250318	0.0026971
0.1225	0.243589	0.00255716	0.00183851
0.1225	0.243589	0.00260897	0.00121195
0.1225	0.243589	0.00265877	0.000772044
0.1225	0.243589	0.00270672	0.000471987
0.1225	0.243589	0.00275294	0.000264351
0.1225	0.243589	0.00279756	0.000132411
0.1225	0.243589	0.00284068	5.24901e-05
0.1225	0.243589	0.0028824	1.50138e-05
0.1225	0.243589	0.00292282	1.79617e-06
0.1225	0.243589	0.002962	0
0.1225	0.307372	0	0
0.1225	0.307372	0.0003375	0.246949
0.1225	0.307372	0.000604603	0.256761
0.1225	0.307372	0.000825668	0.233206
0.1225	0.307372	0.00101426	0.201368
0.1225	0.307372	0.0011787	0.169584
0.1225	0.307372	0.00132448	0.139026
0.1225	0.307372	0.00145541	0.113364
0.1225	0.307372	0.00157424	0.0912485
0.1225	0.307372	0.00168301	0.072595
0.1225	0.307372	0.0017833	0.0573566
0.1225	0.307372	0.00187633	0.0452244
0.1225	0.307372	0.00196309	0.0353833
0.1225	0.307372	0.00204436	0.0272658
0.1225	0.307372	0.0021208	0.0208483
0.1225	0.307372	0.00219295	0.0158678
0.1225	0.307372	0.00226127	0.011877
0.1225	0.307372	0.00232615	0.00871473
0.1225	0.307372	0.00238791	0.00629157
0.1225	0.307372	0.00244683	0.00445247
0.1225	0.307372	0.00250318	0.00308192
0.1225	0.307372	0.00255716	0.00207025
0.1225	0.307372	0.00260897	0.00132976
0.1225	0.307372	0.00265877	0.000824575
0.1225	0.307372	0.00270672	0.000487451
0.1225	0.307372	0.00275294	0.000271851
0.1225	0.307372	0.00279756	0.000135254
0.1225	0.307372	0.00284068	5.50976e-05
0.1225	0.307372	0.0028824	1.53485e-05
0.1225	0.307372	0.00292282	1.83651e-06
0.1225	0.307372	0.002962	0
0.1225	0.365212	0	0
0.1225	0.365212	0.0003375	0.252925
0.1225	0.365212	0.000604603	0.266032
0.1225	0.365212	0.000825668	0.244838
0.1225	0.365212	0.00101426	0.213587
0.1225	0.365212	0.0011787	0.181614
0.1225	0.365212	0.00132448	0.15019
0.1225	0.365212	0.00145541	0.123207
0.1225	0.365212	0.00157424	0.100571
0.1225	0.365212	0.00168301	0.0809943
0.1225	0.365212	0.0017833	0.0645366
0.1225	0.365212	0.00187633	0.0509257
0.1225	0.365212	0.00196309	0.0400552
0.1225	0.365212	0.00204436	0.0313909
0.1225	0.365212	0.0021208	0.0241562
0.1225	0.365212	0.00219295	0.0182723
0.1225	0.365212	0.00226127	0.0137125
0.1225	0.365212	0.00232615	0.0101823
0.1225	0.365212	0.00238791	0.00743838
0.1225	0.365212	0.00244683	0.00528875
0.1225	0.365212	0.00250318	0.00366593
0.1225	0.365212	0.00255716	0.0024539
0.1225	0.365212	0.00260897	0.00156994
0.1225	0.365212	0.00265877	0.000960024
0.1225	0.365212	0.00270672	0.000549686
0.1225	0.365212	0.00275294	0.000291554
0.1225	0.365212	0.00279756	0.000139561
0.1225	0.365212	0.00284068	5.65695e-05
0.1225	0.365212	0.0028824	1.56632e-05
0.1225	0.365212	0.00292282	1.87445e-06
0.1225	0.365212	0.002962	0
0.1225	0.418124	0	0
0.1225	0.418124	0.0003375	0.258557
0.1225	0.418124	0.000604603	0.274639
0.1225	0.418124	0.000825668	0.255688
0.1225	0.418124	0.00101426	0.225731
0.1225	0.418124	0.0011787	0.19384
0.1225	0.418124	0.00132448	0.161736
0.1225	0.418124	0.00145541	0.133106
0.1225	0.418124	0.00157424	0.109579
0.1225	0.418124	0.00168301	0.0895007
0.1225	0.418124	0.0017833	0.0719859
0.1225	0.418124	0.00187633	0.0572875
0.1225	0.418124	0.00196309	0.045327
0.1225	0.418124	0.00204436	0.0354995
0.1225	0.418124	0.0021208	0.0277449
0.1225	0.418124	0.00219295	0.0213872
0.1225	0.418124	0.00226127	0.0161273
0.1225	0.418124	0.00232615	0.0120393
0.1225	0.418124	0.00238791	0.00878465
0.1225	0.418124	0.00244683	0.00636471
0.1225	0.418124	0.00250318	0.00445267
0.1225	0.418124	0.00255716	0.00300513
0.1225	0.418124	0.00260897	0.0019635
0.1225	0.418124	0.00265877	0.00121228
0.1225	0.418124	0.00270672	0.000697395
0.1225	0.418124	0.00275294	0.000364271
0.1225	0.418124	0.00279756	0.000167166
0.1225	0.418124	0.00284068	6.17859e-05
0.1225	0.418124	0.0028824	1.5975e-05
0.1225	0.418124	0.00292282	1.91034e-06
0.1225	0.418124	0.002962	0
0.1225	0.466881	0	0
0.1225	0.466881	0.0003375	0.2638
0.1225	0.466881	0.000604603	0.282897
0.1225	0.466881	0.000825668	0.265906
0.1225	0.466881	0.00101426	0.237318
0.1225	0.466881	0.0011787	0.205651
0.1225	0.466881	0.00132448	0.173466
0.1225	0.466881	0.00145541	0.144264
0.1225	0.466881	0.00157424	0.118472
0.1225	0.466881	0.00168301	0.0977461
0.1225	0.466881	0.0017833	0.0796687
0.1225	0.466881	0.00187633	0.0640177
0.1225	0.466881	0.00196309	0.0511282
0.1225	0.466881	0.00204436	0.0404289
0.1225	0.466881	0.0021208	0.0314686
0.1225	0.466881	0.00219295	0.0245401
0.1225	0.466881	0.00226127	0.018846
0.1225	0.466881	0.00232615	0.0141997
0.1225	0.466881	0.00238791	0.010541
0.1225	0.466881	0.00244683	0.00766931
0.1225	0.466881	0.00250318	0.00545635
0.1225	0.466881	0.00255716	0.00378098
0.1225	0.466881	0.00260897	0.00252186
0.1225	0.466881	0.00265877	0.00159811
0.1225	0.466881	0.00270672	0.000950892
0.1225	0.466881	0.00275294	0.000521474
0.1225	0.466881	0.00279756	0.000251045
0.1225	0.466881	0.00284068	9.8298e-05
0.1225	0.466881	0.0028824	2.41599e-05
0.1225	0.466881	0.00292282	2.18908e-06
0.1225	0.466881	0.002962	0
0.1225	0.512089	0	0
0.1225	0.512089	0.0003375	0.268723
0.1225	0.512089	0.000604603	0.290975
0.1225	0.512089	0.000825668	0.275581
0.1225	0.512089	0.00101426	0.24832
0.1225	0.512089	0.0011787	0.217372
0.1225	0.512089	0.00132448	0.184644
0.1225	0.512089	0.00145541	0.155405
0.1225	0.512089	0.00157424	0.129141
0.1225	0.512089	0.00168301	0.1061
0.1225	0.512089	0.0017833	0.087271
0.1225	0.512089	0.00187633	0.0709385
0.1225	0.512089	0.00196309	0.0571555
0.1225	0.512089	0.00204436	0.0457119
0.1225	0.512089	0.0021208	0.0361688
0.1225	0.512089	0.00219295	0.0282341
0.1225	0.512089	0.00226127	0.021875
0.1225	0.512089	0.00232615	0.0167369
0.1225	0.512089	0.00238791	0.0125354
0.1225	0.512089	0.00244683	0.00926634
0.1225	0.512089	0.00250318	0.00672915
0.1225	0.512089	0.00255716	0.00475812
0.1225	0.512089	0.00260897	0.00325471
0.1225	0.512089	0.00265877	0.00212972
0.1225	0.512089	0.00270672	0.00132361
0.1225	0.512089	0.00275294	0.000766314
0.1225	0.512089	0.00279756	0.000399899
0.1225	0.512089	0.00284068	0.000178539
0.1225	0.512089	0.0028824	5.70268e-05
0.1225	0.512089	0.00292282	8.11026e-06
0.1225	0.512089	0.002962	0
0.1225	0.55423	0	0
0.1225	0.55423	0.0003375	0.273457
0.1225	0.55423	0.000604603	0.298697
0.1225	0.55423	0.000825668	0.285195
0.1225	0.55423	0.00101426	0.258772
0.1225	0.55423	0.0011787	0.228628
0.1225	0.55423	0.00132448	0.195742
0.1225	0.55423	0.00145541	0.166001
0.1225	0.55423	0.00157424	0.139555
0.1225	0.55423	0.00168301	0.115981
0.1225	0.55423	0.0017833	0.0951664
0.1225	0.55423	0.00187633	0.0778522
0.1225	0.55423	0.00196309	0.0634134
0.1225	0.55423	0.00204436	0.0510761
0.1225	0.55423	0.0021208	0.0408099
0.1225	0.55423	0.00219295	0.0323156
0.1225	0.55423	0.00226127	0.0252585
0.1225	0.55423	0.00232615	0.0194499
0.1225	0.55423	0.00238791	0.0148719
0.1225	0.55423	0.00244683	0.0111296
0.1225	0.55423	0.00250318	0.008128
0.1225	0.55423	0.00255716	0.00584466
0.1225	0.55423	0.00260897	0.0040614
0.1225	0.55423	0.00265877	0.00271433
0.1225	0.55423	0.00270672	0.00172269
0.1225	0.55423	0.00275294	0.00101765
0.1225	0.55423	0.00279756	0.000533243
0.1225	0.55423	0.00284068	0.000235076
0.1225	0.55423	0.0028824	7.02851e-05
0.1225	0.55423	0.00292282	8.78165e-06
0.1225	0.55423	0.002962	0
0.1225	0.593693	0	0
0.1225	0.593693	0.0003375	0.277981
0.1225	0.593693	0.000604603	0.306068
0.1225	0.593693	0.000825668	0.294348
0.1225	0.593693	0.00101426	0.269195
0.1225	0.593693	0.0011787	0.23942
0.1225	0.593693	0.00132448	0.206715
0.1225	0.593693	0.00145541	0.176419
0.1225	0.593693	0.00157424	0.149605
0.1225	0.593693	0.00168301	0.125768
0.1225	0.593693	0.0017833	0.104231
0.1225	0.593693	0.00187633	0.0854026
0.1225	0.593693	0.00196309	0.070016
0.1225	0.593693	0.00204436	0.0567946
0.1225	0.593693	0.0021208	0.0456658
0.1225	0.593693	0.00219295	0.0364587
0.1225	0.593693	0.00226127	0.0287836
0.1225	0.593693	0.00232615	0.0224357
0.1225	0.593693	0.00238791	0.0171984
0.1225	0.593693	0.00244683	0.0130148
0.1225	0.593693	0.00250318	0.00966265
0.1225	0.593693	0.00255716	0.00696354
0.1225	0.593693	0.00260897	0.00490674
0.1225	0.593693	0.00265877	0.00331202
0.1225	0.593693	0.00270672	0.00212058
0.1225	0.593693	0.00275294	0.00125811
0.1225	0.593693	0.00279756	0.000660818
0.1225	0.593693	0.00284068	0.000283024
0.1225	0.593693	0.0028824	8.12722e-05
0.1225	0.593693	0.00292282	9.52623e-06
0.1225	0.593693	0.002962	0
0.1225	0.630798	0	0
0.1225	0.630798	0.0003375	0.282375
0.1225	0.630798	0.000604603	0.313234
0.1225	0.630798	0.000825668	0.303211
0.1225	0.630798	0.00101426	0.279318
0.1225	0.630798	0.0011787	0.250167
0.1225	0.630798	0.00132448	0.217291
0.1225	0.630798	0.00145541	0.186882
0.1225	0.630798	0.00157424	0.159358
0.1225	0.630798	0.00168301	0.13523
0.1225	0.630798	0.0017833	0.113255
0.1225	0.630798	0.00187633	0.0935444
0.1225	0.630798	0.00196309	0.076802
0.1225	0.630798	0.00204436	0.0628935
0.1225	0.630798	0.0021208	0.0508504
0.1225	0.630798	0.00219295	0.0407215
0.1225	0.630798	0.00226127	0.0323948
0.1225	0.630798	0.00232615	0.0254716
0.1225	0.630798	0.00238791	0.0197599
0.1225	0.630798	0.00244683	0.0150652
0.1225	0.630798	0.00250318	0.0112456
0.1225	0.630798	0.00255716	0.00821554
0.1225	0.630798	0.00260897	0.00579666
0.1225	0.630798	0.00265877	0.00396017
0.1225	0.630798	0.00270672	0.0025483
0.1225	0.630798	0.00275294	0.0015237
0.1225	0.630798	0.00279756	0.000799846
0.1225	0.630798	0.00284068	0.000345849
0.1225	0.630798	0.0028824	0.00010598
0.1225	0.630798	0.00292282	1.4005e-05
0.1225	0.630798	0.002962	0
0.1225	0.665812	0	0
0.1225	0.665812	0.0003375	0.286709
0.1225	0.665812	0.000604603	0.320174
0.1225	0.665812	0.000825668	0.311784
0.1225	0.665812	0.00101426	0.28902
0.1225	0.665812	0.0011787	0.260749
0.1225	0.665812	0.00132448	0.227926
0.1225	0.665812	0.00145541	0.197112
0.1225	0.665812	0.00157424	0.169263
0.1225	0.665812	0.00168301	0.144337
0.1225	0.665812	0.0017833	0.121953
0.1225	0.665812	0.00187633	0.101708
0.1225	0.665812	0.00196309	0.0841336
0.1225	0.665812	0.00204436	0.0689622
0.1225	0.665812	0.0021208	0.0562707
0.1225	0.665812	0.00219295	0.0453704
0.1225	0.665812	0.00226127	0.0360806
0.1225	0.665812	0.00232615	0.028519
0.1225	0.665812	0.00238791	0.0223186
0.1225	0.665812	0.00244683	0.0171805
0.1225	0.665812	0.00250318	0.0129298
0.1225	0.665812	0.00255716	0.00946105
0.1225	0.665812	0.00260897	0.00674538
0.1225	0.665812	0.00265877	0.0045815
0.1225	0.665812	0.00270672	0.00295601
0.1225	0.665812	0.00275294	0.00176139
0.1225	0.665812	0.00279756	0.000923542
0.1225	0.665812	0.00284068	0.000398739
0.1225	0.665812	0.0028824	0.000118683
0.1225	0.665812	0.00292282	1.44411e-05
0.1225	0.665812	0.002962	0
0.1225	0.698958	0	0
0.1225	0.698958	0.0003375	0.290835
0.1225	0.698958	0.000604603	0.32683
0.1225	0.698958	0.000825668	0.320323
0.1225	0.698958	0.00101426	0.298361
0.1225	0.698958	0.0011787	0.271006
0.1225	0.698958	0.00132448	0.238493
0.1225	0.698958	0.00145541	0.207517
0.1225	0.698958	0.00157424	0.179015
0.1225	0.698958	0.00168301	0.153606
0.1225	0.698958	0.0017833	0.130453
0.1225	0.698958	0.00187633	0.109738
0.1225	0.698958	0.00196309	0.0915709
0.1225	0.698958	0.00204436	0.0755396
0.1225	0.698958	0.0021208	0.061612
0.1225	0.698958	0.00219295	0.0500797
0.1225	0.698958	0.00226127	0.040232
0.1225	0.698958	0.00232615	0.0318687
0.1225	0.698958	0.00238791	0.0248841
0.1225	0.698958	0.00244683	0.0191891
0.1225	0.698958	0.00250318	0.0145758
0.1225	0.698958	0.00255716	0.0107752
0.1225	0.698958	0.00260897	0.00766606
0.1225	0.698958	0.00265877	0.00522139
0.1225	0.698958	0.00270672	0.00335262
0.1225	0.698958	0.00275294	0.00198661
0.1225	0.698958	0.00279756	0.00104757
0.1225	0.698958	0.00284068	0.000454668
0.1225	0.698958	0.0028824	0.000137389
0.1225	0.698958	0.00292282	1.76746e-05
0.1225	0.698958	0.002962	0
0.1225	0.730425	0	0
0.1225	0.730425	0.0003375	0.294771
0.1225	0.730425	0.000604603	0.333245
0.1225	0.730425	0.000825668	0.328668
0.1225	0.730425	0.00101426	0.307681
0.1225	0.730425	0.0011787	0.280872
0.1225	0.730425	0.00132448	0.248686
0.1225	0.730425	0.00145541	0.217805
0.1225	0.730425	0.00157424	0.189114
0.1225	0.730425	0.00168301	0.162842
0.1225	0.730425	0.0017833	0.139009
0.1225	0.730425	0.00187633	0.117416
0.1225	0.730425	0.00196309	0.0986561
0.1225	0.730425	0.00204436	0.0820492
0.1225	0.730425	0.0021208	0.0673803
0.1225	0.730425	0.00219295	0.0548171
0.1225	0.730425	0.00226127	0.0442581
0.1225	0.730425	0.00232615	0.0352398
0.1225	0.730425	0.00238791	0.0276287
0.1225	0.730425	0.00244683	0.0213698
0.1225	0.730425	0.00250318	0.0162044
0.1225	0.730425	0.00255716	0.0119743
0.1225	0.730425	0.00260897	0.00858722
0.1225	0.730425	0.00265877	0.0058459
0.1225	0.730425	0.00270672	0.00371984
0.1225	0.730425	0.00275294	0.00219737
0.1225	0.730425	0.00279756	0.00114571
0.1225	0.730425	0.00284068	0.000495202
0.1225	0.730425	0.0028824	0.000150083
0.1225	0.730425	0.00292282	1.89066e-05
0.1225	0.730425	0.002962	0
0.1225	0.760374	0	0
0.1225	0.760374	0.0003375	0.298538
0.1225	0.760374	0.000604603	0.339494
0.1225	0.760374	0.000825668	0.336695
0.1225	0.760374	0.00101426	0.317002
0.1225	0.760374	0.0011787	0.290628
0.1225	0.760374	0.00132448	0.25854
0.1225	0.760374	0.00145541	0.227766
0.1225	0.760374	0.00157424	0.199032
0.1225	0.760374	0.00168301	0.172527
0.1225	0.760374	0.0017833	0.147686
0.1225	0.760374	0.00187633	0.125099
0.1225	0.760374	0.00196309	0.105571
0.1225	0.760374	0.00204436	0.0884439
0.1225	0.760374	0.0021208	0.0731225
0.1225	0.760374	0.00219295	0.0597527
0.1225	0.760374	0.00226127	0.0481446
0.1225	0.760374	0.00232615	0.0384545
0.1225	0.760374	0.00238791	0.0304079
0.1225	0.760374	0.00244683	0.0235985
0.1225	0.760374	0.00250318	0.0178344
0.1225	0.760374	0.00255716	0.0131802
0.1225	0.760374	0.00260897	0.00941203
0.1225	0.760374	0.00265877	0.00639649
0.1225	0.760374	0.00270672	0.00408125
0.1225	0.760374	0.00275294	0.00237408
0.1225	0.760374	0.00279756	0.0012206
0.1225	0.760374	0.00284068	0.000516861
0.1225	0.760374	0.0028824	0.000153933
0.1225	0.760374	0.00292282	1.92393e-05
0.1225	0.760374	0.002962	0
0.1225	0.788947	0	0
0.1225	0.788947	0.0003375	0.302216
0.1225	0.788947	0.000604603	0.345753
0.1225	0.788947	0.000825668	0.344422
0.1225	0.788947	0.00101426	0.326
0.1225	0.788947	0.0011787	0.300446
0.1225	0.788947	0.00132448	0.268517
0.1225	0.788947	0.00145541	0.2377
0.1225	0.788947	0.00157424	0.208905
0.1225	0.788947	0.00168301	0.182204
0.1225	0.788947	0.0017833	0.156901
0.1225	0.788947	0.00187633	0.133432
0.1225	0.788947	0.00196309	0.112706
0.1225	0.788947	0.00204436	0.0946048
0.1225	0.788947	0.0021208	0.0786069
0.1225	0.788947	0.00219295	0.0644986
0.1225	0.788947	0.00226127	0.0522367
0.1225	0.788947	0.00232615	0.0418183
0.1225	0.788947	0.00238791	0.0329855
0.1225	0.788947	0.00244683	0.025611
0.1225	0.788947	0.00250318	0.0194358
0.1225	0.788947	0.00255716	0.0143849
0.1225	0.788947	0.00260897	0.0102101
0.1225	0.788947	0.00265877	0.00693391
0.1225	0.788947	0.00270672	0.00438503
0.1225	0.788947	0.00275294	0.0025392
0.1225	0.788947	0.00279756	0.00129359
0.1225	0.788947	0.00284068	0.000536209
0.1225	0.788947	0.0028824	0.000156564
0.1225	0.788947	0.00292282	1.95695e-05
0.1225	0.788947	0.002962	0
0.1225	0.816262	0	0
0.1225	0.816262	0.0003375	0.305803
0.1225	0.816262	0.000604603	0.351804
0.1225	0.816262	0.000825668	0.351884
0.1225	0.816262	0.00101426	0.334908
0.1225	0.816262	0.0011787	0.310148
0.1225	0.816262	0.00132448	0.278622
0.1225	0.816262	0.00145541	0.247651
0.1225	0.816262	0.00157424	0.218552
0.1225	0.816262	0.00168301	0.19163
0.1225	0.816262	0.0017833	0.165957
0.1225	0.816262	0.00187633	0.14198
0.1225	0.816262	0.00196309	0.120594
0.1225	0.816262	0.00204436	0.101342
0.1225	0.816262	0.0021208	0.0841792
0.1225	0.816262	0.00219295	0.0693803
0.1225	0.816262	0.00226127	0.056463
0.1225	0.816262	0.00232615	0.0452836
0.1225	0.816262	0.00238791	0.0357147
0.1225	0.816262	0.00244683	0.027609
0.1225	0.816262	0.00250318	0.0210181
0.1225	0.816262	0.00255716	0.0154556
0.1225	0.816262	0.00260897	0.0109756
0.1225	0.816262	0.00265877	0.00741606
0.1225	0.816262	0.00270672	0.00470161
0.1225	0.816262	0.00275294	0.00271765
0.1225	0.816262	0.00279756	0.00137496
0.1225	0.816262	0.00284068	0.000567784
0.1225	0.816262	0.0028824	0.000162535
0.1225	0.816262	0.00292282	1.98978e-05
0.1225	0.816262	0.002962	0
0.1225	0.842428	0	0
0.1225	0.842428	0.0003375	0.309282
0.1225	0.842428	0.000604603	0.357637
0.1225	0.842428	0.000825668	0.359151
0.1225	0.842428	0.00101426	0.343601
0.1225	0.842428	0.0011787	0.319699
0.1225	0.842428	0.00132448	0.288468
0.1225	0.842428	0.00145541	0.257637
0.1225	0.842428	0.00157424	0.228261
0.1225	0.842428	0.00168301	0.200784
0.1225	0.842428	0.0017833	0.174722
0.1225	0.842428	0.00187633	0.150197
0.1225	0.842428	0.00196309	0.128287
0.1225	0.842428	0.00204436	0.108364
0.1225	0.842428	0.0021208	0.0901703
0.1225	0.842428	0.00219295	0.0742444
0.1225	0.842428	0.00226127	0.0605511
0.1225	0.842428	0.00232615	0.048812
0.1225	0.842428	0.00238791	0.0385755
0.1225	0.842428	0.00244683	0.0299434
0.1225	0.842428	0.00250318	0.0226247
0.1225	0.842428	0.00255716	0.0166436
0.1225	0.842428	0.00260897	0.0117695
0.1225	0.842428	0.00265877	0.00790969
0.1225	0.842428	0.00270672	0.00499044
0.1225	0.842428	0.00275294	0.00289042
0.1225	0.842428	0.00279756	0.00147473
0.1225	0.842428	0.00284068	0.000617425
0.1225	0.842428	0.0028824	0.000178632
0.1225	0.842428	0.00292282	2.09559e-05
0.1225	0.842428	0.002962	0
0.1225	0.867536	0	0
0.1225	0.867536	0.0003375	0.312632
0.1225	0.867536	0.000604603	0.363267
0.1225	0.867536	0.000825668	0.366533
0.1225	0.867536	0.00101426	0.351996
0.1225	0.867536	0.0011787	0.328949
0.1225	0.867536	0.00132448	0.29804
0.1225	0.867536	0.00145541	0.267382
0.1225	0.867536	0.00157424	0.237943
0.1225	0.867536	0.00168301	0.210217
0.1225	0.867536	0.0017833	0.183372
0.1225	0.867536	0.00187633	0.158171
0.1225	0.867536	0.00196309	0.135671
0.1225	0.867536	0.00204436	0.115021
0.1225	0.867536	0.0021208	0.0962394
0.1225	0.867536	0.00219295	0.079553
0.1225	0.867536	0.00226127	0.0648889
0.1225	0.867536	0.00232615	0.0521272
0.1225	0.867536	0.00238791	0.0413521
0.1225	0.867536	0.00244683	0.0321521
0.1225	0.867536	0.00250318	0.0243526
0.1225	0.867536	0.00255716	0.0178676
0.1225	0.867536	0.00260897	0.0125623
0.1225	0.867536	0.00265877	0.00844448
0.1225	0.867536	0.00270672	0.0053123
0.1225	0.867536	0.00275294	0.00308598
0.1225	0.867536	0.00279756	0.00159586
0.1225	0.867536	0.00284068	0.000682044
0.1225	0.867536	0.0028824	0.000205358
0.1225	0.867536	0.00292282	2.66433e-05
0.1225	0.867536	0.002962	0
0.1225	0.891668	0	0
0.1225	0.891668	0.0003375	0.315872
0.1225	0.891668	0.000604603	0.368864
0.1225	0.891668	0.000825668	0.373823
0.1225	0.891668	0.00101426	0.360128
0.1225	0.891668	0.0011787	0.337957
0.1225	0.891668	0.00132448	0.307309
0.1225	0.891668	0.00145541	0.276838
0.1225	0.891668	0.00157424	0.247385
0.1225	0.891668	0.00168301	0.219453
0.1225	0.891668	0.0017833	0.192219
0.1225	0.891668	0.00187633	0.166226
0.1225	0.891668	0.00196309	0.142894
0.1225	0.891668	0.00204436	0.121501
0.1225	0.891668	0.0021208	0.102053
0.1225	0.891668	0.00219295	0.0847399
0.1225	0.891668	0.00226127	0.0693966
0.1225	0.891668	0.00232615	0.0558619
0.1225	0.891668	0.00238791	0.0442388
0.1225	0.891668	0.00244683	0.0343469
0.1225	0.891668	0.00250318	0.0260079
0.1225	0.891668	0.00255716	0.0190604
0.1225	0.891668	0.00260897	0.0134347
0.1225	0.891668	0.00265877	0.00897437
0.1225	0.891668	0.00270672	0.00566454
0.1225	0.891668	0.00275294	0.0032945
0.1225	0.891668	0.00279756	0.00172436
0.1225	0.891668	0.00284068	0.000757368
0.1225	0.891668	0.0028824	0.000240072
0.1225	0.891668	0.00292282	3.3502e-05
0.1225	0.891668	0.002962	0
0.1225	0.914898	0	0
0.1225	0.914898	0.0003375	0.319009
0.1225	0.914898	0.000604603	0.374328
0.1225	0.914898	0.000825668	0.380873
0.1225	0.914898	0.00101426	0.368021
0.1225	0.914898	0.0011787	0.346706
0.1225	0.914898	0.00132448	0.316325
0.1225	0.914898	0.00145541	0.286018
0.1225	0.914898	0.00157424	0.256548
0.1225	0.914898	0.00168301	0.228457
0.1225	0.914898	0.0017833	0.200804
0.1225	0.914898	0.00187633	0.174325
0.1225	0.914898	0.00196309	0.150272
0.1225	0.914898	0.00204436	0.128102
0.1225	0.914898	0.0021208	0.107767
0.1225	0.914898	0.00219295	0.0896388
0.1225	0.914898	0.00226127	0.0736449
0.1225	0.914898	0.00232615	0.0596028
0.1225	0.914898	0.00238791	0.0473354
0.1225	0.914898	0.00244683	0.0367417
0.1225	0.914898	0.00250318	0.0277874
0.1225	0.914898	0.00255716	0.0203477
0.1225	0.914898	0.00260897	0.0143249
0.1225	0.914898	0.00265877	0.00961616
0.1225	0.914898	0.00270672	0.00606309
0.1225	0.914898	0.00275294	0.00354195
0.1225	0.914898	0.00279756	0.0018562
0.1225	0.914898	0.00284068	0.000821326
0.1225	0.914898	0.0028824	0.000262379
0.1225	0.914898	0.00292282	3.55257e-05
0.1225	0.914898	0.002962	0
0.1225	0.937291	0	0
0.1225	0.937291	0.0003375	0.322055
0.1225	0.937291	0.000604603	0.379642
0.1225	0.937291	0.000825668	0.38773
0.1225	0.937291	0.00101426	0.375861
0.1225	0.937291	0.0011787	0.355183
0.1225	0.937291	0.00132448	0.325172
0.1225	0.937291	0.00145541	0.29507
0.1225	0.937291	0.00157424	0.265565
0.1225	0.937291	0.00168301	0.237254
0.1225	0.937291	0.0017833	0.209241
0.1225	0.937291	0.00187633	0.182241
0.1225	0.937291	0.00196309	0.157543
0.1225	0.937291	0.00204436	0.134676
0.1225	0.937291	0.0021208	0.113583
0.1225	0.937291	0.00219295	0.094715
0.1225	0.937291	0.00226127	0.0779093
0.1225	0.937291	0.00232615	0.0631375
0.1225	0.937291	0.00238791	0.0503363
0.1225	0.937291	0.00244683	0.0392492
0.1225	0.937291	0.00250318	0.0297863
0.1225	0.937291	0.00255716	0.0218212
0.1225	0.937291	0.00260897	0.015345
0.1225	0.937291	0.00265877	0.0102761
0.1225	0.937291	0.00270672	0.00650019
0.1225	0.937291	0.00275294	0.00381719
0.1225	0.937291	0.00279756	0.0019933
0.1225	0.937291	0.00284068	0.0008721
0.1225	0.937291	0.0028824	0.000275702
0.1225	0.937291	0.00292282	3.59459e-05
0.1225	0.937291	0.002962	0
0.1225	0.958905	0	0
0.1225	0.958905	0.0003375	0.325007
0.1225	0.958905	0.000604603	0.38483
0.1225	0.958905	0.000825668	0.394578
0.1225	0.958905	0.00101426	0.383743
0.1225	0.958905	0.0011787	0.363646
0.1225	0.958905	0.00132448	0.334096
0.1225	0.958905	0.00145541	0.304093
0.1225	0.958905	0.00157424	0.274554
0.1225	0.958905	0.00168301	0.246143
0.1225	0.958905	0.0017833	0.217857
0.1225	0.958905	0.00187633	0.190335
0.1225	0.958905	0.00196309	0.165019
0.1225	0.958905	0.00204436	0.141372
0.1225	0.958905	0.0021208	0.119549
0.1225	0.958905	0.00219295	0.100034
0.1225	0.958905	0.00226127	0.0824959
0.1225	0.958905	0.00232615	0.0669894
0.1225	0.958905	0.00238791	0.0534499
0.1225	0.958905	0.00244683	0.0416889
0.1225	0.958905	0.00250318	0.0316601
0.1225	0.958905	0.00255716	0.0232892
0.1225	0.958905	0.00260897	0.0164439
0.1225	0.958905	0.00265877	0.0110701
0.1225	0.958905	0.00270672	0.00702602
0.1225	0.958905	0.00275294	0.00412324
0.1225	0.958905	0.00279756	0.00214375
0.1225	0.958905	0.00284068	0.000932687
0.1225	0.958905	0.0028824	0.000285193
0.1225	0.958905	0.00292282	3.61594e-05
0.1225	0.958905	0.002962	0
0.1225	0.979792	0	0
0.1225	0.979792	0.0003375	0.327865
0.1225	0.979792	0.000604603	0.389877
0.1225	0.979792	0.000825668	0.401311
0.1225	0.979792	0.00101426	0.39151
0.1225	0.979792	0.0011787	0.37186
0.1225	0.979792	0.00132448	0.342791
0.1225	0.979792	0.00145541	0.312925
0.1225	0.979792	0.00157424	0.283398
0.1225	0.979792	0.00168301	0.254865
0.1225	0.979792	0.0017833	0.226316
0.1225	0.979792	0.00187633	0.198274
0.1225	0.979792	0.00196309	0.172192
0.1225	0.979792	0.00204436	0.147898
0.1225	0.979792	0.0021208	0.12546
0.1225	0.979792	0.00219295	0.105349
0.1225	0.979792	0.00226127	0.0870983
0.1225	0.979792	0.00232615	0.0709208
0.1225	0.979792	0.00238791	0.0568346
0.1225	0.979792	0.00244683	0.0444627
0.1225	0.979792	0.00250318	0.0338703
0.1225	0.979792	0.00255716	0.0249471
0.1225	0.979792	0.00260897	0.017664
0.1225	0.979792	0.00265877	0.0119521
0.1225	0.979792	0.00270672	0.00762579
0.1225	0.979792	0.00275294	0.00450212
0.1225	0.979792	0.00279756	0.00235204
0.1225	0.979792	0.00284068	0.00102283
0.1225	0.979792	0.0028824	0.000313446
0.1225	0.979792	0.00292282	3.8057e-05
0.1225	0.979792	0.002962	0
0.1225	1	0	0
0.1225	1	0.0003375	0.330666
0.1225	1	0.000604603	0.394832
0.1225	1	0.000825668	0.408033
0.1225	1	0.00101426	0.399607
0.1225	1	0.0011787	0.380501
0.1225	1	0.00132448	0.351846
0.1225	1	0.00145541	0.32206
0.1225	1	0.00157424	0.292628
0.1225	1	0.00168301	0.26406
0.1225	1	0.0017833	0.235236
0.1225	1	0.00187633	0.206597
0.1225	1	0.00196309	0.179851
0.1225	1	0.00204436	0.154938
0.1225	1	0.0021208	0.131882
0.1225	1	0.00219295	0.111067
0.1225	1	0.00226127	0.0918913
0.1225	1	0.00232615	0.0750151
0.1225	1	0.00238791	0.0602962
0.1225	1	0.00244683	0.0472134
0.1225	1	0.00250318	0.0360812
0.1225	1	0.00255716	0.0266598
0.1225	1	0.00260897	0.0189899
0.1225	1	0.00265877	0.0129528
0.1225	1	0.00270672	0.00837631
0.1225	1	0.00275294	0.0050125
0.1225	1	0.00279756	0.00268987
0.1225	1	0.00284068	0.00122064
0.1225	1	0.0028824	0.000409146
0.1225	1	0.00292282	6.27722e-05
0.1225	1	0.002962	0
