               1.515              0.1404              0.0145             16.5633
          1.51500000              0.1404              0.1852            201.7630
          1.51500000              0.1404              0.3203            215.3714
          1.51500000              0.1404              0.4321            317.3174
          1.51500000              0.1404              0.5275            319.9941
          1.51500000              0.1404              0.6107            176.4200
          1.51500000              0.1404              0.6844            100.6684
          1.51500000              0.1404              0.7506             67.7263
          1.51500000              0.1404              0.8107             57.3405
          1.51500000              0.1404              0.8657             34.4703
          1.51500000              0.1404              0.9164             16.8532
          1.51500000              0.1404              0.9635              6.4867
          1.51500000              0.1404              1.0074              1.9557
          1.51500000              0.1404              1.0485              0.5082
          1.51500000              0.1404              1.0871              0.0730
          1.51500000              0.1404              1.1236              0.0000
          1.51500000              0.1404              1.1582              0.0000
          1.51500000              0.1404              1.1910              0.0000
          1.51500000              0.1404              1.2222              0.0000
          1.51500000              0.1404              1.2520              0.0000
          1.51500000              0.1404              1.2805              0.0000
          1.51500000              0.1404              1.3078              0.0000
          1.51500000              0.1404              1.3341              0.0000
          1.51500000              0.1404              1.3592              0.0000
          1.51500000              0.1404              1.3835              0.0000
          1.51500000              0.1404              1.4069              0.0000
          1.51500000              0.1404              1.4294              0.0000
          1.51500000              0.1404              1.4512              0.0000
          1.51500000              0.1404              1.4723              0.0000
          1.51500000              0.1404              1.4928              0.0000
          1.51500000              0.1404              1.5126              0.0000
          1.51500000              0.2973              0.0145             14.4750
          1.51500000              0.2973              0.1852            245.8347
          1.51500000              0.2973              0.3203            276.8165
          1.51500000              0.2973              0.4321            379.0575
          1.51500000              0.2973              0.5275            525.7477
          1.51500000              0.2973              0.6107            464.8362
          1.51500000              0.2973              0.6844            268.2712
          1.51500000              0.2973              0.7506            176.4373
          1.51500000              0.2973              0.8107            143.8206
          1.51500000              0.2973              0.8657            115.4510
          1.51500000              0.2973              0.9164             84.6477
          1.51500000              0.2973              0.9635             47.6592
          1.51500000              0.2973              1.0074             20.9374
          1.51500000              0.2973              1.0485             10.4356
          1.51500000              0.2973              1.0871              3.8141
          1.51500000              0.2973              1.1236              1.0157
          1.51500000              0.2973              1.1582              0.1632
          1.51500000              0.2973              1.1910              0.0102
          1.51500000              0.2973              1.2222              0.0000
          1.51500000              0.2973              1.2520              0.0000
          1.51500000              0.2973              1.2805              0.0000
          1.51500000              0.2973              1.3078              0.0000
          1.51500000              0.2973              1.3341              0.0000
          1.51500000              0.2973              1.3592              0.0000
          1.51500000              0.2973              1.3835              0.0000
          1.51500000              0.2973              1.4069              0.0000
          1.51500000              0.2973              1.4294              0.0000
          1.51500000              0.2973              1.4512              0.0000
          1.51500000              0.2973              1.4723              0.0000
          1.51500000              0.2973              1.4928              0.0000
          1.51500000              0.2973              1.5126              0.0000
          1.51500000              0.3955              0.0145             13.0547
          1.51500000              0.3955              0.1852            276.4324
          1.51500000              0.3955              0.3203            331.5220
          1.51500000              0.3955              0.4321            425.6917
          1.51500000              0.3955              0.5275            619.6392
          1.51500000              0.3955              0.6107            721.5361
          1.51500000              0.3955              0.6844            540.0164
          1.51500000              0.3955              0.7506            374.3545
          1.51500000              0.3955              0.8107            266.6205
          1.51500000              0.3955              0.8657            212.5106
          1.51500000              0.3955              0.9164            182.2341
          1.51500000              0.3955              0.9635            136.8154
          1.51500000              0.3955              1.0074             84.9907
          1.51500000              0.3955              1.0485             45.7979
          1.51500000              0.3955              1.0871             20.5897
          1.51500000              0.3955              1.1236              9.6655
          1.51500000              0.3955              1.1582              3.1448
          1.51500000              0.3955              1.1910              0.5877
          1.51500000              0.3955              1.2222              0.0000
          1.51500000              0.3955              1.2520              0.0000
          1.51500000              0.3955              1.2805              0.0000
          1.51500000              0.3955              1.3078              0.0000
          1.51500000              0.3955              1.3341              0.0000
          1.51500000              0.3955              1.3592              0.0000
          1.51500000              0.3955              1.3835              0.0000
          1.51500000              0.3955              1.4069              0.0000
          1.51500000              0.3955              1.4294              0.0000
          1.51500000              0.3955              1.4512              0.0000
          1.51500000              0.3955              1.4723              0.0000
          1.51500000              0.3955              1.4928              0.0000
          1.51500000              0.3955              1.5126              0.0000
          1.51500000              0.4672              0.0145             11.9584
          1.51500000              0.4672              0.1852            299.4838
          1.51500000              0.4672              0.3203            382.4655
          1.51500000              0.4672              0.4321            476.9494
          1.51500000              0.4672              0.5275            684.8615
          1.51500000              0.4672              0.6107            896.5655
          1.51500000              0.4672              0.6844            892.7924
          1.51500000              0.4672              0.7506            635.8533
          1.51500000              0.4672              0.8107            417.3168
          1.51500000              0.4672              0.8657            351.4859
          1.51500000              0.4672              0.9164            314.7593
          1.51500000              0.4672              0.9635            249.9914
          1.51500000              0.4672              1.0074            189.0827
          1.51500000              0.4672              1.0485            120.9323
          1.51500000              0.4672              1.0871             70.2705
          1.51500000              0.4672              1.1236             34.4652
          1.51500000              0.4672              1.1582             15.3593
          1.51500000              0.4672              1.1910              5.8553
          1.51500000              0.4672              1.2222              1.4433
          1.51500000              0.4672              1.2520              0.1257
          1.51500000              0.4672              1.2805              0.0000
          1.51500000              0.4672              1.3078              0.0000
          1.51500000              0.4672              1.3341              0.0000
          1.51500000              0.4672              1.3592              0.0000
          1.51500000              0.4672              1.3835              0.0000
          1.51500000              0.4672              1.4069              0.0000
          1.51500000              0.4672              1.4294              0.0000
          1.51500000              0.4672              1.4512              0.0000
          1.51500000              0.4672              1.4723              0.0000
          1.51500000              0.4672              1.4928              0.0000
          1.51500000              0.4672              1.5126              0.0000
          1.51500000              0.5236              0.0145             11.0570
          1.51500000              0.5236              0.1852            319.6516
          1.51500000              0.5236              0.3203            428.8462
          1.51500000              0.5236              0.4321            531.2612
          1.51500000              0.5236              0.5275            724.4175
          1.51500000              0.5236              0.6107           1014.0084
          1.51500000              0.5236              0.6844           1165.5994
          1.51500000              0.5236              0.7506            940.1001
          1.51500000              0.5236              0.8107            692.5030
          1.51500000              0.5236              0.8657            449.5263
          1.51500000              0.5236              0.9164            450.9792
          1.51500000              0.5236              0.9635            390.1441
          1.51500000              0.5236              1.0074            326.8713
          1.51500000              0.5236              1.0485            247.2234
          1.51500000              0.5236              1.0871            155.4406
          1.51500000              0.5236              1.1236             89.4349
          1.51500000              0.5236              1.1582             46.1053
          1.51500000              0.5236              1.1910             21.5947
          1.51500000              0.5236              1.2222              8.6128
          1.51500000              0.5236              1.2520              2.1357
          1.51500000              0.5236              1.2805              0.2734
          1.51500000              0.5236              1.3078              0.0000
          1.51500000              0.5236              1.3341              0.0000
          1.51500000              0.5236              1.3592              0.0000
          1.51500000              0.5236              1.3835              0.0000
          1.51500000              0.5236              1.4069              0.0000
          1.51500000              0.5236              1.4294              0.0000
          1.51500000              0.5236              1.4512              0.0000
          1.51500000              0.5236              1.4723              0.0000
          1.51500000              0.5236              1.4928              0.0000
          1.51500000              0.5236              1.5126              0.0000
          1.51500000              0.5702              0.0145             10.2871
          1.51500000              0.5702              0.1852            335.8676
          1.51500000              0.5702              0.3203            473.2776
          1.51500000              0.5702              0.4321            592.9394
          1.51500000              0.5702              0.5275            772.5855
          1.51500000              0.5702              0.6107           1114.0466
          1.51500000              0.5702              0.6844           1405.7961
          1.51500000              0.5702              0.7506           1321.2655
          1.51500000              0.5702              0.8107            938.5227
          1.51500000              0.5702              0.8657            714.2927
          1.51500000              0.5702              0.9164            673.0649
          1.51500000              0.5702              0.9635            577.3714
          1.51500000              0.5702              1.0074            489.0088
          1.51500000              0.5702              1.0485            412.0853
          1.51500000              0.5702              1.0871            301.2658
          1.51500000              0.5702              1.1236            187.4681
          1.51500000              0.5702              1.1582            104.8819
          1.51500000              0.5702              1.1910             55.8621
          1.51500000              0.5702              1.2222             27.8562
          1.51500000              0.5702              1.2520             11.0368
          1.51500000              0.5702              1.2805              3.0893
          1.51500000              0.5702              1.3078              0.3529
          1.51500000              0.5702              1.3341              0.0000
          1.51500000              0.5702              1.3592              0.0000
          1.51500000              0.5702              1.3835              0.0000
          1.51500000              0.5702              1.4069              0.0000
          1.51500000              0.5702              1.4294              0.0000
          1.51500000              0.5702              1.4512              0.0000
          1.51500000              0.5702              1.4723              0.0000
          1.51500000              0.5702              1.4928              0.0000
          1.51500000              0.5702              1.5126              0.0000
          1.51500000              0.6098              0.0145              9.6127
          1.51500000              0.6098              0.1852            348.9418
          1.51500000              0.6098              0.3203            515.0917
          1.51500000              0.6098              0.4321            653.2495
          1.51500000              0.6098              0.5275            815.9011
          1.51500000              0.6098              0.6107           1192.9387
          1.51500000              0.6098              0.6844           1595.3264
          1.51500000              0.6098              0.7506           1738.5437
          1.51500000              0.6098              0.8107           1505.7742
          1.51500000              0.6098              0.8657            955.3799
          1.51500000              0.6098              0.9164            842.6816
          1.51500000              0.6098              0.9635            748.0997
          1.51500000              0.6098              1.0074            665.6372
          1.51500000              0.6098              1.0485            597.9311
          1.51500000              0.6098              1.0871            494.6271
          1.51500000              0.6098              1.1236            348.2963
          1.51500000              0.6098              1.1582            213.2960
          1.51500000              0.6098              1.1910            121.9211
          1.51500000              0.6098              1.2222             65.4422
          1.51500000              0.6098              1.2520             32.5578
          1.51500000              0.6098              1.2805             12.9954
          1.51500000              0.6098              1.3078              3.7808
          1.51500000              0.6098              1.3341              0.4417
          1.51500000              0.6098              1.3592              0.0000
          1.51500000              0.6098              1.3835              0.0000
          1.51500000              0.6098              1.4069              0.0000
          1.51500000              0.6098              1.4294              0.0000
          1.51500000              0.6098              1.4512              0.0000
          1.51500000              0.6098              1.4723              0.0000
          1.51500000              0.6098              1.4928              0.0000
          1.51500000              0.6098              1.5126              0.0000
          1.51500000              0.6443              0.0145              9.0109
          1.51500000              0.6443              0.1852            359.1937
          1.51500000              0.6443              0.3203            553.5500
          1.51500000              0.6443              0.4321            714.3588
          1.51500000              0.6443              0.5275            853.4343
          1.51500000              0.6443              0.6107           1246.0122
          1.51500000              0.6443              0.6844           1752.6382
          1.51500000              0.6443              0.7506           2073.6580
          1.51500000              0.6443              0.8107           1968.7355
          1.51500000              0.6443              0.8657           1521.0771
          1.51500000              0.6443              0.9164           1246.7938
          1.51500000              0.6443              0.9635           1067.6687
          1.51500000              0.6443              1.0074            999.1677
          1.51500000              0.6443              1.0485            831.1886
          1.51500000              0.6443              1.0871            703.8355
          1.51500000              0.6443              1.1236            577.6330
          1.51500000              0.6443              1.1582            386.3692
          1.51500000              0.6443              1.1910            237.0117
          1.51500000              0.6443              1.2222            135.8983
          1.51500000              0.6443              1.2520             72.5000
          1.51500000              0.6443              1.2805             35.1349
          1.51500000              0.6443              1.3078             14.5415
          1.51500000              0.6443              1.3341              4.1492
          1.51500000              0.6443              1.3592              0.4105
          1.51500000              0.6443              1.3835              0.0000
          1.51500000              0.6443              1.4069              0.0000
          1.51500000              0.6443              1.4294              0.0000
          1.51500000              0.6443              1.4512              0.0000
          1.51500000              0.6443              1.4723              0.0000
          1.51500000              0.6443              1.4928              0.0000
          1.51500000              0.6443              1.5126              0.0000
          1.51500000              0.6749              0.0145              8.4664
          1.51500000              0.6749              0.1852            367.2406
          1.51500000              0.6749              0.3203            590.4190
          1.51500000              0.6749              0.4321            777.6633
          1.51500000              0.6749              0.5275            894.5433
          1.51500000              0.6749              0.6107           1305.4517
          1.51500000              0.6749              0.6844           1896.9848
          1.51500000              0.6749              0.7506           2361.0545
          1.51500000              0.6749              0.8107           2545.0210
          1.51500000              0.6749              0.8657           2047.6075
          1.51500000              0.6749              0.9164           1723.0786
          1.51500000              0.6749              0.9635           1391.0235
          1.51500000              0.6749              1.0074           1255.7101
          1.51500000              0.6749              1.0485           1153.2451
          1.51500000              0.6749              1.0871            963.8525
          1.51500000              0.6749              1.1236            817.0956
          1.51500000              0.6749              1.1582            642.8549
          1.51500000              0.6749              1.1910            423.9979
          1.51500000              0.6749              1.2222            257.7821
          1.51500000              0.6749              1.2520            145.2543
          1.51500000              0.6749              1.2805             76.6321
          1.51500000              0.6749              1.3078             37.3745
          1.51500000              0.6749              1.3341             15.3412
          1.51500000              0.6749              1.3592              4.2744
          1.51500000              0.6749              1.3835              0.2757
          1.51500000              0.6749              1.4069              0.0000
          1.51500000              0.6749              1.4294              0.0000
          1.51500000              0.6749              1.4512              0.0000
          1.51500000              0.6749              1.4723              0.0000
          1.51500000              0.6749              1.4928              0.0000
          1.51500000              0.6749              1.5126              0.0000
          1.51500000              0.7023              0.0145              7.9684
          1.51500000              0.7023              0.1852            372.8620
          1.51500000              0.7023              0.3203            623.2216
          1.51500000              0.7023              0.4321            838.9373
          1.51500000              0.7023              0.5275            953.9349
          1.51500000              0.7023              0.6107           1377.9679
          1.51500000              0.7023              0.6844           2013.0538
          1.51500000              0.7023              0.7506           2621.4369
          1.51500000              0.7023              0.8107           3014.7690
          1.51500000              0.7023              0.8657           2764.3677
          1.51500000              0.7023              0.9164           2269.8174
          1.51500000              0.7023              0.9635           1817.7447
          1.51500000              0.7023              1.0074           1587.0125
          1.51500000              0.7023              1.0485           1576.7638
          1.51500000              0.7023              1.0871           1388.3701
          1.51500000              0.7023              1.1236           1144.8604
          1.51500000              0.7023              1.1582            931.7458
          1.51500000              0.7023              1.1910            706.1117
          1.51500000              0.7023              1.2222            455.7664
          1.51500000              0.7023              1.2520            271.5606
          1.51500000              0.7023              1.2805            150.1023
          1.51500000              0.7023              1.3078             77.3725
          1.51500000              0.7023              1.3341             38.5174
          1.51500000              0.7023              1.3592             14.9927
          1.51500000              0.7023              1.3835              4.0544
          1.51500000              0.7023              1.4069              0.0689
          1.51500000              0.7023              1.4294              0.0000
          1.51500000              0.7023              1.4512              0.0000
          1.51500000              0.7023              1.4723              0.0000
          1.51500000              0.7023              1.4928              0.0000
          1.51500000              0.7023              1.5126              0.0000
          1.51500000              0.7272              0.0145              7.5088
          1.51500000              0.7272              0.1852            376.4260
          1.51500000              0.7272              0.3203            651.2584
          1.51500000              0.7272              0.4321            898.9988
          1.51500000              0.7272              0.5275           1023.2255
          1.51500000              0.7272              0.6107           1447.3279
          1.51500000              0.7272              0.6844           2109.8360
          1.51500000              0.7272              0.7506           2867.5063
          1.51500000              0.7272              0.8107           3433.2609
          1.51500000              0.7272              0.8657           3496.4628
          1.51500000              0.7272              0.9164           3047.2653
          1.51500000              0.7272              0.9635           2382.7277
          1.51500000              0.7272              1.0074           2133.0618
          1.51500000              0.7272              1.0485           2023.9698
          1.51500000              0.7272              1.0871           1823.6110
          1.51500000              0.7272              1.1236           1514.5502
          1.51500000              0.7272              1.1582           1363.6341
          1.51500000              0.7272              1.1910           1034.3780
          1.51500000              0.7272              1.2222            770.0343
          1.51500000              0.7272              1.2520            478.1526
          1.51500000              0.7272              1.2805            277.0300
          1.51500000              0.7272              1.3078            149.7594
          1.51500000              0.7272              1.3341             77.3249
          1.51500000              0.7272              1.3592             37.4807
          1.51500000              0.7272              1.3835             14.5654
          1.51500000              0.7272              1.4069              3.1229
          1.51500000              0.7272              1.4294              0.0184
          1.51500000              0.7272              1.4512              0.0000
          1.51500000              0.7272              1.4723              0.0000
          1.51500000              0.7272              1.4928              0.0000
          1.51500000              0.7272              1.5126              0.0000
          1.51500000              0.7499              0.0145              7.0818
          1.51500000              0.7499              0.1852            379.8580
          1.51500000              0.7499              0.3203            681.8361
          1.51500000              0.7499              0.4321            960.1450
          1.51500000              0.7499              0.5275           1096.3259
          1.51500000              0.7499              0.6107           1511.8322
          1.51500000              0.7499              0.6844           2222.7947
          1.51500000              0.7499              0.7506           3095.2213
          1.51500000              0.7499              0.8107           3821.0586
          1.51500000              0.7499              0.8657           4135.8507
          1.51500000              0.7499              0.9164           3884.3434
          1.51500000              0.7499              0.9635           3239.7146
          1.51500000              0.7499              1.0074           2801.7242
          1.51500000              0.7499              1.0485           2561.8211
          1.51500000              0.7499              1.0871           2256.3103
          1.51500000              0.7499              1.1236           2113.8296
          1.51500000              0.7499              1.1582           1960.8915
          1.51500000              0.7499              1.1910           1455.8322
          1.51500000              0.7499              1.2222           1153.2208
          1.51500000              0.7499              1.2520            821.9650
          1.51500000              0.7499              1.2805            485.3848
          1.51500000              0.7499              1.3078            276.8733
          1.51500000              0.7499              1.3341            145.4240
          1.51500000              0.7499              1.3592             76.1815
          1.51500000              0.7499              1.3835             34.7949
          1.51500000              0.7499              1.4069             12.4030
          1.51500000              0.7499              1.4294              1.8131
          1.51500000              0.7499              1.4512              0.0026
          1.51500000              0.7499              1.4723              0.0000
          1.51500000              0.7499              1.4928              0.0000
          1.51500000              0.7499              1.5126              0.0000
          1.51500000              0.7709              0.0145              6.6825
          1.51500000              0.7709              0.1852            383.2351
          1.51500000              0.7709              0.3203            711.3707
          1.51500000              0.7709              0.4321           1019.8047
          1.51500000              0.7709              0.5275           1167.7312
          1.51500000              0.7709              0.6107           1583.2730
          1.51500000              0.7709              0.6844           2342.3886
          1.51500000              0.7709              0.7506           3282.7769
          1.51500000              0.7709              0.8107           4167.1919
          1.51500000              0.7709              0.8657           4738.3491
          1.51500000              0.7709              0.9164           4842.6537
          1.51500000              0.7709              0.9635           4136.3758
          1.51500000              0.7709              1.0074           3642.3942
          1.51500000              0.7709              1.0485           3180.6370
          1.51500000              0.7709              1.0871           2805.2166
          1.51500000              0.7709              1.1236           2742.6454
          1.51500000              0.7709              1.1582           2834.1079
          1.51500000              0.7709              1.1910           2027.9234
          1.51500000              0.7709              1.2222           1606.7379
          1.51500000              0.7709              1.2520           1258.9772
          1.51500000              0.7709              1.2805            848.3134
          1.51500000              0.7709              1.3078            477.6799
          1.51500000              0.7709              1.3341            271.0395
          1.51500000              0.7709              1.3592            136.9672
          1.51500000              0.7709              1.3835             72.1588
          1.51500000              0.7709              1.4069             30.8186
          1.51500000              0.7709              1.4294              9.0472
          1.51500000              0.7709              1.4512              0.8885
          1.51500000              0.7709              1.4723              0.0000
          1.51500000              0.7709              1.4928              0.0000
          1.51500000              0.7709              1.5126              0.0000
          1.51500000              0.7903              0.0145              6.3074
          1.51500000              0.7903              0.1852            384.5178
          1.51500000              0.7903              0.3203            737.9865
          1.51500000              0.7903              0.4321           1078.3857
          1.51500000              0.7903              0.5275           1239.1600
          1.51500000              0.7903              0.6107           1668.8834
          1.51500000              0.7903              0.6844           2450.6754
          1.51500000              0.7903              0.7506           3437.4952
          1.51500000              0.7903              0.8107           4481.6196
          1.51500000              0.7903              0.8657           5288.3570
          1.51500000              0.7903              0.9164           5667.0505
          1.51500000              0.7903              0.9635           5280.1393
          1.51500000              0.7903              1.0074           4538.3111
          1.51500000              0.7903              1.0485           4022.5350
          1.51500000              0.7903              1.0871           3504.9775
          1.51500000              0.7903              1.1236           3386.8351
          1.51500000              0.7903              1.1582           3703.8221
          1.51500000              0.7903              1.1910           2992.3051
          1.51500000              0.7903              1.2222           2293.3353
          1.51500000              0.7903              1.2520           1778.8231
          1.51500000              0.7903              1.2805           1344.0638
          1.51500000              0.7903              1.3078            848.2647
          1.51500000              0.7903              1.3341            464.1839
          1.51500000              0.7903              1.3592            256.6297
          1.51500000              0.7903              1.3835            131.1719
          1.51500000              0.7903              1.4069             63.1654
          1.51500000              0.7903              1.4294             24.7459
          1.51500000              0.7903              1.4512              5.6326
          1.51500000              0.7903              1.4723              0.2379
          1.51500000              0.7903              1.4928              0.0000
          1.51500000              0.7903              1.5126              0.0000
          1.51500000              0.8084              0.0145              5.9533
          1.51500000              0.8084              0.1852            384.0177
          1.51500000              0.8084              0.3203            764.5405
          1.51500000              0.8084              0.4321           1133.0479
          1.51500000              0.8084              0.5275           1310.3044
          1.51500000              0.8084              0.6107           1761.8784
          1.51500000              0.8084              0.6844           2547.3104
          1.51500000              0.8084              0.7506           3572.9110
          1.51500000              0.8084              0.8107           4739.7542
          1.51500000              0.8084              0.8657           5792.8102
          1.51500000              0.8084              0.9164           6518.6673
          1.51500000              0.8084              0.9635           6510.5236
          1.51500000              0.8084              1.0074           5709.0397
          1.51500000              0.8084              1.0485           5144.4543
          1.51500000              0.8084              1.0871           4454.5501
          1.51500000              0.8084              1.1236           4082.7389
          1.51500000              0.8084              1.1582           4738.4435
          1.51500000              0.8084              1.1910           4014.5737
          1.51500000              0.8084              1.2222           3239.6399
          1.51500000              0.8084              1.2520           2548.1502
          1.51500000              0.8084              1.2805           1966.5846
          1.51500000              0.8084              1.3078           1412.3841
          1.51500000              0.8084              1.3341            838.5299
          1.51500000              0.8084              1.3592            441.7596
          1.51500000              0.8084              1.3835            238.0232
          1.51500000              0.8084              1.4069            117.2543
          1.51500000              0.8084              1.4294             52.4700
          1.51500000              0.8084              1.4512             17.2755
          1.51500000              0.8084              1.4723              2.5650
          1.51500000              0.8084              1.4928              0.0035
          1.51500000              0.8084              1.5126              0.0000
          1.51500000              0.8254              0.0145              5.6178
          1.51500000              0.8254              0.1852            381.8451
          1.51500000              0.8254              0.3203            787.7577
          1.51500000              0.8254              0.4321           1189.2334
          1.51500000              0.8254              0.5275           1385.5756
          1.51500000              0.8254              0.6107           1854.4614
          1.51500000              0.8254              0.6844           2648.1048
          1.51500000              0.8254              0.7506           3690.6905
          1.51500000              0.8254              0.8107           4949.7467
          1.51500000              0.8254              0.8657           6234.7728
          1.51500000              0.8254              0.9164           7333.6973
          1.51500000              0.8254              0.9635           7711.5779
          1.51500000              0.8254              1.0074           7163.5003
          1.51500000              0.8254              1.0485           6292.9297
          1.51500000              0.8254              1.0871           5683.8620
          1.51500000              0.8254              1.1236           5032.6791
          1.51500000              0.8254              1.1582           5786.3294
          1.51500000              0.8254              1.1910           5109.3866
          1.51500000              0.8254              1.2222           4484.6738
          1.51500000              0.8254              1.2520           3663.1542
          1.51500000              0.8254              1.2805           2854.9498
          1.51500000              0.8254              1.3078           2169.2306
          1.51500000              0.8254              1.3341           1446.4563
          1.51500000              0.8254              1.3592            801.5703
          1.51500000              0.8254              1.3835            413.2906
          1.51500000              0.8254              1.4069            210.4965
          1.51500000              0.8254              1.4294             97.8575
          1.51500000              0.8254              1.4512             39.1985
          1.51500000              0.8254              1.4723              9.9554
          1.51500000              0.8254              1.4928              0.7000
          1.51500000              0.8254              1.5126              0.0000
          1.51500000              0.8413              0.0145              5.2989
          1.51500000              0.8413              0.1852            378.5680
          1.51500000              0.8413              0.3203            806.5774
          1.51500000              0.8413              0.4321           1242.4497
          1.51500000              0.8413              0.5275           1474.8431
          1.51500000              0.8413              0.6107           1944.5676
          1.51500000              0.8413              0.6844           2769.8993
          1.51500000              0.8413              0.7506           3783.8323
          1.51500000              0.8413              0.8107           5100.6870
          1.51500000              0.8413              0.8657           6599.3506
          1.51500000              0.8413              0.9164           8119.5745
          1.51500000              0.8413              0.9635           8982.3852
          1.51500000              0.8413              1.0074           8762.5955
          1.51500000              0.8413              1.0485           7717.5519
          1.51500000              0.8413              1.0871           6986.9825
          1.51500000              0.8413              1.1236           6227.6819
          1.51500000              0.8413              1.1582           6942.3512
          1.51500000              0.8413              1.1910           6271.0949
          1.51500000              0.8413              1.2222           5899.3481
          1.51500000              0.8413              1.2520           5222.4742
          1.51500000              0.8413              1.2805           4050.5177
          1.51500000              0.8413              1.3078           3203.2733
          1.51500000              0.8413              1.3341           2318.5872
          1.51500000              0.8413              1.3592           1427.5012
          1.51500000              0.8413              1.3835            726.2206
          1.51500000              0.8413              1.4069            365.2509
          1.51500000              0.8413              1.4294            173.4849
          1.51500000              0.8413              1.4512             73.2331
          1.51500000              0.8413              1.4723             23.6673
          1.51500000              0.8413              1.4928              3.5593
          1.51500000              0.8413              1.5126              0.0000
          1.51500000              0.8564              0.0145              4.9949
          1.51500000              0.8564              0.1852            373.6592
          1.51500000              0.8564              0.3203            821.7482
          1.51500000              0.8564              0.4321           1293.6430
          1.51500000              0.8564              0.5275           1561.2924
          1.51500000              0.8564              0.6107           2041.9139
          1.51500000              0.8564              0.6844           2906.0116
          1.51500000              0.8564              0.7506           3860.2233
          1.51500000              0.8564              0.8107           5203.5987
          1.51500000              0.8564              0.8657           6915.2773
          1.51500000              0.8564              0.9164           8850.0017
          1.51500000              0.8564              0.9635          10239.3580
          1.51500000              0.8564              1.0074          10536.9595
          1.51500000              0.8564              1.0485           9627.9287
          1.51500000              0.8564              1.0871           8379.3066
          1.51500000              0.8564              1.1236           7894.4051
          1.51500000              0.8564              1.1582           8188.9291
          1.51500000              0.8564              1.1910           7533.6794
          1.51500000              0.8564              1.2222           7380.4884
          1.51500000              0.8564              1.2520           6875.3913
          1.51500000              0.8564              1.2805           6139.8273
          1.51500000              0.8564              1.3078           4718.7526
          1.51500000              0.8564              1.3341           3492.0469
          1.51500000              0.8564              1.3592           2398.7810
          1.51500000              0.8564              1.3835           1317.8738
          1.51500000              0.8564              1.4069            613.3407
          1.51500000              0.8564              1.4294            296.7188
          1.51500000              0.8564              1.4512            125.0142
          1.51500000              0.8564              1.4723             41.0313
          1.51500000              0.8564              1.4928              6.4098
          1.51500000              0.8564              1.5126              0.0000
          1.51500000              0.8706              0.0145              4.7043
          1.51500000              0.8706              0.1852            367.1706
          1.51500000              0.8706              0.3203            832.6324
          1.51500000              0.8706              0.4321           1342.2941
          1.51500000              0.8706              0.5275           1654.0466
          1.51500000              0.8706              0.6107           2153.5644
          1.51500000              0.8706              0.6844           3047.8960
          1.51500000              0.8706              0.7506           3927.9784
          1.51500000              0.8706              0.8107           5269.2903
          1.51500000              0.8706              0.8657           7142.6352
          1.51500000              0.8706              0.9164           9452.0700
          1.51500000              0.8706              0.9635          11469.6374
          1.51500000              0.8706              1.0074          12443.0552
          1.51500000              0.8706              1.0485          11791.6192
          1.51500000              0.8706              1.0871          10278.6402
          1.51500000              0.8706              1.1236           9405.5417
          1.51500000              0.8706              1.1582           9472.1877
          1.51500000              0.8706              1.1910           9037.2383
          1.51500000              0.8706              1.2222           8936.2918
          1.51500000              0.8706              1.2520           8723.3122
          1.51500000              0.8706              1.2805           8441.9496
          1.51500000              0.8706              1.3078           7105.8167
          1.51500000              0.8706              1.3341           5301.2335
          1.51500000              0.8706              1.3592           3698.9989
          1.51500000              0.8706              1.3835           2321.6127
          1.51500000              0.8706              1.4069           1134.3992
          1.51500000              0.8706              1.4294            493.4159
          1.51500000              0.8706              1.4512            210.7126
          1.51500000              0.8706              1.4723             66.1688
          1.51500000              0.8706              1.4928              9.9020
          1.51500000              0.8706              1.5126              0.0000
          1.51500000              0.8841              0.0145              4.4259
          1.51500000              0.8841              0.1852            361.0304
          1.51500000              0.8841              0.3203            838.8438
          1.51500000              0.8841              0.4321           1386.2674
          1.51500000              0.8841              0.5275           1741.1420
          1.51500000              0.8841              0.6107           2286.0431
          1.51500000              0.8841              0.6844           3184.7537
          1.51500000              0.8841              0.7506           3986.1043
          1.51500000              0.8841              0.8107           5306.3426
          1.51500000              0.8841              0.8657           7255.9584
          1.51500000              0.8841              0.9164          10023.6590
          1.51500000              0.8841              0.9635          12570.0954
          1.51500000              0.8841              1.0074          14380.0782
          1.51500000              0.8841              1.0485          14353.3014
          1.51500000              0.8841              1.0871          12717.7462
          1.51500000              0.8841              1.1236          11221.7511
          1.51500000              0.8841              1.1582          10606.3945
          1.51500000              0.8841              1.1910          10637.1001
          1.51500000              0.8841              1.2222          10924.7997
          1.51500000              0.8841              1.2520          10746.4856
          1.51500000              0.8841              1.2805          10783.0816
          1.51500000              0.8841              1.3078          10325.0547
          1.51500000              0.8841              1.3341           8059.3234
          1.51500000              0.8841              1.3592           5722.7757
          1.51500000              0.8841              1.3835           3773.5507
          1.51500000              0.8841              1.4069           2121.6252
          1.51500000              0.8841              1.4294            891.5485
          1.51500000              0.8841              1.4512            357.6136
          1.51500000              0.8841              1.4723            112.8756
          1.51500000              0.8841              1.4928             15.1918
          1.51500000              0.8841              1.5126              0.0000
          1.51500000              0.8970              0.0145              4.1586
          1.51500000              0.8970              0.1852            354.2704
          1.51500000              0.8970              0.3203            840.2916
          1.51500000              0.8970              0.4321           1421.8271
          1.51500000              0.8970              0.5275           1823.1010
          1.51500000              0.8970              0.6107           2418.9041
          1.51500000              0.8970              0.6844           3312.7343
          1.51500000              0.8970              0.7506           4047.0697
          1.51500000              0.8970              0.8107           5305.2331
          1.51500000              0.8970              0.8657           7254.3334
          1.51500000              0.8970              0.9164          10439.3631
          1.51500000              0.8970              0.9635          13632.3706
          1.51500000              0.8970              1.0074          16210.7026
          1.51500000              0.8970              1.0485          17118.8201
          1.51500000              0.8970              1.0871          15653.2136
          1.51500000              0.8970              1.1236          13840.6308
          1.51500000              0.8970              1.1582          12268.8833
          1.51500000              0.8970              1.1910          12200.2705
          1.51500000              0.8970              1.2222          12871.2358
          1.51500000              0.8970              1.2520          13427.4346
          1.51500000              0.8970              1.2805          13263.1129
          1.51500000              0.8970              1.3078          13735.1380
          1.51500000              0.8970              1.3341          12044.0009
          1.51500000              0.8970              1.3592           8633.2727
          1.51500000              0.8970              1.3835           5880.8912
          1.51500000              0.8970              1.4069           3716.9087
          1.51500000              0.8970              1.4294           1774.2726
          1.51500000              0.8970              1.4512            629.1864
          1.51500000              0.8970              1.4723            206.5256
          1.51500000              0.8970              1.4928             29.6581
          1.51500000              0.8970              1.5126              0.0000
          1.51500000              0.9093              0.0145              3.9014
          1.51500000              0.9093              0.1852            346.3237
          1.51500000              0.9093              0.3203            837.5734
          1.51500000              0.9093              0.4321           1453.5497
          1.51500000              0.9093              0.5275           1899.5549
          1.51500000              0.9093              0.6107           2542.9013
          1.51500000              0.9093              0.6844           3444.2281
          1.51500000              0.9093              0.7506           4109.0702
          1.51500000              0.9093              0.8107           5281.7243
          1.51500000              0.9093              0.8657           7217.4224
          1.51500000              0.9093              0.9164          10649.8068
          1.51500000              0.9093              0.9635          14577.9913
          1.51500000              0.9093              1.0074          17908.0044
          1.51500000              0.9093              1.0485          19948.0700
          1.51500000              0.9093              1.0871          19213.7268
          1.51500000              0.9093              1.1236          16948.0156
          1.51500000              0.9093              1.1582          14770.7660
          1.51500000              0.9093              1.1910          13900.2303
          1.51500000              0.9093              1.2222          14744.0166
          1.51500000              0.9093              1.2520          15842.3889
          1.51500000              0.9093              1.2805          16554.8279
          1.51500000              0.9093              1.3078          17354.8504
          1.51500000              0.9093              1.3341          16459.6532
          1.51500000              0.9093              1.3592          13528.4491
          1.51500000              0.9093              1.3835           8978.0186
          1.51500000              0.9093              1.4069           5941.1319
          1.51500000              0.9093              1.4294           3392.8583
          1.51500000              0.9093              1.4512           1301.6825
          1.51500000              0.9093              1.4723            352.5008
          1.51500000              0.9093              1.4928             58.5217
          1.51500000              0.9093              1.5126              0.0000
          1.51500000              0.9210              0.0145              3.6535
          1.51500000              0.9210              0.1852            338.0751
          1.51500000              0.9210              0.3203            830.3096
          1.51500000              0.9210              0.4321           1478.7764
          1.51500000              0.9210              0.5275           1972.9395
          1.51500000              0.9210              0.6107           2658.3296
          1.51500000              0.9210              0.6844           3582.2155
          1.51500000              0.9210              0.7506           4154.7855
          1.51500000              0.9210              0.8107           5267.9180
          1.51500000              0.9210              0.8657           7131.2087
          1.51500000              0.9210              0.9164          10708.1923
          1.51500000              0.9210              0.9635          15235.2525
          1.51500000              0.9210              1.0074          19613.2621
          1.51500000              0.9210              1.0485          22663.7686
          1.51500000              0.9210              1.0871          23181.5506
          1.51500000              0.9210              1.1236          20951.8619
          1.51500000              0.9210              1.1582          17896.9168
          1.51500000              0.9210              1.1910          16201.1729
          1.51500000              0.9210              1.2222          16570.0955
          1.51500000              0.9210              1.2520          17987.9422
          1.51500000              0.9210              1.2805          19881.2569
          1.51500000              0.9210              1.3078          21488.2601
          1.51500000              0.9210              1.3341          21192.3340
          1.51500000              0.9210              1.3592          18968.3162
          1.51500000              0.9210              1.3835          14210.9615
          1.51500000              0.9210              1.4069           9329.9770
          1.51500000              0.9210              1.4294           5815.9779
          1.51500000              0.9210              1.4512           2756.1855
          1.51500000              0.9210              1.4723            666.7604
          1.51500000              0.9210              1.4928             86.3047
          1.51500000              0.9210              1.5126              0.0000
          1.51500000              0.9323              0.0145              3.4143
          1.51500000              0.9323              0.1852            328.4987
          1.51500000              0.9323              0.3203            818.5161
          1.51500000              0.9323              0.4321           1503.6606
          1.51500000              0.9323              0.5275           2048.8731
          1.51500000              0.9323              0.6107           2776.1647
          1.51500000              0.9323              0.6844           3727.0926
          1.51500000              0.9323              0.7506           4238.8502
          1.51500000              0.9323              0.8107           5275.0597
          1.51500000              0.9323              0.8657           7025.3144
          1.51500000              0.9323              0.9164          10631.7760
          1.51500000              0.9323              0.9635          15633.3422
          1.51500000              0.9323              1.0074          21062.5232
          1.51500000              0.9323              1.0485          25437.2730
          1.51500000              0.9323              1.0871          27234.0661
          1.51500000              0.9323              1.1236          25948.6334
          1.51500000              0.9323              1.1582          21940.9529
          1.51500000              0.9323              1.1910          19020.2857
          1.51500000              0.9323              1.2222          18849.6979
          1.51500000              0.9323              1.2520          19888.8763
          1.51500000              0.9323              1.2805          22947.0299
          1.51500000              0.9323              1.3078          25867.8104
          1.51500000              0.9323              1.3341          26991.2482
          1.51500000              0.9323              1.3592          24298.3039
          1.51500000              0.9323              1.3835          20979.3805
          1.51500000              0.9323              1.4069          14863.5793
          1.51500000              0.9323              1.4294           9366.5758
          1.51500000              0.9323              1.4512           5293.4254
          1.51500000              0.9323              1.4723           1622.0731
          1.51500000              0.9323              1.4928            145.8682
          1.51500000              0.9323              1.5126              0.0000
          1.51500000              0.9431              0.0145              3.1834
          1.51500000              0.9431              0.1852            317.7183
          1.51500000              0.9431              0.3203            801.5493
          1.51500000              0.9431              0.4321           1521.8263
          1.51500000              0.9431              0.5275           2130.0662
          1.51500000              0.9431              0.6107           2898.9626
          1.51500000              0.9431              0.6844           3864.1298
          1.51500000              0.9431              0.7506           4357.9095
          1.51500000              0.9431              0.8107           5263.5952
          1.51500000              0.9431              0.8657           6934.2288
          1.51500000              0.9431              0.9164          10493.9009
          1.51500000              0.9431              0.9635          15851.1593
          1.51500000              0.9431              1.0074          22139.3400
          1.51500000              0.9431              1.0485          27948.5732
          1.51500000              0.9431              1.0871          31452.1602
          1.51500000              0.9431              1.1236          31468.6873
          1.51500000              0.9431              1.1582          27553.3564
          1.51500000              0.9431              1.1910          22986.2805
          1.51500000              0.9431              1.2222          21126.0682
          1.51500000              0.9431              1.2520          22085.7616
          1.51500000              0.9431              1.2805          24774.5923
          1.51500000              0.9431              1.3078          30996.8771
          1.51500000              0.9431              1.3341          32913.1002
          1.51500000              0.9431              1.3592          31137.8103
          1.51500000              0.9431              1.3835          27969.4152
          1.51500000              0.9431              1.4069          23009.0811
          1.51500000              0.9431              1.4294          14907.8107
          1.51500000              0.9431              1.4512           9513.7095
          1.51500000              0.9431              1.4723           3724.5528
          1.51500000              0.9431              1.4928            532.0974
          1.51500000              0.9431              1.5126              0.0000
          1.51500000              0.9534              0.0145              2.9598
          1.51500000              0.9534              0.1852            306.1335
          1.51500000              0.9534              0.3203            778.2682
          1.51500000              0.9534              0.4321           1529.1557
          1.51500000              0.9534              0.5275           2216.2470
          1.51500000              0.9534              0.6107           3051.8509
          1.51500000              0.9534              0.6844           3967.0391
          1.51500000              0.9534              0.7506           4481.0173
          1.51500000              0.9534              0.8107           5335.0216
          1.51500000              0.9534              0.8657           6870.9877
          1.51500000              0.9534              0.9164          10401.7055
          1.51500000              0.9534              0.9635          15790.0482
          1.51500000              0.9534              1.0074          22782.6990
          1.51500000              0.9534              1.0485          30059.3313
          1.51500000              0.9534              1.0871          35577.7847
          1.51500000              0.9534              1.1236          37442.0678
          1.51500000              0.9534              1.1582          34437.3031
          1.51500000              0.9534              1.1910          28694.8525
          1.51500000              0.9534              1.2222          24612.7997
          1.51500000              0.9534              1.2520          23867.3460
          1.51500000              0.9534              1.2805          26821.9343
          1.51500000              0.9534              1.3078          32713.9371
          1.51500000              0.9534              1.3341          40097.7883
          1.51500000              0.9534              1.3592          39798.4746
          1.51500000              0.9534              1.3835          35921.1341
          1.51500000              0.9534              1.4069          32423.3790
          1.51500000              0.9534              1.4294          24746.7953
          1.51500000              0.9534              1.4512          16188.9951
          1.51500000              0.9534              1.4723           7464.2537
          1.51500000              0.9534              1.4928           1797.4928
          1.51500000              0.9534              1.5126              0.0001
          1.51500000              0.9634              0.0145              2.7431
          1.51500000              0.9634              0.1852            293.2033
          1.51500000              0.9634              0.3203            747.6868
          1.51500000              0.9634              0.4321           1525.1302
          1.51500000              0.9634              0.5275           2270.5133
          1.51500000              0.9634              0.6107           3182.0961
          1.51500000              0.9634              0.6844           4061.6725
          1.51500000              0.9634              0.7506           4584.4787
          1.51500000              0.9634              0.8107           5465.5037
          1.51500000              0.9634              0.8657           6824.6233
          1.51500000              0.9634              0.9164          10265.6826
          1.51500000              0.9634              0.9635          15618.3710
          1.51500000              0.9634              1.0074          22898.0526
          1.51500000              0.9634              1.0485          31562.4717
          1.51500000              0.9634              1.0871          39200.7576
          1.51500000              0.9634              1.1236          43727.4972
          1.51500000              0.9634              1.1582          42450.8145
          1.51500000              0.9634              1.1910          36393.7649
          1.51500000              0.9634              1.2222          29893.7742
          1.51500000              0.9634              1.2520          26804.2372
          1.51500000              0.9634              1.2805          28124.4289
          1.51500000              0.9634              1.3078          34559.5591
          1.51500000              0.9634              1.3341          42732.6973
          1.51500000              0.9634              1.3592          49115.7184
          1.51500000              0.9634              1.3835          47602.8410
          1.51500000              0.9634              1.4069          43953.4099
          1.51500000              0.9634              1.4294          37682.5274
          1.51500000              0.9634              1.4512          28827.0421
          1.51500000              0.9634              1.4723          13054.8234
          1.51500000              0.9634              1.4928           3916.7435
          1.51500000              0.9634              1.5126              0.0003
          1.51500000              0.9730              0.0145              2.5329
          1.51500000              0.9730              0.1852            279.0165
          1.51500000              0.9730              0.3203            712.3943
          1.51500000              0.9730              0.4321           1525.5383
          1.51500000              0.9730              0.5275           2301.5548
          1.51500000              0.9730              0.6107           3257.0579
          1.51500000              0.9730              0.6844           4158.4999
          1.51500000              0.9730              0.7506           4644.7755
          1.51500000              0.9730              0.8107           5580.1882
          1.51500000              0.9730              0.8657           6864.8507
          1.51500000              0.9730              0.9164          10167.9322
          1.51500000              0.9730              0.9635          15407.1733
          1.51500000              0.9730              1.0074          22718.7213
          1.51500000              0.9730              1.0485          32103.6529
          1.51500000              0.9730              1.0871          41904.1444
          1.51500000              0.9730              1.1236          49705.7745
          1.51500000              0.9730              1.1582          51437.3178
          1.51500000              0.9730              1.1910          46184.8042
          1.51500000              0.9730              1.2222          37718.9057
          1.51500000              0.9730              1.2520          31598.0554
          1.51500000              0.9730              1.2805          30766.6752
          1.51500000              0.9730              1.3078          35225.7180
          1.51500000              0.9730              1.3341          45672.9088
          1.51500000              0.9730              1.3592          52721.5463
          1.51500000              0.9730              1.3835          61364.4198
          1.51500000              0.9730              1.4069          60250.1678
          1.51500000              0.9730              1.4294          54100.0032
          1.51500000              0.9730              1.4512          48830.3932
          1.51500000              0.9730              1.4723          23371.2025
          1.51500000              0.9730              1.4928           7037.3827
          1.51500000              0.9730              1.5126              0.0005
          1.51500000              0.9823              0.0145              2.3287
          1.51500000              0.9823              0.1852            263.3195
          1.51500000              0.9823              0.3203            680.3938
          1.51500000              0.9823              0.4321           1507.1389
          1.51500000              0.9823              0.5275           2334.3850
          1.51500000              0.9823              0.6107           3293.3998
          1.51500000              0.9823              0.6844           4208.0651
          1.51500000              0.9823              0.7506           4674.0086
          1.51500000              0.9823              0.8107           5593.4347
          1.51500000              0.9823              0.8657           6953.6044
          1.51500000              0.9823              0.9164          10266.1578
          1.51500000              0.9823              0.9635          15127.4912
          1.51500000              0.9823              1.0074          22122.0362
          1.51500000              0.9823              1.0485          31757.7089
          1.51500000              0.9823              1.0871          43238.7994
          1.51500000              0.9823              1.1236          54579.5475
          1.51500000              0.9823              1.1582          60616.6409
          1.51500000              0.9823              1.1910          57991.8087
          1.51500000              0.9823              1.2222          48214.2564
          1.51500000              0.9823              1.2520          39166.2534
          1.51500000              0.9823              1.2805          35045.3529
          1.51500000              0.9823              1.3078          36891.8082
          1.51500000              0.9823              1.3341          45224.6146
          1.51500000              0.9823              1.3592          55455.9707
          1.51500000              0.9823              1.3835          66301.6441
          1.51500000              0.9823              1.4069          81056.0153
          1.51500000              0.9823              1.4294          81919.3632
          1.51500000              0.9823              1.4512          75182.8533
          1.51500000              0.9823              1.4723          44130.8975
          1.51500000              0.9823              1.4928          12784.2844
          1.51500000              0.9823              1.5126              0.0012
          1.51500000              0.9913              0.0145              2.1307
          1.51500000              0.9913              0.1852            246.0624
          1.51500000              0.9913              0.3203            644.3703
          1.51500000              0.9913              0.4321           1452.9933
          1.51500000              0.9913              0.5275           2394.7704
          1.51500000              0.9913              0.6107           3272.5197
          1.51500000              0.9913              0.6844           4132.2604
          1.51500000              0.9913              0.7506           4617.1413
          1.51500000              0.9913              0.8107           5461.0769
          1.51500000              0.9913              0.8657           6973.0698
          1.51500000              0.9913              0.9164          10201.0247
          1.51500000              0.9913              0.9635          14873.8297
          1.51500000              0.9913              1.0074          21148.1927
          1.51500000              0.9913              1.0485          30515.7122
          1.51500000              0.9913              1.0871          42945.1011
          1.51500000              0.9913              1.1236          57161.8986
          1.51500000              0.9913              1.1582          68494.6567
          1.51500000              0.9913              1.1910          70973.4770
          1.51500000              0.9913              1.2222          62158.2288
          1.51500000              0.9913              1.2520          50185.4007
          1.51500000              0.9913              1.2805          42472.3164
          1.51500000              0.9913              1.3078          41077.2638
          1.51500000              0.9913              1.3341          43624.1921
          1.51500000              0.9913              1.3592          50501.7165
          1.51500000              0.9913              1.3835          64387.4496
          1.51500000              0.9913              1.4069          90032.5669
          1.51500000              0.9913              1.4294         112578.1566
          1.51500000              0.9913              1.4512         130287.5603
          1.51500000              0.9913              1.4723          79254.8082
          1.51500000              0.9913              1.4928          28475.8369
          1.51500000              0.9913              1.5126              0.0024
          1.51500000              1.0000              0.0145              1.9381
          1.51500000              1.0000              0.1852            225.7115
          1.51500000              1.0000              0.3203            589.1115
          1.51500000              1.0000              0.4321           1414.9567
          1.51500000              1.0000              0.5275           2429.6998
          1.51500000              1.0000              0.6107           3229.7417
          1.51500000              1.0000              0.6844           4054.0164
          1.51500000              1.0000              0.7506           4585.2407
          1.51500000              1.0000              0.8107           5270.8460
          1.51500000              1.0000              0.8657           6501.6987
          1.51500000              1.0000              0.9164           9626.2353
          1.51500000              1.0000              0.9635          13841.0060
          1.51500000              1.0000              1.0074          19628.1964
          1.51500000              1.0000              1.0485          27529.0730
          1.51500000              1.0000              1.0871          39427.5984
          1.51500000              1.0000              1.1236          55379.5706
          1.51500000              1.0000              1.1582          71648.5862
          1.51500000              1.0000              1.1910          81089.1444
          1.51500000              1.0000              1.2222          77504.1761
          1.51500000              1.0000              1.2520          63352.5788
          1.51500000              1.0000              1.2805          53253.5837
          1.51500000              1.0000              1.3078          49149.7494
          1.51500000              1.0000              1.3341          48083.4935
          1.51500000              1.0000              1.3592          45069.8577
          1.51500000              1.0000              1.3835          44866.2285
          1.51500000              1.0000              1.4069          64881.0039
          1.51500000              1.0000              1.4294         119978.0784
          1.51500000              1.0000              1.4512         206233.9161
          1.51500000              1.0000              1.4723         196792.5568
          1.51500000              1.0000              1.4928          58467.9274
          1.51500000              1.0000              1.5126             12.9717
