                   3              0.8660              1.4995           3720.3955
          3.00000000              0.8660              1.6702           4091.8330
          3.00000000              0.8660              1.8053           5545.2419
          3.00000000              0.8660              1.9171           5220.4169
          3.00000000              0.8660              2.0125           3427.0256
          3.00000000              0.8660              2.0957           2767.7117
          3.00000000              0.8660              2.1694           2180.5651
          3.00000000              0.8660              2.2356           2014.9354
          3.00000000              0.8660              2.2957           1509.9045
          3.00000000              0.8660              2.3507           1354.7079
          3.00000000              0.8660              2.4014           1012.5325
          3.00000000              0.8660              2.4485            605.9680
          3.00000000              0.8660              2.4924            346.8719
          3.00000000              0.8660              2.5335            199.4646
          3.00000000              0.8660              2.5721            101.9439
          3.00000000              0.8660              2.6086             37.6846
          3.00000000              0.8660              2.6432             12.6928
          3.00000000              0.8660              2.6760              0.9004
          3.00000000              0.8660              2.7072              0.0000
          3.00000000              0.8660              2.7370              0.0000
          3.00000000              0.8660              2.7655              0.0000
          3.00000000              0.8660              2.7928              0.0000
          3.00000000              0.8660              2.8191              0.0000
          3.00000000              0.8660              2.8442              0.0000
          3.00000000              0.8660              2.8685              0.0000
          3.00000000              0.8660              2.8919              0.0000
          3.00000000              0.8660              2.9144              0.0000
          3.00000000              0.8660              2.9362              0.0000
          3.00000000              0.8660              2.9573              0.0000
          3.00000000              0.8660              2.9778              0.0000
          3.00000000              0.8660              2.9976              0.0000
          3.00000000              0.8905              1.4995           4574.1137
          3.00000000              0.8905              1.6702           4869.9268
          3.00000000              0.8905              1.8053           6641.2659
          3.00000000              0.8905              1.9171           8474.9029
          3.00000000              0.8905              2.0125           8080.5057
          3.00000000              0.8905              2.0957           7093.4319
          3.00000000              0.8905              2.1694           4833.2536
          3.00000000              0.8905              2.2356           4334.4076
          3.00000000              0.8905              2.2957           3650.7238
          3.00000000              0.8905              2.3507           2932.5091
          3.00000000              0.8905              2.4014           2618.2151
          3.00000000              0.8905              2.4485           2134.3464
          3.00000000              0.8905              2.4924           1592.3964
          3.00000000              0.8905              2.5335           1052.9551
          3.00000000              0.8905              2.5721            652.0851
          3.00000000              0.8905              2.6086            346.8452
          3.00000000              0.8905              2.6432            192.2889
          3.00000000              0.8905              2.6760             96.1934
          3.00000000              0.8905              2.7072             31.1723
          3.00000000              0.8905              2.7370              7.8107
          3.00000000              0.8905              2.7655              0.3112
          3.00000000              0.8905              2.7928              0.0000
          3.00000000              0.8905              2.8191              0.0000
          3.00000000              0.8905              2.8442              0.0000
          3.00000000              0.8905              2.8685              0.0000
          3.00000000              0.8905              2.8919              0.0000
          3.00000000              0.8905              2.9144              0.0000
          3.00000000              0.8905              2.9362              0.0000
          3.00000000              0.8905              2.9573              0.0000
          3.00000000              0.8905              2.9778              0.0000
          3.00000000              0.8905              2.9976              0.0000
          3.00000000              0.9058              1.4995           5432.8085
          3.00000000              0.9058              1.6702           5419.9298
          3.00000000              0.9058              1.8053           7230.5906
          3.00000000              0.9058              1.9171           9220.2225
          3.00000000              0.9058              2.0125          10944.6578
          3.00000000              0.9058              2.0957          10732.6398
          3.00000000              0.9058              2.1694           9895.2065
          3.00000000              0.9058              2.2356           7146.5464
          3.00000000              0.9058              2.2957           4983.3910
          3.00000000              0.9058              2.3507           4626.5010
          3.00000000              0.9058              2.4014           4782.0036
          3.00000000              0.9058              2.4485           3849.5487
          3.00000000              0.9058              2.4924           3177.7008
          3.00000000              0.9058              2.5335           2681.3508
          3.00000000              0.9058              2.5721           1864.7815
          3.00000000              0.9058              2.6086           1182.3299
          3.00000000              0.9058              2.6432            734.1788
          3.00000000              0.9058              2.6760            383.2527
          3.00000000              0.9058              2.7072            207.3136
          3.00000000              0.9058              2.7370            104.8557
          3.00000000              0.9058              2.7655             39.4093
          3.00000000              0.9058              2.7928              8.3037
          3.00000000              0.9058              2.8191              0.3296
          3.00000000              0.9058              2.8442              0.0000
          3.00000000              0.9058              2.8685              0.0000
          3.00000000              0.9058              2.8919              0.0000
          3.00000000              0.9058              2.9144              0.0000
          3.00000000              0.9058              2.9362              0.0000
          3.00000000              0.9058              2.9573              0.0000
          3.00000000              0.9058              2.9778              0.0000
          3.00000000              0.9058              2.9976              0.0000
          3.00000000              0.9170              1.4995           6502.8847
          3.00000000              0.9170              1.6702           6092.7633
          3.00000000              0.9170              1.8053           8007.9774
          3.00000000              0.9170              1.9171           9871.0662
          3.00000000              0.9170              2.0125          12271.1677
          3.00000000              0.9170              2.0957          14899.7519
          3.00000000              0.9170              2.1694          13824.8205
          3.00000000              0.9170              2.2356          11882.3781
          3.00000000              0.9170              2.2957           8319.2809
          3.00000000              0.9170              2.3507           6264.3822
          3.00000000              0.9170              2.4014           7091.2063
          3.00000000              0.9170              2.4485           5650.0529
          3.00000000              0.9170              2.4924           4972.2546
          3.00000000              0.9170              2.5335           4428.5139
          3.00000000              0.9170              2.5721           3752.6411
          3.00000000              0.9170              2.6086           2757.2948
          3.00000000              0.9170              2.6432           1729.8776
          3.00000000              0.9170              2.6760           1082.1994
          3.00000000              0.9170              2.7072            651.6257
          3.00000000              0.9170              2.7370            347.5944
          3.00000000              0.9170              2.7655            179.2116
          3.00000000              0.9170              2.7928             77.0835
          3.00000000              0.9170              2.8191             27.1871
          3.00000000              0.9170              2.8442              4.5250
          3.00000000              0.9170              2.8685              0.0175
          3.00000000              0.9170              2.8919              0.0000
          3.00000000              0.9170              2.9144              0.0000
          3.00000000              0.9170              2.9362              0.0000
          3.00000000              0.9170              2.9573              0.0000
          3.00000000              0.9170              2.9778              0.0000
          3.00000000              0.9170              2.9976              0.0000
          3.00000000              0.9258              1.4995           7540.5107
          3.00000000              0.9258              1.6702           6951.7193
          3.00000000              0.9258              1.8053           8603.3024
          3.00000000              0.9258              1.9171          10646.4496
          3.00000000              0.9258              2.0125          13264.9147
          3.00000000              0.9258              2.0957          16479.9290
          3.00000000              0.9258              2.1694          19198.8726
          3.00000000              0.9258              2.2356          17375.6891
          3.00000000              0.9258              2.2957          13843.1756
          3.00000000              0.9258              2.3507          10103.2921
          3.00000000              0.9258              2.4014           9320.4921
          3.00000000              0.9258              2.4485           8261.8750
          3.00000000              0.9258              2.4924           7384.4032
          3.00000000              0.9258              2.5335           6599.1013
          3.00000000              0.9258              2.5721           5748.6504
          3.00000000              0.9258              2.6086           4860.3405
          3.00000000              0.9258              2.6432           3598.4740
          3.00000000              0.9258              2.6760           2304.3408
          3.00000000              0.9258              2.7072           1427.5677
          3.00000000              0.9258              2.7370            866.7867
          3.00000000              0.9258              2.7655            471.6756
          3.00000000              0.9258              2.7928            248.9240
          3.00000000              0.9258              2.8191            119.9778
          3.00000000              0.9258              2.8442             41.3475
          3.00000000              0.9258              2.8685              9.5813
          3.00000000              0.9258              2.8919              0.1581
          3.00000000              0.9258              2.9144              0.0000
          3.00000000              0.9258              2.9362              0.0000
          3.00000000              0.9258              2.9573              0.0000
          3.00000000              0.9258              2.9778              0.0000
          3.00000000              0.9258              2.9976              0.0000
          3.00000000              0.9330              1.4995           8587.1529
          3.00000000              0.9330              1.6702           7766.9426
          3.00000000              0.9330              1.8053           9274.5077
          3.00000000              0.9330              1.9171          11504.4372
          3.00000000              0.9330              2.0125          14070.3395
          3.00000000              0.9330              2.0957          18109.2316
          3.00000000              0.9330              2.1694          21944.8372
          3.00000000              0.9330              2.2356          22739.6257
          3.00000000              0.9330              2.2957          19604.1336
          3.00000000              0.9330              2.3507          15337.0744
          3.00000000              0.9330              2.4014          13704.7889
          3.00000000              0.9330              2.4485          10740.4071
          3.00000000              0.9330              2.4924          10478.5506
          3.00000000              0.9330              2.5335           9498.5910
          3.00000000              0.9330              2.5721           8022.4506
          3.00000000              0.9330              2.6086           7126.5334
          3.00000000              0.9330              2.6432           5864.5161
          3.00000000              0.9330              2.6760           4417.0027
          3.00000000              0.9330              2.7072           2947.3838
          3.00000000              0.9330              2.7370           1779.8344
          3.00000000              0.9330              2.7655           1044.6443
          3.00000000              0.9330              2.7928            577.1665
          3.00000000              0.9330              2.8191            300.7888
          3.00000000              0.9330              2.8442            144.9299
          3.00000000              0.9330              2.8685             54.0975
          3.00000000              0.9330              2.8919             13.2410
          3.00000000              0.9330              2.9144              0.4783
          3.00000000              0.9330              2.9362              0.0000
          3.00000000              0.9330              2.9573              0.0000
          3.00000000              0.9330              2.9778              0.0000
          3.00000000              0.9330              2.9976              0.0000
          3.00000000              0.9392              1.4995           9496.7761
          3.00000000              0.9392              1.6702           8832.3554
          3.00000000              0.9392              1.8053           9928.8947
          3.00000000              0.9392              1.9171          12000.6490
          3.00000000              0.9392              2.0125          14543.9489
          3.00000000              0.9392              2.0957          19339.7615
          3.00000000              0.9392              2.1694          24451.1694
          3.00000000              0.9392              2.2356          27588.4656
          3.00000000              0.9392              2.2957          26599.7338
          3.00000000              0.9392              2.3507          21899.6106
          3.00000000              0.9392              2.4014          18085.6870
          3.00000000              0.9392              2.4485          15689.8421
          3.00000000              0.9392              2.4924          13154.1514
          3.00000000              0.9392              2.5335          13219.3394
          3.00000000              0.9392              2.5721          11173.8566
          3.00000000              0.9392              2.6086           9592.4577
          3.00000000              0.9392              2.6432           9021.7561
          3.00000000              0.9392              2.6760           6883.8735
          3.00000000              0.9392              2.7072           5249.1286
          3.00000000              0.9392              2.7370           3452.3513
          3.00000000              0.9392              2.7655           2022.7563
          3.00000000              0.9392              2.7928           1174.7928
          3.00000000              0.9392              2.8191            632.1823
          3.00000000              0.9392              2.8442            337.0754
          3.00000000              0.9392              2.8685            153.8493
          3.00000000              0.9392              2.8919             56.4620
          3.00000000              0.9392              2.9144             12.0101
          3.00000000              0.9392              2.9362              0.2023
          3.00000000              0.9392              2.9573              0.0000
          3.00000000              0.9392              2.9778              0.0000
          3.00000000              0.9392              2.9976              0.0000
          3.00000000              0.9446              1.4995          10524.9003
          3.00000000              0.9446              1.6702           9889.0068
          3.00000000              0.9446              1.8053          10620.6153
          3.00000000              0.9446              1.9171          12565.1209
          3.00000000              0.9446              2.0125          15248.5085
          3.00000000              0.9446              2.0957          20458.2704
          3.00000000              0.9446              2.1694          26508.0679
          3.00000000              0.9446              2.2356          31060.7216
          3.00000000              0.9446              2.2957          34110.1190
          3.00000000              0.9446              2.3507          29839.8790
          3.00000000              0.9446              2.4014          26538.7108
          3.00000000              0.9446              2.4485          20718.4753
          3.00000000              0.9446              2.4924          18047.3200
          3.00000000              0.9446              2.5335          16480.1476
          3.00000000              0.9446              2.5721          15595.8958
          3.00000000              0.9446              2.6086          13001.1928
          3.00000000              0.9446              2.6432          13421.9480
          3.00000000              0.9446              2.6760          10048.2596
          3.00000000              0.9446              2.7072           7989.0696
          3.00000000              0.9446              2.7370           5953.4404
          3.00000000              0.9446              2.7655           3776.7727
          3.00000000              0.9446              2.7928           2147.1553
          3.00000000              0.9446              2.8191           1245.0143
          3.00000000              0.9446              2.8442            645.4378
          3.00000000              0.9446              2.8685            338.3795
          3.00000000              0.9446              2.8919            150.2734
          3.00000000              0.9446              2.9144             47.6460
          3.00000000              0.9446              2.9362              7.9798
          3.00000000              0.9446              2.9573              0.0044
          3.00000000              0.9446              2.9778              0.0000
          3.00000000              0.9446              2.9976              0.0000
          3.00000000              0.9493              1.4995          11596.2567
          3.00000000              0.9493              1.6702          11019.2437
          3.00000000              0.9493              1.8053          11518.1549
          3.00000000              0.9493              1.9171          13307.6487
          3.00000000              0.9493              2.0125          15702.0626
          3.00000000              0.9493              2.0957          21156.3068
          3.00000000              0.9493              2.1694          28326.6003
          3.00000000              0.9493              2.2356          34241.2432
          3.00000000              0.9493              2.2957          38323.3513
          3.00000000              0.9493              2.3507          37900.4524
          3.00000000              0.9493              2.4014          33430.7939
          3.00000000              0.9493              2.4485          27792.4639
          3.00000000              0.9493              2.4924          24136.6404
          3.00000000              0.9493              2.5335          20546.1831
          3.00000000              0.9493              2.5721          19366.7037
          3.00000000              0.9493              2.6086          17382.1677
          3.00000000              0.9493              2.6432          19528.3137
          3.00000000              0.9493              2.6760          14219.3544
          3.00000000              0.9493              2.7072          11311.8824
          3.00000000              0.9493              2.7370           8937.6164
          3.00000000              0.9493              2.7655           6442.7932
          3.00000000              0.9493              2.7928           3907.6648
          3.00000000              0.9493              2.8191           2161.1893
          3.00000000              0.9493              2.8442           1226.5256
          3.00000000              0.9493              2.8685            640.7097
          3.00000000              0.9493              2.8919            310.6751
          3.00000000              0.9493              2.9144            125.4804
          3.00000000              0.9493              2.9362             34.6998
          3.00000000              0.9493              2.9573              3.0616
          3.00000000              0.9493              2.9778              0.0000
          3.00000000              0.9493              2.9976              0.0000
          3.00000000              0.9536              1.4995          12592.8744
          3.00000000              0.9536              1.6702          12080.0093
          3.00000000              0.9536              1.8053          12423.8794
          3.00000000              0.9536              1.9171          14123.6138
          3.00000000              0.9536              2.0125          15955.3136
          3.00000000              0.9536              2.0957          21833.0357
          3.00000000              0.9536              2.1694          29528.4024
          3.00000000              0.9536              2.2356          36890.2633
          3.00000000              0.9536              2.2957          42679.0763
          3.00000000              0.9536              2.3507          44408.8826
          3.00000000              0.9536              2.4014          42339.8703
          3.00000000              0.9536              2.4485          36126.4223
          3.00000000              0.9536              2.4924          31405.3069
          3.00000000              0.9536              2.5335          26355.9700
          3.00000000              0.9536              2.5721          23334.3911
          3.00000000              0.9536              2.6086          21675.3089
          3.00000000              0.9536              2.6432          25826.6909
          3.00000000              0.9536              2.6760          20974.4149
          3.00000000              0.9536              2.7072          15700.1282
          3.00000000              0.9536              2.7370          12433.6522
          3.00000000              0.9536              2.7655           9739.0025
          3.00000000              0.9536              2.7928           6697.5591
          3.00000000              0.9536              2.8191           3884.7094
          3.00000000              0.9536              2.8442           2095.7462
          3.00000000              0.9536              2.8685           1154.7380
          3.00000000              0.9536              2.8919            572.7981
          3.00000000              0.9536              2.9144            259.5412
          3.00000000              0.9536              2.9362             91.5718
          3.00000000              0.9536              2.9573             19.0657
          3.00000000              0.9536              2.9778              0.2113
          3.00000000              0.9536              2.9976              0.0000
          3.00000000              0.9575              1.4995          13484.2027
          3.00000000              0.9575              1.6702          13099.9725
          3.00000000              0.9575              1.8053          13276.3092
          3.00000000              0.9575              1.9171          14944.1847
          3.00000000              0.9575              2.0125          16408.2094
          3.00000000              0.9575              2.0957          22311.9159
          3.00000000              0.9575              2.1694          30406.9890
          3.00000000              0.9575              2.2356          39098.7590
          3.00000000              0.9575              2.2957          46420.8795
          3.00000000              0.9575              2.3507          50183.9461
          3.00000000              0.9575              2.4014          50915.3540
          3.00000000              0.9575              2.4485          45076.9372
          3.00000000              0.9575              2.4924          38779.4861
          3.00000000              0.9575              2.5335          33914.0512
          3.00000000              0.9575              2.5721          28680.1647
          3.00000000              0.9575              2.6086          26670.8626
          3.00000000              0.9575              2.6432          31821.4001
          3.00000000              0.9575              2.6760          27926.9851
          3.00000000              0.9575              2.7072          22914.4261
          3.00000000              0.9575              2.7370          17676.0648
          3.00000000              0.9575              2.7655          13507.5681
          3.00000000              0.9575              2.7928          10478.6801
          3.00000000              0.9575              2.8191           6726.2897
          3.00000000              0.9575              2.8442           3668.2469
          3.00000000              0.9575              2.8685           1946.6528
          3.00000000              0.9575              2.8919           1010.7766
          3.00000000              0.9575              2.9144            469.3506
          3.00000000              0.9575              2.9362            191.3976
          3.00000000              0.9575              2.9573             53.2974
          3.00000000              0.9575              2.9778              5.1095
          3.00000000              0.9575              2.9976              0.0000
          3.00000000              0.9610              1.4995          14461.9468
          3.00000000              0.9610              1.6702          14181.6625
          3.00000000              0.9610              1.8053          14166.7405
          3.00000000              0.9610              1.9171          15900.7776
          3.00000000              0.9610              2.0125          16812.9304
          3.00000000              0.9610              2.0957          22533.9181
          3.00000000              0.9610              2.1694          31178.5370
          3.00000000              0.9610              2.2356          40697.7611
          3.00000000              0.9610              2.2957          49502.9033
          3.00000000              0.9610              2.3507          55415.1798
          3.00000000              0.9610              2.4014          58290.1346
          3.00000000              0.9610              2.4485          55790.3025
          3.00000000              0.9610              2.4924          47805.7978
          3.00000000              0.9610              2.5335          43203.8269
          3.00000000              0.9610              2.5721          35717.8230
          3.00000000              0.9610              2.6086          32103.1817
          3.00000000              0.9610              2.6432          37297.1827
          3.00000000              0.9610              2.6760          33735.7787
          3.00000000              0.9610              2.7072          31186.7018
          3.00000000              0.9610              2.7370          25153.1300
          3.00000000              0.9610              2.7655          19456.0110
          3.00000000              0.9610              2.7928          14889.2334
          3.00000000              0.9610              2.8191          10864.0825
          3.00000000              0.9610              2.8442           6432.3111
          3.00000000              0.9610              2.8685           3272.1668
          3.00000000              0.9610              2.8919           1679.4823
          3.00000000              0.9610              2.9144            803.9455
          3.00000000              0.9610              2.9362            338.7252
          3.00000000              0.9610              2.9573            110.1073
          3.00000000              0.9610              2.9778             18.2556
          3.00000000              0.9610              2.9976              0.0000
          3.00000000              0.9643              1.4995          15390.4000
          3.00000000              0.9643              1.6702          15238.1437
          3.00000000              0.9643              1.8053          15038.2633
          3.00000000              0.9643              1.9171          16768.9839
          3.00000000              0.9643              2.0125          17447.0291
          3.00000000              0.9643              2.0957          22751.9406
          3.00000000              0.9643              2.1694          31857.4449
          3.00000000              0.9643              2.2356          41724.0530
          3.00000000              0.9643              2.2957          51925.8658
          3.00000000              0.9643              2.3507          59862.9877
          3.00000000              0.9643              2.4014          65600.2618
          3.00000000              0.9643              2.4485          65567.8221
          3.00000000              0.9643              2.4924          58568.1081
          3.00000000              0.9643              2.5335          50901.3781
          3.00000000              0.9643              2.5721          45442.3430
          3.00000000              0.9643              2.6086          39044.7948
          3.00000000              0.9643              2.6432          43952.3746
          3.00000000              0.9643              2.6760          39962.8558
          3.00000000              0.9643              2.7072          38764.4203
          3.00000000              0.9643              2.7370          34516.8179
          3.00000000              0.9643              2.7655          27829.6369
          3.00000000              0.9643              2.7928          21562.2959
          3.00000000              0.9643              2.8191          15870.3203
          3.00000000              0.9643              2.8442          10709.6675
          3.00000000              0.9643              2.8685           5624.8855
          3.00000000              0.9643              2.8919           2682.0058
          3.00000000              0.9643              2.9144           1309.6507
          3.00000000              0.9643              2.9362            549.2026
          3.00000000              0.9643              2.9573            179.6050
          3.00000000              0.9643              2.9778             29.9940
          3.00000000              0.9643              2.9976              0.0000
          3.00000000              0.9673              1.4995          16257.2933
          3.00000000              0.9673              1.6702          16233.2543
          3.00000000              0.9673              1.8053          15980.1847
          3.00000000              0.9673              1.9171          17625.2753
          3.00000000              0.9673              2.0125          18363.9341
          3.00000000              0.9673              2.0957          23209.6965
          3.00000000              0.9673              2.1694          32465.5182
          3.00000000              0.9673              2.2356          42360.0253
          3.00000000              0.9673              2.2957          53621.2924
          3.00000000              0.9673              2.3507          63721.9483
          3.00000000              0.9673              2.4014          72473.7045
          3.00000000              0.9673              2.4485          75595.4263
          3.00000000              0.9673              2.4924          71146.5334
          3.00000000              0.9673              2.5335          61376.2813
          3.00000000              0.9673              2.5721          53757.6987
          3.00000000              0.9673              2.6086          48253.6868
          3.00000000              0.9673              2.6432          50638.5018
          3.00000000              0.9673              2.6760          47165.6617
          3.00000000              0.9673              2.7072          45660.6185
          3.00000000              0.9673              2.7370          43671.4575
          3.00000000              0.9673              2.7655          38739.6898
          3.00000000              0.9673              2.7928          29912.0436
          3.00000000              0.9673              2.8191          22862.3089
          3.00000000              0.9673              2.8442          16104.0743
          3.00000000              0.9673              2.8685           9660.1131
          3.00000000              0.9673              2.8919           4497.5479
          3.00000000              0.9673              2.9144           2078.1677
          3.00000000              0.9673              2.9362            888.2510
          3.00000000              0.9673              2.9573            279.0597
          3.00000000              0.9673              2.9778             43.8770
          3.00000000              0.9673              2.9976              0.0000
          3.00000000              0.9701              1.4995          17016.7724
          3.00000000              0.9701              1.6702          17203.6398
          3.00000000              0.9701              1.8053          16964.5262
          3.00000000              0.9701              1.9171          18463.0286
          3.00000000              0.9701              2.0125          19301.0726
          3.00000000              0.9701              2.0957          24061.1030
          3.00000000              0.9701              2.1694          32956.6209
          3.00000000              0.9701              2.2356          42596.1200
          3.00000000              0.9701              2.2957          54643.4087
          3.00000000              0.9701              2.3507          66481.5833
          3.00000000              0.9701              2.4014          78619.0294
          3.00000000              0.9701              2.4485          85488.7745
          3.00000000              0.9701              2.4924          84007.2219
          3.00000000              0.9701              2.5335          74733.7958
          3.00000000              0.9701              2.5721          64142.6122
          3.00000000              0.9701              2.6086          57959.6855
          3.00000000              0.9701              2.6432          56520.3593
          3.00000000              0.9701              2.6760          54716.7909
          3.00000000              0.9701              2.7072          53815.8936
          3.00000000              0.9701              2.7370          51913.4959
          3.00000000              0.9701              2.7655          50547.0386
          3.00000000              0.9701              2.7928          43681.5885
          3.00000000              0.9701              2.8191          31864.6034
          3.00000000              0.9701              2.8442          22821.3110
          3.00000000              0.9701              2.8685          15163.5613
          3.00000000              0.9701              2.8919           7982.4471
          3.00000000              0.9701              2.9144           3345.1933
          3.00000000              0.9701              2.9362           1417.2147
          3.00000000              0.9701              2.9573            450.8036
          3.00000000              0.9701              2.9778             60.2778
          3.00000000              0.9701              2.9976              0.0000
          3.00000000              0.9728              1.4995          17787.8591
          3.00000000              0.9728              1.6702          18056.1736
          3.00000000              0.9728              1.8053          17925.8349
          3.00000000              0.9728              1.9171          19324.6544
          3.00000000              0.9728              2.0125          20122.7456
          3.00000000              0.9728              2.0957          25095.8491
          3.00000000              0.9728              2.1694          33521.8497
          3.00000000              0.9728              2.2356          42620.9116
          3.00000000              0.9728              2.2957          55063.0814
          3.00000000              0.9728              2.3507          68167.6108
          3.00000000              0.9728              2.4014          83634.8814
          3.00000000              0.9728              2.4485          94729.0111
          3.00000000              0.9728              2.4924          97253.3343
          3.00000000              0.9728              2.5335          89268.7632
          3.00000000              0.9728              2.5721          76688.8940
          3.00000000              0.9728              2.6086          67275.3156
          3.00000000              0.9728              2.6432          64647.6556
          3.00000000              0.9728              2.6760          61786.3666
          3.00000000              0.9728              2.7072          62980.8884
          3.00000000              0.9728              2.7370          61242.1224
          3.00000000              0.9728              2.7655          61224.9100
          3.00000000              0.9728              2.7928          58800.2286
          3.00000000              0.9728              2.8191          45862.3026
          3.00000000              0.9728              2.8442          32455.5579
          3.00000000              0.9728              2.8685          21887.2533
          3.00000000              0.9728              2.8919          13253.5346
          3.00000000              0.9728              2.9144           5843.5454
          3.00000000              0.9728              2.9362           2182.7866
          3.00000000              0.9728              2.9573            734.5882
          3.00000000              0.9728              2.9778             98.2569
          3.00000000              0.9728              2.9976              0.0000
          3.00000000              0.9753              1.4995          18490.6599
          3.00000000              0.9753              1.6702          18707.4334
          3.00000000              0.9753              1.8053          18832.0981
          3.00000000              0.9753              1.9171          20271.5776
          3.00000000              0.9753              2.0125          20938.1483
          3.00000000              0.9753              2.0957          26106.0931
          3.00000000              0.9753              2.1694          34302.0362
          3.00000000              0.9753              2.2356          42432.2491
          3.00000000              0.9753              2.2957          54730.7563
          3.00000000              0.9753              2.3507          69182.4146
          3.00000000              0.9753              2.4014          87523.2083
          3.00000000              0.9753              2.4485         103029.2782
          3.00000000              0.9753              2.4924         110560.1566
          3.00000000              0.9753              2.5335         105595.8675
          3.00000000              0.9753              2.5721          91800.0789
          3.00000000              0.9753              2.6086          78794.0699
          3.00000000              0.9753              2.6432          71021.7633
          3.00000000              0.9753              2.6760          70743.4236
          3.00000000              0.9753              2.7072          71487.4717
          3.00000000              0.9753              2.7370          72435.7125
          3.00000000              0.9753              2.7655          72429.5248
          3.00000000              0.9753              2.7928          73830.8369
          3.00000000              0.9753              2.8191          63575.9136
          3.00000000              0.9753              2.8442          45301.9262
          3.00000000              0.9753              2.8685          31230.4418
          3.00000000              0.9753              2.8919          20195.2481
          3.00000000              0.9753              2.9144          10210.4834
          3.00000000              0.9753              2.9362           3578.8294
          3.00000000              0.9753              2.9573           1176.5003
          3.00000000              0.9753              2.9778            187.1933
          3.00000000              0.9753              2.9976              0.0000
          3.00000000              0.9776              1.4995          19098.3370
          3.00000000              0.9776              1.6702          19299.2267
          3.00000000              0.9776              1.8053          19805.6816
          3.00000000              0.9776              1.9171          21347.9272
          3.00000000              0.9776              2.0125          21860.1862
          3.00000000              0.9776              2.0957          27061.5342
          3.00000000              0.9776              2.1694          35142.5954
          3.00000000              0.9776              2.2356          42445.4139
          3.00000000              0.9776              2.2957          54035.8808
          3.00000000              0.9776              2.3507          69035.4022
          3.00000000              0.9776              2.4014          90245.0427
          3.00000000              0.9776              2.4485         109859.8719
          3.00000000              0.9776              2.4924         122984.4866
          3.00000000              0.9776              2.5335         122553.5302
          3.00000000              0.9776              2.5721         109137.0449
          3.00000000              0.9776              2.6086          93351.2637
          3.00000000              0.9776              2.6432          80360.4052
          3.00000000              0.9776              2.6760          76748.3140
          3.00000000              0.9776              2.7072          80964.9016
          3.00000000              0.9776              2.7370          82805.5362
          3.00000000              0.9776              2.7655          86863.6373
          3.00000000              0.9776              2.7928          87480.3918
          3.00000000              0.9776              2.8191          81962.6528
          3.00000000              0.9776              2.8442          64651.5501
          3.00000000              0.9776              2.8685          42959.0002
          3.00000000              0.9776              2.8919          28964.8725
          3.00000000              0.9776              2.9144          16640.3809
          3.00000000              0.9776              2.9362           6441.8248
          3.00000000              0.9776              2.9573           1740.5659
          3.00000000              0.9776              2.9778            297.5247
          3.00000000              0.9776              2.9976              0.0000
          3.00000000              0.9798              1.4995          19585.3660
          3.00000000              0.9798              1.6702          19906.4729
          3.00000000              0.9798              1.8053          20779.9548
          3.00000000              0.9798              1.9171          22457.8960
          3.00000000              0.9798              2.0125          22563.7547
          3.00000000              0.9798              2.0957          28191.6979
          3.00000000              0.9798              2.1694          36257.5871
          3.00000000              0.9798              2.2356          42510.9402
          3.00000000              0.9798              2.2957          53072.2679
          3.00000000              0.9798              2.3507          67844.8628
          3.00000000              0.9798              2.4014          91666.1512
          3.00000000              0.9798              2.4485         115587.7864
          3.00000000              0.9798              2.4924         133853.4675
          3.00000000              0.9798              2.5335         139619.4201
          3.00000000              0.9798              2.5721         128734.3246
          3.00000000              0.9798              2.6086         110307.6301
          3.00000000              0.9798              2.6432          93288.7455
          3.00000000              0.9798              2.6760          84417.3259
          3.00000000              0.9798              2.7072          88034.0132
          3.00000000              0.9798              2.7370          92812.4507
          3.00000000              0.9798              2.7655          99162.3267
          3.00000000              0.9798              2.7928         103847.2392
          3.00000000              0.9798              2.8191         100566.6433
          3.00000000              0.9798              2.8442          85920.5490
          3.00000000              0.9798              2.8685          60939.9255
          3.00000000              0.9798              2.8919          40769.9550
          3.00000000              0.9798              2.9144          25314.1677
          3.00000000              0.9798              2.9362          11550.9498
          3.00000000              0.9798              2.9573           2826.8609
          3.00000000              0.9798              2.9778            393.1248
          3.00000000              0.9798              2.9976              0.0000
          3.00000000              0.9819              1.4995          20201.6656
          3.00000000              0.9819              1.6702          20434.9801
          3.00000000              0.9819              1.8053          21576.0471
          3.00000000              0.9819              1.9171          23368.4157
          3.00000000              0.9819              2.0125          23286.0057
          3.00000000              0.9819              2.0957          29429.5982
          3.00000000              0.9819              2.1694          37706.6108
          3.00000000              0.9819              2.2356          42694.1579
          3.00000000              0.9819              2.2957          52173.4919
          3.00000000              0.9819              2.3507          66103.2455
          3.00000000              0.9819              2.4014          91664.3515
          3.00000000              0.9819              2.4485         119813.7840
          3.00000000              0.9819              2.4924         143089.5396
          3.00000000              0.9819              2.5335         155758.6771
          3.00000000              0.9819              2.5721         149833.4720
          3.00000000              0.9819              2.6086         130283.9241
          3.00000000              0.9819              2.6432         108716.0972
          3.00000000              0.9819              2.6760          95458.6438
          3.00000000              0.9819              2.7072          94259.2941
          3.00000000              0.9819              2.7370         101361.1878
          3.00000000              0.9819              2.7655         112055.4698
          3.00000000              0.9819              2.7928         119446.6469
          3.00000000              0.9819              2.8191         119366.3663
          3.00000000              0.9819              2.8442         106901.0794
          3.00000000              0.9819              2.8685          84141.7487
          3.00000000              0.9819              2.8919          55635.4368
          3.00000000              0.9819              2.9144          36169.3127
          3.00000000              0.9819              2.9362          19241.3768
          3.00000000              0.9819              2.9573           5323.4542
          3.00000000              0.9819              2.9778            524.8028
          3.00000000              0.9819              2.9976              0.0000
          3.00000000              0.9839              1.4995          20700.8736
          3.00000000              0.9839              1.6702          20776.4649
          3.00000000              0.9839              1.8053          22197.5870
          3.00000000              0.9839              1.9171          24331.6384
          3.00000000              0.9839              2.0125          24407.8912
          3.00000000              0.9839              2.0957          30665.8794
          3.00000000              0.9839              2.1694          38965.4457
          3.00000000              0.9839              2.2356          42948.3860
          3.00000000              0.9839              2.2957          51161.1371
          3.00000000              0.9839              2.3507          64284.2712
          3.00000000              0.9839              2.4014          90385.2649
          3.00000000              0.9839              2.4485         121793.8629
          3.00000000              0.9839              2.4924         151033.7163
          3.00000000              0.9839              2.5335         170197.3709
          3.00000000              0.9839              2.5721         171177.2602
          3.00000000              0.9839              2.6086         153486.7178
          3.00000000              0.9839              2.6432         126992.8618
          3.00000000              0.9839              2.6760         107981.4939
          3.00000000              0.9839              2.7072         103537.0564
          3.00000000              0.9839              2.7370         107940.6276
          3.00000000              0.9839              2.7655         122712.4952
          3.00000000              0.9839              2.7928         136426.2429
          3.00000000              0.9839              2.8191         139793.0944
          3.00000000              0.9839              2.8442         126792.6209
          3.00000000              0.9839              2.8685         108947.0524
          3.00000000              0.9839              2.8919          79211.0327
          3.00000000              0.9839              2.9144          50032.3378
          3.00000000              0.9839              2.9362          30189.2889
          3.00000000              0.9839              2.9573          10146.6331
          3.00000000              0.9839              2.9778           1009.5338
          3.00000000              0.9839              2.9976              0.0000
          3.00000000              0.9859              1.4995          21258.8626
          3.00000000              0.9859              1.6702          21063.5244
          3.00000000              0.9859              1.8053          22738.9695
          3.00000000              0.9859              1.9171          25759.6978
          3.00000000              0.9859              2.0125          25953.2295
          3.00000000              0.9859              2.0957          32368.3456
          3.00000000              0.9859              2.1694          40201.2484
          3.00000000              0.9859              2.2356          43152.2987
          3.00000000              0.9859              2.2957          50292.6395
          3.00000000              0.9859              2.3507          62212.6164
          3.00000000              0.9859              2.4014          88337.6943
          3.00000000              0.9859              2.4485         122236.4362
          3.00000000              0.9859              2.4924         157377.7787
          3.00000000              0.9859              2.5335         183150.3460
          3.00000000              0.9859              2.5721         191744.9101
          3.00000000              0.9859              2.6086         179078.6485
          3.00000000              0.9859              2.6432         149549.5555
          3.00000000              0.9859              2.6760         123299.6044
          3.00000000              0.9859              2.7072         113331.0796
          3.00000000              0.9859              2.7370         115220.9308
          3.00000000              0.9859              2.7655         127911.3186
          3.00000000              0.9859              2.7928         153820.2599
          3.00000000              0.9859              2.8191         161489.7350
          3.00000000              0.9859              2.8442         149075.1271
          3.00000000              0.9859              2.8685         133033.6201
          3.00000000              0.9859              2.8919         107259.8538
          3.00000000              0.9859              2.9144          69361.5482
          3.00000000              0.9859              2.9362          45116.7351
          3.00000000              0.9859              2.9573          17858.5904
          3.00000000              0.9859              2.9778           2733.9176
          3.00000000              0.9859              2.9976              0.0000
          3.00000000              0.9877              1.4995          21633.4479
          3.00000000              0.9877              1.6702          21267.0066
          3.00000000              0.9877              1.8053          23373.5018
          3.00000000              0.9877              1.9171          26996.2777
          3.00000000              0.9877              2.0125          27684.9034
          3.00000000              0.9877              2.0957          33907.5336
          3.00000000              0.9877              2.1694          41296.9252
          3.00000000              0.9877              2.2356          43081.6697
          3.00000000              0.9877              2.2957          49424.3776
          3.00000000              0.9877              2.3507          60207.5310
          3.00000000              0.9877              2.4014          86001.7523
          3.00000000              0.9877              2.4485         121208.2061
          3.00000000              0.9877              2.4924         161442.6642
          3.00000000              0.9877              2.5335         194341.9831
          3.00000000              0.9877              2.5721         210959.8502
          3.00000000              0.9877              2.6086         205632.1328
          3.00000000              0.9877              2.6432         176022.2044
          3.00000000              0.9877              2.6760         143157.8539
          3.00000000              0.9877              2.7072         124393.7229
          3.00000000              0.9877              2.7370         122242.2647
          3.00000000              0.9877              2.7655         134660.7458
          3.00000000              0.9877              2.7928         162231.6206
          3.00000000              0.9877              2.8191         184387.7342
          3.00000000              0.9877              2.8442         172582.0393
          3.00000000              0.9877              2.8685         157960.9154
          3.00000000              0.9877              2.8919         137597.1231
          3.00000000              0.9877              2.9144          98996.7753
          3.00000000              0.9877              2.9362          64821.8476
          3.00000000              0.9877              2.9573          29273.8326
          3.00000000              0.9877              2.9778           6563.1319
          3.00000000              0.9877              2.9976              0.0005
          3.00000000              0.9894              1.4995          21897.9942
          3.00000000              0.9894              1.6702          21453.0435
          3.00000000              0.9894              1.8053          23936.0286
          3.00000000              0.9894              1.9171          27947.5662
          3.00000000              0.9894              2.0125          29087.7025
          3.00000000              0.9894              2.0957          35223.7357
          3.00000000              0.9894              2.1694          42245.4252
          3.00000000              0.9894              2.2356          42910.4380
          3.00000000              0.9894              2.2957          48492.4237
          3.00000000              0.9894              2.3507          58540.4834
          3.00000000              0.9894              2.4014          83113.3680
          3.00000000              0.9894              2.4485         118790.7219
          3.00000000              0.9894              2.4924         162744.1910
          3.00000000              0.9894              2.5335         203065.7191
          3.00000000              0.9894              2.5721         228733.5373
          3.00000000              0.9894              2.6086         231950.4844
          3.00000000              0.9894              2.6432         206245.6305
          3.00000000              0.9894              2.6760         167442.0480
          3.00000000              0.9894              2.7072         139437.2843
          3.00000000              0.9894              2.7370         129397.9206
          3.00000000              0.9894              2.7655         140167.2984
          3.00000000              0.9894              2.7928         168088.7479
          3.00000000              0.9894              2.8191         200773.9660
          3.00000000              0.9894              2.8442         203504.9015
          3.00000000              0.9894              2.8685         186013.8576
          3.00000000              0.9894              2.8919         168926.3490
          3.00000000              0.9894              2.9144         135940.5410
          3.00000000              0.9894              2.9362          93951.6841
          3.00000000              0.9894              2.9573          44010.9527
          3.00000000              0.9894              2.9778          12084.6037
          3.00000000              0.9894              2.9976              0.0009
          3.00000000              0.9911              1.4995          21967.9814
          3.00000000              0.9911              1.6702          21668.6231
          3.00000000              0.9911              1.8053          24612.7121
          3.00000000              0.9911              1.9171          28784.0666
          3.00000000              0.9911              2.0125          30524.6071
          3.00000000              0.9911              2.0957          36417.0108
          3.00000000              0.9911              2.1694          43058.3866
          3.00000000              0.9911              2.2356          42801.9945
          3.00000000              0.9911              2.2957          47820.6054
          3.00000000              0.9911              2.3507          56903.1751
          3.00000000              0.9911              2.4014          80065.9902
          3.00000000              0.9911              2.4485         115942.6602
          3.00000000              0.9911              2.4924         161706.6468
          3.00000000              0.9911              2.5335         208885.8926
          3.00000000              0.9911              2.5721         244203.4158
          3.00000000              0.9911              2.6086         257197.1013
          3.00000000              0.9911              2.6432         239001.0996
          3.00000000              0.9911              2.6760         197143.7370
          3.00000000              0.9911              2.7072         158982.6338
          3.00000000              0.9911              2.7370         140363.5186
          3.00000000              0.9911              2.7655         143460.1823
          3.00000000              0.9911              2.7928         172126.4315
          3.00000000              0.9911              2.8191         206519.4020
          3.00000000              0.9911              2.8442         234421.6028
          3.00000000              0.9911              2.8685         222984.0456
          3.00000000              0.9911              2.8919         204455.2399
          3.00000000              0.9911              2.9144         175945.5223
          3.00000000              0.9911              2.9362         137431.7773
          3.00000000              0.9911              2.9573          62111.9334
          3.00000000              0.9911              2.9778          18992.1732
          3.00000000              0.9911              2.9976              0.0013
          3.00000000              0.9927              1.4995          21907.2356
          3.00000000              0.9927              1.6702          21951.8542
          3.00000000              0.9927              1.8053          24977.6761
          3.00000000              0.9927              1.9171          29579.2840
          3.00000000              0.9927              2.0125          31643.2878
          3.00000000              0.9927              2.0957          37233.6246
          3.00000000              0.9927              2.1694          43374.4054
          3.00000000              0.9927              2.2356          43039.4478
          3.00000000              0.9927              2.2957          47095.0425
          3.00000000              0.9927              2.3507          55273.0152
          3.00000000              0.9927              2.4014          77856.8938
          3.00000000              0.9927              2.4485         112419.9338
          3.00000000              0.9927              2.4924         158130.0971
          3.00000000              0.9927              2.5335         210827.7851
          3.00000000              0.9927              2.5721         255773.1265
          3.00000000              0.9927              2.6086         281490.0980
          3.00000000              0.9927              2.6432         272272.5953
          3.00000000              0.9927              2.6760         232159.9183
          3.00000000              0.9927              2.7072         183627.8751
          3.00000000              0.9927              2.7370         154377.6690
          3.00000000              0.9927              2.7655         150404.1498
          3.00000000              0.9927              2.7928         171994.2174
          3.00000000              0.9927              2.8191         213497.9643
          3.00000000              0.9927              2.8442         242782.5628
          3.00000000              0.9927              2.8685         268326.7015
          3.00000000              0.9927              2.8919         247051.9519
          3.00000000              0.9927              2.9144         220311.8324
          3.00000000              0.9927              2.9362         194731.9066
          3.00000000              0.9927              2.9573          90225.4672
          3.00000000              0.9927              2.9778          27747.5272
          3.00000000              0.9927              2.9976              0.0017
          3.00000000              0.9943              1.4995          21562.6812
          3.00000000              0.9943              1.6702          21835.5550
          3.00000000              0.9943              1.8053          25042.6147
          3.00000000              0.9943              1.9171          30109.9758
          3.00000000              0.9943              2.0125          32414.5120
          3.00000000              0.9943              2.0957          38394.3020
          3.00000000              0.9943              2.1694          43703.2806
          3.00000000              0.9943              2.2356          43384.1196
          3.00000000              0.9943              2.2957          46857.7771
          3.00000000              0.9943              2.3507          54307.1497
          3.00000000              0.9943              2.4014          75940.2777
          3.00000000              0.9943              2.4485         108614.9277
          3.00000000              0.9943              2.4924         153155.3073
          3.00000000              0.9943              2.5335         208665.0893
          3.00000000              0.9943              2.5721         262242.7406
          3.00000000              0.9943              2.6086         302013.2559
          3.00000000              0.9943              2.6432         305832.8316
          3.00000000              0.9943              2.6760         270485.0547
          3.00000000              0.9943              2.7072         215385.2993
          3.00000000              0.9943              2.7370         173710.2489
          3.00000000              0.9943              2.7655         159433.5935
          3.00000000              0.9943              2.7928         173669.6833
          3.00000000              0.9943              2.8191         215113.9162
          3.00000000              0.9943              2.8442         252129.6393
          3.00000000              0.9943              2.8685         287827.1426
          3.00000000              0.9943              2.8919         312722.4303
          3.00000000              0.9943              2.9144         276148.2552
          3.00000000              0.9943              2.9362         259147.9799
          3.00000000              0.9943              2.9573         136385.4487
          3.00000000              0.9943              2.9778          39156.4823
          3.00000000              0.9943              2.9976              0.0033
          3.00000000              0.9958              1.4995          21359.3430
          3.00000000              0.9958              1.6702          21181.9154
          3.00000000              0.9958              1.8053          24706.8955
          3.00000000              0.9958              1.9171          30201.6441
          3.00000000              0.9958              2.0125          33665.0752
          3.00000000              0.9958              2.0957          39816.0393
          3.00000000              0.9958              2.1694          43761.8476
          3.00000000              0.9958              2.2356          43683.7600
          3.00000000              0.9958              2.2957          47190.4365
          3.00000000              0.9958              2.3507          53596.3211
          3.00000000              0.9958              2.4014          74047.6428
          3.00000000              0.9958              2.4485         104896.2060
          3.00000000              0.9958              2.4924         147163.1667
          3.00000000              0.9958              2.5335         201814.2802
          3.00000000              0.9958              2.5721         262984.4475
          3.00000000              0.9958              2.6086         316445.8726
          3.00000000              0.9958              2.6432         337368.1342
          3.00000000              0.9958              2.6760         311223.3727
          3.00000000              0.9958              2.7072         252596.9186
          3.00000000              0.9958              2.7370         198657.7195
          3.00000000              0.9958              2.7655         172697.0000
          3.00000000              0.9958              2.7928         176844.0248
          3.00000000              0.9958              2.8191         210865.4649
          3.00000000              0.9958              2.8442         253784.3621
          3.00000000              0.9958              2.8685         300021.0715
          3.00000000              0.9958              2.8919         357517.4932
          3.00000000              0.9958              2.9144         367575.5409
          3.00000000              0.9958              2.9362         334778.5556
          3.00000000              0.9958              2.9573         198175.8212
          3.00000000              0.9958              2.9778          58248.0062
          3.00000000              0.9958              2.9976              0.0052
          3.00000000              0.9972              1.4995          20752.9217
          3.00000000              0.9972              1.6702          20525.9113
          3.00000000              0.9972              1.8053          23786.9813
          3.00000000              0.9972              1.9171          30048.9419
          3.00000000              0.9972              2.0125          34488.2050
          3.00000000              0.9972              2.0957          40182.8024
          3.00000000              0.9972              2.1694          43651.6840
          3.00000000              0.9972              2.2356          43326.0396
          3.00000000              0.9972              2.2957          46952.5219
          3.00000000              0.9972              2.3507          53357.0652
          3.00000000              0.9972              2.4014          73399.8098
          3.00000000              0.9972              2.4485         101219.8046
          3.00000000              0.9972              2.4924         139159.3497
          3.00000000              0.9972              2.5335         192554.6482
          3.00000000              0.9972              2.5721         257073.3001
          3.00000000              0.9972              2.6086         323011.5326
          3.00000000              0.9972              2.6432         363060.5480
          3.00000000              0.9972              2.6760         353176.2556
          3.00000000              0.9972              2.7072         292817.8618
          3.00000000              0.9972              2.7370         230723.2700
          3.00000000              0.9972              2.7655         192635.5889
          3.00000000              0.9972              2.7928         184278.7622
          3.00000000              0.9972              2.8191         203169.6756
          3.00000000              0.9972              2.8442         237908.3757
          3.00000000              0.9972              2.8685         296190.3481
          3.00000000              0.9972              2.8919         378196.1295
          3.00000000              0.9972              2.9144         450246.6861
          3.00000000              0.9972              2.9362         466841.4329
          3.00000000              0.9972              2.9573         278898.7722
          3.00000000              0.9972              2.9778          97017.3743
          3.00000000              0.9972              2.9976              0.0087
          3.00000000              0.9986              1.4995          19861.3043
          3.00000000              0.9986              1.6702          19577.5146
          3.00000000              0.9986              1.8053          21745.9812
          3.00000000              0.9986              1.9171          29319.7666
          3.00000000              0.9986              2.0125          34231.8273
          3.00000000              0.9986              2.0957          39472.9585
          3.00000000              0.9986              2.1694          42627.7941
          3.00000000              0.9986              2.2356          41873.4552
          3.00000000              0.9986              2.2957          44758.8294
          3.00000000              0.9986              2.3507          52499.4280
          3.00000000              0.9986              2.4014          71305.1043
          3.00000000              0.9986              2.4485          97368.7696
          3.00000000              0.9986              2.4924         131321.7767
          3.00000000              0.9986              2.5335         180436.7737
          3.00000000              0.9986              2.5721         244915.8738
          3.00000000              0.9986              2.6086         319439.5190
          3.00000000              0.9986              2.6432         378115.2385
          3.00000000              0.9986              2.6760         390374.3718
          3.00000000              0.9986              2.7072         339578.3138
          3.00000000              0.9986              2.7370         266588.2157
          3.00000000              0.9986              2.7655         218892.8502
          3.00000000              0.9986              2.7928         200281.4171
          3.00000000              0.9986              2.8191         201055.9284
          3.00000000              0.9986              2.8442         212747.3941
          3.00000000              0.9986              2.8685         258218.1724
          3.00000000              0.9986              2.8919         365454.0910
          3.00000000              0.9986              2.9144         519134.7674
          3.00000000              0.9986              2.9362         626486.4574
          3.00000000              0.9986              2.9573         460814.9514
          3.00000000              0.9986              2.9778         149290.8987
          3.00000000              0.9986              2.9976              0.0120
          3.00000000              1.0000              1.4995          19250.3393
          3.00000000              1.0000              1.6702          18268.2652
          3.00000000              1.0000              1.8053          18666.1969
          3.00000000              1.0000              1.9171          27801.1706
          3.00000000              1.0000              2.0125          35316.4801
          3.00000000              1.0000              2.0957          37992.9299
          3.00000000              1.0000              2.1694          40692.1408
          3.00000000              1.0000              2.2356          40637.9896
          3.00000000              1.0000              2.2957          42230.7024
          3.00000000              1.0000              2.3507          47900.1165
          3.00000000              1.0000              2.4014          66051.1051
          3.00000000              1.0000              2.4485          89325.1901
          3.00000000              1.0000              2.4924         120074.7498
          3.00000000              1.0000              2.5335         160637.5835
          3.00000000              1.0000              2.5721         220582.4734
          3.00000000              1.0000              2.6086         298326.2466
          3.00000000              1.0000              2.6432         372978.2642
          3.00000000              1.0000              2.6760         409168.5061
          3.00000000              1.0000              2.7072         380075.6486
          3.00000000              1.0000              2.7370         302622.2194
          3.00000000              1.0000              2.7655         248276.9004
          3.00000000              1.0000              2.7928         224038.5411
          3.00000000              1.0000              2.8191         214626.0729
          3.00000000              1.0000              2.8442         197268.5072
          3.00000000              1.0000              2.8685         192798.0502
          3.00000000              1.0000              2.8919         274032.9760
          3.00000000              1.0000              2.9144         498560.0171
          3.00000000              1.0000              2.9362         843928.0075
          3.00000000              1.0000              2.9573         793675.9503
          3.00000000              1.0000              2.9778         232577.6487
          3.00000000              1.0000              2.9976             50.9272
