0.7	-1	0	0
0.7	-1	0.0664758	45.4186
0.7	-1	0.119086	46.2787
0.7	-1	0.162628	32.7255
0.7	-1	0.199773	23.1011
0.7	-1	0.232163	12.6937
0.7	-1	0.260877	6.73341
0.7	-1	0.286666	3.1229
0.7	-1	0.310071	1.16766
0.7	-1	0.331495	0.265942
0.7	-1	0.351248	-0.0501743
0.7	-1	0.369572	-0.133014
0.7	-1	0.38666	-0.108558
0.7	-1	0.402668	-0.0745749
0.7	-1	0.417724	-0.0479799
0.7	-1	0.431936	-0.02546
0.7	-1	0.445392	-0.00845408
0.7	-1	0.45817	-0.00145793
0.7	-1	0.470334	-8.5618e-05
0.7	-1	0.481941	-5.25086e-08
0.7	-1	0.493039	0
0.7	-1	0.503672	0
0.7	-1	0.513876	0
0.7	-1	0.523686	0
0.7	-1	0.533129	0
0.7	-1	0.542233	0
0.7	-1	0.551022	0
0.7	-1	0.559515	0
0.7	-1	0.567733	0
0.7	-1	0.575693	0
0.7	-1	0.583411	0
0.7	-0.634788	0	0
0.7	-0.634788	0.0664758	49.4309
0.7	-0.634788	0.119086	65.104
0.7	-0.634788	0.162628	59.8975
0.7	-0.634788	0.199773	50.1987
0.7	-0.634788	0.232163	39.2432
0.7	-0.634788	0.260877	28.1714
0.7	-0.634788	0.286666	19.7512
0.7	-0.634788	0.310071	13.5676
0.7	-0.634788	0.331495	8.44923
0.7	-0.634788	0.351248	5.02199
0.7	-0.634788	0.369572	2.84994
0.7	-0.634788	0.38666	1.57299
0.7	-0.634788	0.402668	0.832466
0.7	-0.634788	0.417724	0.423414
0.7	-0.634788	0.431936	0.198831
0.7	-0.634788	0.445392	0.0907505
0.7	-0.634788	0.45817	0.038854
0.7	-0.634788	0.470334	0.0148809
0.7	-0.634788	0.481941	0.00530837
0.7	-0.634788	0.493039	0.00153244
0.7	-0.634788	0.503672	0.000171745
0.7	-0.634788	0.513876	1.07404e-07
0.7	-0.634788	0.523686	0
0.7	-0.634788	0.533129	0
0.7	-0.634788	0.542233	0
0.7	-0.634788	0.551022	0
0.7	-0.634788	0.559515	0
0.7	-0.634788	0.567733	0
0.7	-0.634788	0.575693	0
0.7	-0.634788	0.583411	0
0.7	-0.406307	0	0
0.7	-0.406307	0.0664758	54.199
0.7	-0.406307	0.119086	77.846
0.7	-0.406307	0.162628	80.8811
0.7	-0.406307	0.199773	74.0619
0.7	-0.406307	0.232163	65.9952
0.7	-0.406307	0.260877	55.8918
0.7	-0.406307	0.286666	43.4926
0.7	-0.406307	0.310071	33.6142
0.7	-0.406307	0.331495	25.1429
0.7	-0.406307	0.351248	17.5976
0.7	-0.406307	0.369572	11.6434
0.7	-0.406307	0.38666	7.44669
0.7	-0.406307	0.402668	4.68325
0.7	-0.406307	0.417724	2.85822
0.7	-0.406307	0.431936	1.6713
0.7	-0.406307	0.445392	0.952741
0.7	-0.406307	0.45817	0.544763
0.7	-0.406307	0.470334	0.302704
0.7	-0.406307	0.481941	0.160341
0.7	-0.406307	0.493039	0.0768444
0.7	-0.406307	0.503672	0.0299205
0.7	-0.406307	0.513876	0.00784763
0.7	-0.406307	0.523686	0.000698832
0.7	-0.406307	0.533129	3.63553e-06
0.7	-0.406307	0.542233	0
0.7	-0.406307	0.551022	0
0.7	-0.406307	0.559515	0
0.7	-0.406307	0.567733	0
0.7	-0.406307	0.575693	0
0.7	-0.406307	0.583411	0
0.7	-0.239626	0	0
0.7	-0.239626	0.0664758	59.3247
0.7	-0.239626	0.119086	90.7764
0.7	-0.239626	0.162628	97.9238
0.7	-0.239626	0.199773	97.8591
0.7	-0.239626	0.232163	91.9295
0.7	-0.239626	0.260877	84.4677
0.7	-0.239626	0.286666	73.3011
0.7	-0.239626	0.310071	59.0998
0.7	-0.239626	0.331495	48.0487
0.7	-0.239626	0.351248	37.7208
0.7	-0.239626	0.369572	27.6774
0.7	-0.239626	0.38666	19.2339
0.7	-0.239626	0.402668	13.0347
0.7	-0.239626	0.417724	8.58883
0.7	-0.239626	0.431936	5.56815
0.7	-0.239626	0.445392	3.4411
0.7	-0.239626	0.45817	2.11746
0.7	-0.239626	0.470334	1.28526
0.7	-0.239626	0.481941	0.768301
0.7	-0.239626	0.493039	0.463038
0.7	-0.239626	0.503672	0.261746
0.7	-0.239626	0.513876	0.131753
0.7	-0.239626	0.523686	0.0527755
0.7	-0.239626	0.533129	0.0125572
0.7	-0.239626	0.542233	0.000958918
0.7	-0.239626	0.551022	3.70125e-07
0.7	-0.239626	0.559515	0
0.7	-0.239626	0.567733	0
0.7	-0.239626	0.575693	0
0.7	-0.239626	0.583411	0
0.7	-0.108332	0	0
0.7	-0.108332	0.0664758	64.0835
0.7	-0.108332	0.119086	103.589
0.7	-0.108332	0.162628	115.111
0.7	-0.108332	0.199773	120.581
0.7	-0.108332	0.232163	118.042
0.7	-0.108332	0.260877	113.925
0.7	-0.108332	0.286666	106.608
0.7	-0.108332	0.310071	92.0169
0.7	-0.108332	0.331495	76.3256
0.7	-0.108332	0.351248	63.6642
0.7	-0.108332	0.369572	50.9955
0.7	-0.108332	0.38666	38.4837
0.7	-0.108332	0.402668	27.6594
0.7	-0.108332	0.417724	19.1004
0.7	-0.108332	0.431936	12.8856
0.7	-0.108332	0.445392	8.52923
0.7	-0.108332	0.45817	5.58316
0.7	-0.108332	0.470334	3.49423
0.7	-0.108332	0.481941	2.18422
0.7	-0.108332	0.493039	1.38207
0.7	-0.108332	0.503672	0.862895
0.7	-0.108332	0.513876	0.522358
0.7	-0.108332	0.523686	0.288023
0.7	-0.108332	0.533129	0.135466
0.7	-0.108332	0.542233	0.0515229
0.7	-0.108332	0.551022	0.0111912
0.7	-0.108332	0.559515	0.000592704
0.7	-0.108332	0.567733	6.02755e-08
0.7	-0.108332	0.575693	0
0.7	-0.108332	0.583411	0
0.7	-2e-20	0	0
0.7	-2e-20	0.0664758	68.4411
0.7	-2e-20	0.119086	115.836
0.7	-2e-20	0.162628	132.626
0.7	-2e-20	0.199773	140.963
0.7	-2e-20	0.232163	141.686
0.7	-2e-20	0.260877	144.851
0.7	-2e-20	0.286666	141.394
0.7	-2e-20	0.310071	128.146
0.7	-2e-20	0.331495	114.848
0.7	-2e-20	0.351248	96.3276
0.7	-2e-20	0.369572	80.4993
0.7	-2e-20	0.38666	64.9576
0.7	-2e-20	0.402668	49.7716
0.7	-2e-20	0.417724	36.1608
0.7	-2e-20	0.431936	25.4083
0.7	-2e-20	0.445392	17.1894
0.7	-2e-20	0.45817	11.4491
0.7	-2e-20	0.470334	7.5423
0.7	-2e-20	0.481941	4.88989
0.7	-2e-20	0.493039	3.15155
0.7	-2e-20	0.503672	2.01927
0.7	-2e-20	0.513876	1.29512
0.7	-2e-20	0.523686	0.79486
0.7	-2e-20	0.533129	0.45938
0.7	-2e-20	0.542233	0.238633
0.7	-2e-20	0.551022	0.100397
0.7	-2e-20	0.559515	0.0300267
0.7	-2e-20	0.567733	0.00410072
0.7	-2e-20	0.575693	1.19135e-05
0.7	-2e-20	0.583411	0
0.7	0.0922185	0	0
0.7	0.0922185	0.0664758	72.4749
0.7	0.0922185	0.119086	127.866
0.7	0.0922185	0.162628	151.594
0.7	0.0922185	0.199773	159.454
0.7	0.0922185	0.232163	166.831
0.7	0.0922185	0.260877	172.662
0.7	0.0922185	0.286666	178.613
0.7	0.0922185	0.310071	169.558
0.7	0.0922185	0.331495	159.186
0.7	0.0922185	0.351248	141.065
0.7	0.0922185	0.369572	117.376
0.7	0.0922185	0.38666	98.3661
0.7	0.0922185	0.402668	79.6199
0.7	0.0922185	0.417724	60.9953
0.7	0.0922185	0.431936	44.4075
0.7	0.0922185	0.445392	31.1304
0.7	0.0922185	0.45817	21.0375
0.7	0.0922185	0.470334	14.0069
0.7	0.0922185	0.481941	9.26352
0.7	0.0922185	0.493039	6.01313
0.7	0.0922185	0.503672	3.92691
0.7	0.0922185	0.513876	2.50821
0.7	0.0922185	0.523686	1.56449
0.7	0.0922185	0.533129	0.962192
0.7	0.0922185	0.542233	0.550497
0.7	0.0922185	0.551022	0.277656
0.7	0.0922185	0.559515	0.116515
0.7	0.0922185	0.567733	0.03395
0.7	0.0922185	0.575693	0.00441139
0.7	0.0922185	0.583411	0
0.7	0.172502	0	0
0.7	0.172502	0.0664758	76.4839
0.7	0.172502	0.119086	139.428
0.7	0.172502	0.162628	172.096
0.7	0.172502	0.199773	179.86
0.7	0.172502	0.232163	190.444
0.7	0.172502	0.260877	200.326
0.7	0.172502	0.286666	212.66
0.7	0.172502	0.310071	212.488
0.7	0.172502	0.331495	209.458
0.7	0.172502	0.351248	193.783
0.7	0.172502	0.369572	169.636
0.7	0.172502	0.38666	139.332
0.7	0.172502	0.402668	116.974
0.7	0.172502	0.417724	93.687
0.7	0.172502	0.431936	71.8927
0.7	0.172502	0.445392	52.3034
0.7	0.172502	0.45817	36.518
0.7	0.172502	0.470334	24.4981
0.7	0.172502	0.481941	16.1161
0.7	0.172502	0.493039	10.6592
0.7	0.172502	0.503672	6.93212
0.7	0.172502	0.513876	4.35878
0.7	0.172502	0.523686	2.7005
0.7	0.172502	0.533129	1.65688
0.7	0.172502	0.542233	0.975802
0.7	0.172502	0.551022	0.497641
0.7	0.172502	0.559515	0.206561
0.7	0.172502	0.567733	0.0565177
0.7	0.172502	0.575693	0.00637926
0.7	0.172502	0.583411	0
0.7	0.243589	0	0
0.7	0.243589	0.0664758	80.5116
0.7	0.243589	0.119086	151.168
0.7	0.243589	0.162628	192.196
0.7	0.243589	0.199773	200.707
0.7	0.243589	0.232163	211.696
0.7	0.243589	0.260877	232.97
0.7	0.243589	0.286666	244.194
0.7	0.243589	0.310071	255.174
0.7	0.243589	0.331495	261.292
0.7	0.243589	0.351248	254.769
0.7	0.243589	0.369572	231.996
0.7	0.243589	0.38666	198.604
0.7	0.243589	0.402668	163.552
0.7	0.243589	0.417724	134.788
0.7	0.243589	0.431936	107.466
0.7	0.243589	0.445392	82.0167
0.7	0.243589	0.45817	59.8014
0.7	0.243589	0.470334	41.2655
0.7	0.243589	0.481941	27.3177
0.7	0.243589	0.493039	17.8298
0.7	0.243589	0.503672	11.5615
0.7	0.243589	0.513876	7.31748
0.7	0.243589	0.523686	4.48285
0.7	0.243589	0.533129	2.67523
0.7	0.243589	0.542233	1.56806
0.7	0.243589	0.551022	0.823416
0.7	0.243589	0.559515	0.35019
0.7	0.243589	0.567733	0.0975945
0.7	0.243589	0.575693	0.0103551
0.7	0.243589	0.583411	0
0.7	0.307372	0	0
0.7	0.307372	0.0664758	84.2726
0.7	0.307372	0.119086	163.587
0.7	0.307372	0.162628	213.027
0.7	0.307372	0.199773	223.818
0.7	0.307372	0.232163	235.342
0.7	0.307372	0.260877	263.498
0.7	0.307372	0.286666	284.726
0.7	0.307372	0.310071	297.509
0.7	0.307372	0.331495	315.059
0.7	0.307372	0.351248	323.909
0.7	0.307372	0.369572	305.755
0.7	0.307372	0.38666	270.743
0.7	0.307372	0.402668	228.467
0.7	0.307372	0.417724	186.704
0.7	0.307372	0.431936	152.276
0.7	0.307372	0.445392	121.096
0.7	0.307372	0.45817	91.9215
0.7	0.307372	0.470334	66.4607
0.7	0.307372	0.481941	45.2193
0.7	0.307372	0.493039	29.7288
0.7	0.307372	0.503672	18.7429
0.7	0.307372	0.513876	11.7587
0.7	0.307372	0.523686	7.12607
0.7	0.307372	0.533129	4.19027
0.7	0.307372	0.542233	2.35951
0.7	0.307372	0.551022	1.22357
0.7	0.307372	0.559515	0.537509
0.7	0.307372	0.567733	0.161025
0.7	0.307372	0.575693	0.0197776
0.7	0.307372	0.583411	0
0.7	0.365212	0	0
0.7	0.365212	0.0664758	87.733
0.7	0.365212	0.119086	175.226
0.7	0.365212	0.162628	235.787
0.7	0.365212	0.199773	249.542
0.7	0.365212	0.232163	259.741
0.7	0.365212	0.260877	289.531
0.7	0.365212	0.286666	324.746
0.7	0.365212	0.310071	342.839
0.7	0.365212	0.331495	370.955
0.7	0.365212	0.351248	395.924
0.7	0.365212	0.369572	387.43
0.7	0.365212	0.38666	355.198
0.7	0.365212	0.402668	311.434
0.7	0.365212	0.417724	256.605
0.7	0.365212	0.431936	208.936
0.7	0.365212	0.445392	169.917
0.7	0.365212	0.45817	134.358
0.7	0.365212	0.470334	101.472
0.7	0.365212	0.481941	71.5404
0.7	0.365212	0.493039	48.8011
0.7	0.365212	0.503672	30.6793
0.7	0.365212	0.513876	18.5681
0.7	0.365212	0.523686	11.099
0.7	0.365212	0.533129	6.47902
0.7	0.365212	0.542233	3.52517
0.7	0.365212	0.551022	1.7142
0.7	0.365212	0.559515	0.714782
0.7	0.365212	0.567733	0.207117
0.7	0.365212	0.575693	0.0249019
0.7	0.365212	0.583411	0
0.7	0.418124	0	0
0.7	0.418124	0.0664758	90.8172
0.7	0.418124	0.119086	186.472
0.7	0.418124	0.162628	257.978
0.7	0.418124	0.199773	279.964
0.7	0.418124	0.232163	284.132
0.7	0.418124	0.260877	315.75
0.7	0.418124	0.286666	360.938
0.7	0.418124	0.310071	391.151
0.7	0.418124	0.331495	432.56
0.7	0.418124	0.351248	471.843
0.7	0.418124	0.369572	470.567
0.7	0.418124	0.38666	449.497
0.7	0.418124	0.402668	406.389
0.7	0.418124	0.417724	347.132
0.7	0.418124	0.431936	284.004
0.7	0.418124	0.445392	231.907
0.7	0.418124	0.45817	187.604
0.7	0.418124	0.470334	147.449
0.7	0.418124	0.481941	108.847
0.7	0.418124	0.493039	76.7484
0.7	0.418124	0.503672	50.3574
0.7	0.418124	0.513876	30.3088
0.7	0.418124	0.523686	17.3995
0.7	0.418124	0.533129	9.88095
0.7	0.418124	0.542233	5.3164
0.7	0.418124	0.551022	2.52503
0.7	0.418124	0.559515	0.986092
0.7	0.418124	0.567733	0.262896
0.7	0.418124	0.575693	0.0304222
0.7	0.418124	0.583411	0
0.7	0.466881	0	0
0.7	0.466881	0.0664758	93.4978
0.7	0.466881	0.119086	197.012
0.7	0.466881	0.162628	280.411
0.7	0.466881	0.199773	313.768
0.7	0.466881	0.232163	315.246
0.7	0.466881	0.260877	344.941
0.7	0.466881	0.286666	390.749
0.7	0.466881	0.310071	442.108
0.7	0.466881	0.331495	497.38
0.7	0.466881	0.351248	542.719
0.7	0.466881	0.369572	559.235
0.7	0.466881	0.38666	551.334
0.7	0.466881	0.402668	511.791
0.7	0.466881	0.417724	461.01
0.7	0.466881	0.431936	384.967
0.7	0.466881	0.445392	313.163
0.7	0.466881	0.45817	256.242
0.7	0.466881	0.470334	205.153
0.7	0.466881	0.481941	157.806
0.7	0.466881	0.493039	116.176
0.7	0.466881	0.503672	79.3707
0.7	0.466881	0.513876	49.7641
0.7	0.466881	0.523686	28.6002
0.7	0.466881	0.533129	15.4996
0.7	0.466881	0.542233	8.03109
0.7	0.466881	0.551022	3.87542
0.7	0.466881	0.559515	1.56656
0.7	0.466881	0.567733	0.432285
0.7	0.466881	0.575693	0.0460708
0.7	0.466881	0.583411	0
0.7	0.512089	0	0
0.7	0.512089	0.0664758	95.878
0.7	0.512089	0.119086	207.672
0.7	0.512089	0.162628	303.977
0.7	0.512089	0.199773	350.754
0.7	0.512089	0.232163	352.749
0.7	0.512089	0.260877	374.593
0.7	0.512089	0.286666	418.519
0.7	0.512089	0.310071	482.411
0.7	0.512089	0.331495	561.432
0.7	0.512089	0.351248	627.19
0.7	0.512089	0.369572	656.218
0.7	0.512089	0.38666	658.133
0.7	0.512089	0.402668	633.858
0.7	0.512089	0.417724	593.765
0.7	0.512089	0.431936	512.638
0.7	0.512089	0.445392	427.325
0.7	0.512089	0.45817	342.887
0.7	0.512089	0.470334	280.163
0.7	0.512089	0.481941	219.243
0.7	0.512089	0.493039	169.481
0.7	0.512089	0.503672	120.678
0.7	0.512089	0.513876	79.333
0.7	0.512089	0.523686	47.5378
0.7	0.512089	0.533129	25.8588
0.7	0.512089	0.542233	12.3783
0.7	0.512089	0.551022	5.67414
0.7	0.512089	0.559515	2.39408
0.7	0.512089	0.567733	0.72891
0.7	0.512089	0.575693	0.0962202
0.7	0.512089	0.583411	0
0.7	0.55423	0	0
0.7	0.55423	0.0664758	97.8978
0.7	0.55423	0.119086	217.905
0.7	0.55423	0.162628	328.22
0.7	0.55423	0.199773	389.143
0.7	0.55423	0.232163	394.727
0.7	0.55423	0.260877	407.824
0.7	0.55423	0.286666	457.294
0.7	0.55423	0.310071	509.553
0.7	0.55423	0.331495	629.075
0.7	0.55423	0.351248	714.568
0.7	0.55423	0.369572	761.624
0.7	0.55423	0.38666	774.815
0.7	0.55423	0.402668	755.851
0.7	0.55423	0.417724	739.043
0.7	0.55423	0.431936	670.207
0.7	0.55423	0.445392	571.919
0.7	0.55423	0.45817	470.047
0.7	0.55423	0.470334	374.353
0.7	0.55423	0.481941	299.868
0.7	0.55423	0.493039	236.829
0.7	0.55423	0.503672	179.699
0.7	0.55423	0.513876	121.604
0.7	0.55423	0.523686	76.6136
0.7	0.55423	0.533129	44.0927
0.7	0.55423	0.542233	20.6804
0.7	0.55423	0.551022	8.45742
0.7	0.55423	0.559515	3.27276
0.7	0.55423	0.567733	0.980963
0.7	0.55423	0.575693	0.124347
0.7	0.55423	0.583411	0
0.7	0.593693	0	0
0.7	0.593693	0.0664758	99.5664
0.7	0.593693	0.119086	227.818
0.7	0.593693	0.162628	353.046
0.7	0.593693	0.199773	428.359
0.7	0.593693	0.232163	440.724
0.7	0.593693	0.260877	447.623
0.7	0.593693	0.286666	490.826
0.7	0.593693	0.310071	545.501
0.7	0.593693	0.331495	672.031
0.7	0.593693	0.351248	808.058
0.7	0.593693	0.369572	868.979
0.7	0.593693	0.38666	888.069
0.7	0.593693	0.402668	886.185
0.7	0.593693	0.417724	879.827
0.7	0.593693	0.431936	847.384
0.7	0.593693	0.445392	758.081
0.7	0.593693	0.45817	632.686
0.7	0.593693	0.470334	511.483
0.7	0.593693	0.481941	401.577
0.7	0.593693	0.493039	323.459
0.7	0.593693	0.503672	259.204
0.7	0.593693	0.513876	180.7
0.7	0.593693	0.523686	119.126
0.7	0.593693	0.533129	73.4298
0.7	0.593693	0.542233	36.3295
0.7	0.593693	0.551022	15.097
0.7	0.593693	0.559515	4.82153
0.7	0.593693	0.567733	1.30159
0.7	0.593693	0.575693	0.168942
0.7	0.593693	0.583411	0
0.7	0.630798	0	0
0.7	0.630798	0.0664758	101.059
0.7	0.630798	0.119086	237.113
0.7	0.630798	0.162628	377.864
0.7	0.630798	0.199773	470.253
0.7	0.630798	0.232163	492.122
0.7	0.630798	0.260877	493.569
0.7	0.630798	0.286666	525.706
0.7	0.630798	0.310071	594.134
0.7	0.630798	0.331495	702.825
0.7	0.630798	0.351248	897.108
0.7	0.630798	0.369572	975.492
0.7	0.630798	0.38666	1013.9
0.7	0.630798	0.402668	1031.65
0.7	0.630798	0.417724	1023.08
0.7	0.630798	0.431936	1035.62
0.7	0.630798	0.445392	986.94
0.7	0.630798	0.45817	849.117
0.7	0.630798	0.470334	694.802
0.7	0.630798	0.481941	547.048
0.7	0.630798	0.493039	434.337
0.7	0.630798	0.503672	366.322
0.7	0.630798	0.513876	259.309
0.7	0.630798	0.523686	179.407
0.7	0.630798	0.533129	116.939
0.7	0.630798	0.542233	62.6867
0.7	0.630798	0.551022	28.6994
0.7	0.630798	0.559515	9.63265
0.7	0.630798	0.567733	1.92656
0.7	0.630798	0.575693	0.215694
0.7	0.630798	0.583411	0
0.7	0.665812	0	0
0.7	0.665812	0.0664758	102.324
0.7	0.665812	0.119086	245.497
0.7	0.665812	0.162628	402.782
0.7	0.665812	0.199773	514.36
0.7	0.665812	0.232163	548.666
0.7	0.665812	0.260877	545.928
0.7	0.665812	0.286666	567.945
0.7	0.665812	0.310071	629.026
0.7	0.665812	0.331495	752.767
0.7	0.665812	0.351248	931.774
0.7	0.665812	0.369572	1104.48
0.7	0.665812	0.38666	1146.2
0.7	0.665812	0.402668	1186.65
0.7	0.665812	0.417724	1178.6
0.7	0.665812	0.431936	1204.73
0.7	0.665812	0.445392	1231.5
0.7	0.665812	0.45817	1130.02
0.7	0.665812	0.470334	943.764
0.7	0.665812	0.481941	748.518
0.7	0.665812	0.493039	590.287
0.7	0.665812	0.503672	506.098
0.7	0.665812	0.513876	362.594
0.7	0.665812	0.523686	260.319
0.7	0.665812	0.533129	180.132
0.7	0.665812	0.542233	103.741
0.7	0.665812	0.551022	52.9108
0.7	0.665812	0.559515	21.1243
0.7	0.665812	0.567733	5.33954
0.7	0.665812	0.575693	0.327506
0.7	0.665812	0.583411	0
0.7	0.698958	0	0
0.7	0.698958	0.0664758	103.424
0.7	0.698958	0.119086	253.188
0.7	0.698958	0.162628	427.306
0.7	0.698958	0.199773	560.905
0.7	0.698958	0.232163	609.088
0.7	0.698958	0.260877	606.458
0.7	0.698958	0.286666	613.714
0.7	0.698958	0.310071	665.029
0.7	0.698958	0.331495	801.374
0.7	0.698958	0.351248	982.972
0.7	0.698958	0.369572	1187.15
0.7	0.698958	0.38666	1297.63
0.7	0.698958	0.402668	1340.64
0.7	0.698958	0.417724	1337.02
0.7	0.698958	0.431936	1346.33
0.7	0.698958	0.445392	1446.77
0.7	0.698958	0.45817	1435.38
0.7	0.698958	0.470334	1264.22
0.7	0.698958	0.481941	1027.83
0.7	0.698958	0.493039	815.553
0.7	0.698958	0.503672	697.065
0.7	0.698958	0.513876	494.473
0.7	0.698958	0.523686	367.307
0.7	0.698958	0.533129	265.637
0.7	0.698958	0.542233	163.389
0.7	0.698958	0.551022	91.5562
0.7	0.698958	0.559515	42.5218
0.7	0.698958	0.567733	14.4199
0.7	0.698958	0.575693	2.06091
0.7	0.698958	0.583411	0
0.7	0.730425	0	0
0.7	0.730425	0.0664758	104.299
0.7	0.730425	0.119086	259.964
0.7	0.730425	0.162628	450
0.7	0.730425	0.199773	607.61
0.7	0.730425	0.232163	674.548
0.7	0.730425	0.260877	676.113
0.7	0.730425	0.286666	672.25
0.7	0.730425	0.310071	709.375
0.7	0.730425	0.331495	837.626
0.7	0.730425	0.351248	1041.49
0.7	0.730425	0.369572	1236.77
0.7	0.730425	0.38666	1444.11
0.7	0.730425	0.402668	1520.35
0.7	0.730425	0.417724	1516.7
0.7	0.730425	0.431936	1514.42
0.7	0.730425	0.445392	1627.42
0.7	0.730425	0.45817	1706.08
0.7	0.730425	0.470334	1625.34
0.7	0.730425	0.481941	1396.06
0.7	0.730425	0.493039	1126.92
0.7	0.730425	0.503672	973.936
0.7	0.730425	0.513876	674.637
0.7	0.730425	0.523686	502.885
0.7	0.730425	0.533129	376.897
0.7	0.730425	0.542233	241.642
0.7	0.730425	0.551022	144.916
0.7	0.730425	0.559515	71.6694
0.7	0.730425	0.567733	26.6419
0.7	0.730425	0.575693	4.42322
0.7	0.730425	0.583411	0
0.7	0.760374	0	0
0.7	0.760374	0.0664758	104.877
0.7	0.760374	0.119086	265.848
0.7	0.760374	0.162628	472.2
0.7	0.760374	0.199773	655.287
0.7	0.760374	0.232163	745.396
0.7	0.760374	0.260877	751.963
0.7	0.760374	0.286666	740.697
0.7	0.760374	0.310071	758.831
0.7	0.760374	0.331495	881.335
0.7	0.760374	0.351248	1084.15
0.7	0.760374	0.369572	1295.37
0.7	0.760374	0.38666	1510.21
0.7	0.760374	0.402668	1726.56
0.7	0.760374	0.417724	1735.92
0.7	0.760374	0.431936	1720.97
0.7	0.760374	0.445392	1837.2
0.7	0.760374	0.45817	1932.88
0.7	0.760374	0.470334	1960.04
0.7	0.760374	0.481941	1828.75
0.7	0.760374	0.493039	1548.71
0.7	0.760374	0.503672	1357.55
0.7	0.760374	0.513876	944.576
0.7	0.760374	0.523686	684.886
0.7	0.760374	0.533129	518.355
0.7	0.760374	0.542233	343.334
0.7	0.760374	0.551022	218.26
0.7	0.760374	0.559515	108.882
0.7	0.760374	0.567733	40.9428
0.7	0.760374	0.575693	6.29253
0.7	0.760374	0.583411	0
0.7	0.788947	0	0
0.7	0.788947	0.0664758	105.17
0.7	0.788947	0.119086	270.911
0.7	0.788947	0.162628	492.604
0.7	0.788947	0.199773	702.075
0.7	0.788947	0.232163	817.674
0.7	0.788947	0.260877	837.085
0.7	0.788947	0.286666	820.546
0.7	0.788947	0.310071	825.388
0.7	0.788947	0.331495	925.797
0.7	0.788947	0.351248	1122.77
0.7	0.788947	0.369572	1355.43
0.7	0.788947	0.38666	1575.58
0.7	0.788947	0.402668	1842.84
0.7	0.788947	0.417724	1980.44
0.7	0.788947	0.431936	1984.08
0.7	0.788947	0.445392	2083.74
0.7	0.788947	0.45817	2174.99
0.7	0.788947	0.470334	2224.86
0.7	0.788947	0.481941	2231.63
0.7	0.788947	0.493039	2060.94
0.7	0.788947	0.503672	1872.29
0.7	0.788947	0.513876	1335.31
0.7	0.788947	0.523686	963.003
0.7	0.788947	0.533129	705.232
0.7	0.788947	0.542233	471.481
0.7	0.788947	0.551022	320.063
0.7	0.788947	0.559515	156.918
0.7	0.788947	0.567733	58.3681
0.7	0.788947	0.575693	9.14727
0.7	0.788947	0.583411	0
0.7	0.816262	0	0
0.7	0.816262	0.0664758	105.21
0.7	0.816262	0.119086	274.464
0.7	0.816262	0.162628	510.011
0.7	0.816262	0.199773	746.341
0.7	0.816262	0.232163	893.773
0.7	0.816262	0.260877	933.127
0.7	0.816262	0.286666	906.353
0.7	0.816262	0.310071	903.405
0.7	0.816262	0.331495	982.79
0.7	0.816262	0.351248	1172.39
0.7	0.816262	0.369572	1401.93
0.7	0.816262	0.38666	1647.8
0.7	0.816262	0.402668	1925.54
0.7	0.816262	0.417724	2162.31
0.7	0.816262	0.431936	2274.41
0.7	0.816262	0.445392	2423.65
0.7	0.816262	0.45817	2473.46
0.7	0.816262	0.470334	2484.57
0.7	0.816262	0.481941	2539.76
0.7	0.816262	0.493039	2546.41
0.7	0.816262	0.503672	2507.87
0.7	0.816262	0.513876	1870.19
0.7	0.816262	0.523686	1372.04
0.7	0.816262	0.533129	986.777
0.7	0.816262	0.542233	644.129
0.7	0.816262	0.551022	449.774
0.7	0.816262	0.559515	218.904
0.7	0.816262	0.567733	80.6274
0.7	0.816262	0.575693	12.0441
0.7	0.816262	0.583411	0
0.7	0.842428	0	0
0.7	0.842428	0.0664758	104.945
0.7	0.842428	0.119086	276.538
0.7	0.842428	0.162628	525.049
0.7	0.842428	0.199773	787.029
0.7	0.842428	0.232163	971.081
0.7	0.842428	0.260877	1032.33
0.7	0.842428	0.286666	1006.44
0.7	0.842428	0.310071	990.133
0.7	0.842428	0.331495	1054.81
0.7	0.842428	0.351248	1225.04
0.7	0.842428	0.369572	1453.25
0.7	0.842428	0.38666	1712.56
0.7	0.842428	0.402668	2021.92
0.7	0.842428	0.417724	2254.17
0.7	0.842428	0.431936	2528.39
0.7	0.842428	0.445392	2828.36
0.7	0.842428	0.45817	2909.76
0.7	0.842428	0.470334	2837.56
0.7	0.842428	0.481941	2855.81
0.7	0.842428	0.493039	2943.43
0.7	0.842428	0.503672	3124.81
0.7	0.842428	0.513876	2543.12
0.7	0.842428	0.523686	1948.75
0.7	0.842428	0.533129	1417.43
0.7	0.842428	0.542233	898.263
0.7	0.842428	0.551022	627.188
0.7	0.842428	0.559515	303.008
0.7	0.842428	0.567733	115.196
0.7	0.842428	0.575693	18.5952
0.7	0.842428	0.583411	0
0.7	0.867536	0	0
0.7	0.867536	0.0664758	104.374
0.7	0.867536	0.119086	277.641
0.7	0.867536	0.162628	536.485
0.7	0.867536	0.199773	822.877
0.7	0.867536	0.232163	1047.44
0.7	0.867536	0.260877	1135.61
0.7	0.867536	0.286666	1120.68
0.7	0.867536	0.310071	1087.93
0.7	0.867536	0.331495	1136.72
0.7	0.867536	0.351248	1298.63
0.7	0.867536	0.369572	1510.66
0.7	0.867536	0.38666	1753.09
0.7	0.867536	0.402668	2115.08
0.7	0.867536	0.417724	2383.44
0.7	0.867536	0.431936	2616.66
0.7	0.867536	0.445392	3201.97
0.7	0.867536	0.45817	3472.52
0.7	0.867536	0.470334	3357.44
0.7	0.867536	0.481941	3306.68
0.7	0.867536	0.493039	3383.62
0.7	0.867536	0.503672	3684.98
0.7	0.867536	0.513876	3207.37
0.7	0.867536	0.523686	2681.3
0.7	0.867536	0.533129	2034.66
0.7	0.867536	0.542233	1301.59
0.7	0.867536	0.551022	884.911
0.7	0.867536	0.559515	422.195
0.7	0.867536	0.567733	168.762
0.7	0.867536	0.575693	29.8264
0.7	0.867536	0.583411	0
0.7	0.891668	0	0
0.7	0.891668	0.0664758	103.546
0.7	0.891668	0.119086	277.234
0.7	0.891668	0.162628	543.648
0.7	0.891668	0.199773	852.571
0.7	0.891668	0.232163	1117.27
0.7	0.891668	0.260877	1244.97
0.7	0.891668	0.286666	1242.99
0.7	0.891668	0.310071	1207.61
0.7	0.891668	0.331495	1223.55
0.7	0.891668	0.351248	1372.2
0.7	0.891668	0.369572	1594.53
0.7	0.891668	0.38666	1799.67
0.7	0.891668	0.402668	2146.63
0.7	0.891668	0.417724	2500.47
0.7	0.891668	0.431936	2783.64
0.7	0.891668	0.445392	3320.75
0.7	0.891668	0.45817	3938.38
0.7	0.891668	0.470334	4092.69
0.7	0.891668	0.481941	4013.88
0.7	0.891668	0.493039	4022.59
0.7	0.891668	0.503672	4322.99
0.7	0.891668	0.513876	3854.63
0.7	0.891668	0.523686	3420.16
0.7	0.891668	0.533129	2828.33
0.7	0.891668	0.542233	1903.66
0.7	0.891668	0.551022	1319.85
0.7	0.891668	0.559515	593.953
0.7	0.891668	0.567733	243.02
0.7	0.891668	0.575693	44.4347
0.7	0.891668	0.583411	0
0.7	0.914898	0	0
0.7	0.914898	0.0664758	102.607
0.7	0.914898	0.119086	275.561
0.7	0.914898	0.162628	545.067
0.7	0.914898	0.199773	874.385
0.7	0.914898	0.232163	1178.41
0.7	0.914898	0.260877	1351.53
0.7	0.914898	0.286666	1370.72
0.7	0.914898	0.310071	1333.37
0.7	0.914898	0.331495	1338.81
0.7	0.914898	0.351248	1448.95
0.7	0.914898	0.369572	1658.13
0.7	0.914898	0.38666	1869.69
0.7	0.914898	0.402668	2201.92
0.7	0.914898	0.417724	2518.6
0.7	0.914898	0.431936	2900.71
0.7	0.914898	0.445392	3507.43
0.7	0.914898	0.45817	4124.74
0.7	0.914898	0.470334	4583.95
0.7	0.914898	0.481941	4954.75
0.7	0.914898	0.493039	5050.41
0.7	0.914898	0.503672	5235.43
0.7	0.914898	0.513876	4678.88
0.7	0.914898	0.523686	4185.43
0.7	0.914898	0.533129	3631.42
0.7	0.914898	0.542233	2691.72
0.7	0.914898	0.551022	2039.54
0.7	0.914898	0.559515	970.394
0.7	0.914898	0.567733	341.74
0.7	0.914898	0.575693	62.5261
0.7	0.914898	0.583411	0
0.7	0.937291	0	0
0.7	0.937291	0.0664758	101.51
0.7	0.937291	0.119086	272.445
0.7	0.937291	0.162628	539.595
0.7	0.937291	0.199773	885.492
0.7	0.937291	0.232163	1225.02
0.7	0.937291	0.260877	1447.76
0.7	0.937291	0.286666	1499.29
0.7	0.937291	0.310071	1470.13
0.7	0.937291	0.331495	1463.13
0.7	0.937291	0.351248	1554.16
0.7	0.937291	0.369572	1718.01
0.7	0.937291	0.38666	1924.73
0.7	0.937291	0.402668	2257.65
0.7	0.937291	0.417724	2572.72
0.7	0.937291	0.431936	2899.61
0.7	0.937291	0.445392	3542.38
0.7	0.937291	0.45817	4343.71
0.7	0.937291	0.470334	4833.27
0.7	0.937291	0.481941	5448.29
0.7	0.937291	0.493039	6273.83
0.7	0.937291	0.503672	6497.34
0.7	0.937291	0.513876	6133.55
0.7	0.937291	0.523686	5285.83
0.7	0.937291	0.533129	4517.94
0.7	0.937291	0.542233	3482.69
0.7	0.937291	0.551022	3021.7
0.7	0.937291	0.559515	1824.86
0.7	0.937291	0.567733	585.233
0.7	0.937291	0.575693	84.7089
0.7	0.937291	0.583411	0
0.7	0.958905	0	0
0.7	0.958905	0.0664758	100.262
0.7	0.958905	0.119086	266.586
0.7	0.958905	0.162628	526.368
0.7	0.958905	0.199773	880.235
0.7	0.958905	0.232163	1249.9
0.7	0.958905	0.260877	1522.76
0.7	0.958905	0.286666	1614.41
0.7	0.958905	0.310071	1595.53
0.7	0.958905	0.331495	1592.73
0.7	0.958905	0.351248	1668.94
0.7	0.958905	0.369572	1829.32
0.7	0.958905	0.38666	1994.55
0.7	0.958905	0.402668	2263.52
0.7	0.958905	0.417724	2576.43
0.7	0.958905	0.431936	2879.14
0.7	0.958905	0.445392	3466.15
0.7	0.958905	0.45817	4268.44
0.7	0.958905	0.470334	4960.16
0.7	0.958905	0.481941	5800.81
0.7	0.958905	0.493039	6863.18
0.7	0.958905	0.503672	7679.3
0.7	0.958905	0.513876	8416
0.7	0.958905	0.523686	7563.52
0.7	0.958905	0.533129	6096.13
0.7	0.958905	0.542233	4498.57
0.7	0.958905	0.551022	3891.97
0.7	0.958905	0.559515	2971.06
0.7	0.958905	0.567733	1303.02
0.7	0.958905	0.575693	238.893
0.7	0.958905	0.583411	0
0.7	0.979792	0	0
0.7	0.979792	0.0664758	98.9963
0.7	0.979792	0.119086	257.948
0.7	0.979792	0.162628	504.983
0.7	0.979792	0.199773	852.701
0.7	0.979792	0.232163	1240.39
0.7	0.979792	0.260877	1552.69
0.7	0.979792	0.286666	1687.28
0.7	0.979792	0.310071	1696.07
0.7	0.979792	0.331495	1708.18
0.7	0.979792	0.351248	1802.05
0.7	0.979792	0.369572	1912.81
0.7	0.979792	0.38666	2082.08
0.7	0.979792	0.402668	2327.88
0.7	0.979792	0.417724	2533.46
0.7	0.979792	0.431936	2744.11
0.7	0.979792	0.445392	3235.2
0.7	0.979792	0.45817	3982.25
0.7	0.979792	0.470334	4687.88
0.7	0.979792	0.481941	5750.18
0.7	0.979792	0.493039	7378.74
0.7	0.979792	0.503672	8548.17
0.7	0.979792	0.513876	10130
0.7	0.979792	0.523686	10842
0.7	0.979792	0.533129	9645.35
0.7	0.979792	0.542233	6940.57
0.7	0.979792	0.551022	5009.06
0.7	0.979792	0.559515	3010.58
0.7	0.979792	0.567733	1902.81
0.7	0.979792	0.575693	1488.99
0.7	0.979792	0.583411	0
0.7	1	0	0
0.7	1	0.0664758	97.4897
0.7	1	0.119086	246.905
0.7	1	0.162628	471.948
0.7	1	0.199773	788.682
0.7	1	0.232163	1167.73
0.7	1	0.260877	1491.72
0.7	1	0.286666	1668.34
0.7	1	0.310071	1732.36
0.7	1	0.331495	1791.2
0.7	1	0.351248	1856.75
0.7	1	0.369572	2005.56
0.7	1	0.38666	2152.34
0.7	1	0.402668	2352.61
0.7	1	0.417724	2475.27
0.7	1	0.431936	2598.34
0.7	1	0.445392	2848.83
0.7	1	0.45817	3324.66
0.7	1	0.470334	3833.69
0.7	1	0.481941	4923.64
0.7	1	0.493039	6972.98
0.7	1	0.503672	9103.99
0.7	1	0.513876	11677.1
0.7	1	0.523686	13240.4
0.7	1	0.533129	13270.8
0.7	1	0.542233	11336.8
0.7	1	0.551022	7862.57
0.7	1	0.559515	3446.76
0.7	1	0.567733	789.52
0.7	1	0.575693	539.514
0.7	1	0.583411	0
