1.5	-2e-20	0	0
1.5	-2e-20	0.156959	358.791
1.5	-2e-20	0.281178	562.201
1.5	-2e-20	0.383987	451.011
1.5	-2e-20	0.471692	244.984
1.5	-2e-20	0.548168	85.4319
1.5	-2e-20	0.615967	46.4284
1.5	-2e-20	0.676858	38.0094
1.5	-2e-20	0.73212	19.9566
1.5	-2e-20	0.782706	9.15902
1.5	-2e-20	0.829347	3.10026
1.5	-2e-20	0.872612	0.820098
1.5	-2e-20	0.912959	0.18634
1.5	-2e-20	0.950755	0.00127051
1.5	-2e-20	0.986305	4.95277e-05
1.5	-2e-20	1.01986	0
1.5	-2e-20	1.05163	0
1.5	-2e-20	1.0818	0
1.5	-2e-20	1.11052	0
1.5	-2e-20	1.13793	0
1.5	-2e-20	1.16414	0
1.5	-2e-20	1.18924	0
1.5	-2e-20	1.21333	0
1.5	-2e-20	1.23649	0
1.5	-2e-20	1.25879	0
1.5	-2e-20	1.28029	0
1.5	-2e-20	1.30104	0
1.5	-2e-20	1.32109	0
1.5	-2e-20	1.3405	0
1.5	-2e-20	1.35929	0
1.5	-2e-20	1.37751	0
1.5	0.182905	4.73225e-14	0.000193919
1.5	0.182905	0.156959	383.765
1.5	0.182905	0.281178	618.25
1.5	0.182905	0.383987	850.352
1.5	0.182905	0.471692	527.754
1.5	0.182905	0.548168	152.841
1.5	0.182905	0.615967	90.7726
1.5	0.182905	0.676858	59.5752
1.5	0.182905	0.73212	66.0056
1.5	0.182905	0.782706	42.5615
1.5	0.182905	0.829347	22.7728
1.5	0.182905	0.872612	10.2378
1.5	0.182905	0.912959	3.88413
1.5	0.182905	0.950756	1.12127
1.5	0.182905	0.986305	0.29305
1.5	0.182905	1.01986	0.0747793
1.5	0.182905	1.05163	0.000320853
1.5	0.182905	1.0818	0
1.5	0.182905	1.11053	0
1.5	0.182905	1.13793	0
1.5	0.182905	1.16414	0
1.5	0.182905	1.18924	0
1.5	0.182905	1.21333	0
1.5	0.182905	1.23649	0
1.5	0.182905	1.25879	0
1.5	0.182905	1.28029	0
1.5	0.182905	1.30104	0
1.5	0.182905	1.32109	0
1.5	0.182905	1.3405	0
1.5	0.182905	1.35929	0
1.5	0.182905	1.37752	0
1.5	0.297103	4.73225e-14	0.000193919
1.5	0.297103	0.156959	411.673
1.5	0.297103	0.281178	667.02
1.5	0.297103	0.383987	981.944
1.5	0.297103	0.471692	929.069
1.5	0.297103	0.548168	374.033
1.5	0.297103	0.615967	331.333
1.5	0.297103	0.676858	119.582
1.5	0.297103	0.73212	92.252
1.5	0.297103	0.782706	95.7838
1.5	0.297103	0.829347	62.7394
1.5	0.297103	0.872612	37.15
1.5	0.297103	0.912959	18.2153
1.5	0.297103	0.950756	7.45008
1.5	0.297103	0.986305	2.45979
1.5	0.297103	1.01986	0.927549
1.5	0.297103	1.05163	0.204937
1.5	0.297103	1.0818	0.0556933
1.5	0.297103	1.11053	0.00364542
1.5	0.297103	1.13793	0
1.5	0.297103	1.16414	0
1.5	0.297103	1.18924	0
1.5	0.297103	1.21333	0
1.5	0.297103	1.23649	0
1.5	0.297103	1.25879	0
1.5	0.297103	1.28029	0
1.5	0.297103	1.30104	0
1.5	0.297103	1.32109	0
1.5	0.297103	1.3405	0
1.5	0.297103	1.35929	0
1.5	0.297103	1.37752	0
1.5	0.380414	4.73225e-14	0.000193919
1.5	0.380414	0.156959	432.437
1.5	0.380414	0.281178	683.082
1.5	0.380414	0.383987	1022.86
1.5	0.380414	0.471692	1280.03
1.5	0.380414	0.548168	833.958
1.5	0.380414	0.615967	439.592
1.5	0.380414	0.676858	225.74
1.5	0.380414	0.73212	149.487
1.5	0.380414	0.782706	139.314
1.5	0.380414	0.829347	126.968
1.5	0.380414	0.872612	83.8201
1.5	0.380414	0.912959	48.2517
1.5	0.380414	0.950756	26.1652
1.5	0.380414	0.986305	11.4253
1.5	0.380414	1.01986	4.68375
1.5	0.380414	1.05163	1.58331
1.5	0.380414	1.0818	0.502894
1.5	0.380414	1.11053	0.0505629
1.5	0.380414	1.13793	0.000706196
1.5	0.380414	1.16414	1.86178e-06
1.5	0.380414	1.18924	0
1.5	0.380414	1.21333	0
1.5	0.380414	1.23649	0
1.5	0.380414	1.25879	0
1.5	0.380414	1.28029	0
1.5	0.380414	1.30104	0
1.5	0.380414	1.32109	0
1.5	0.380414	1.3405	0
1.5	0.380414	1.35929	0
1.5	0.380414	1.37752	0
1.5	0.446036	4.73225e-14	0.000193919
1.5	0.446036	0.156959	448.199
1.5	0.446036	0.281178	699.593
1.5	0.446036	0.383987	1064.87
1.5	0.446036	0.471692	1453.2
1.5	0.446036	0.548168	1298.45
1.5	0.446036	0.615967	645.792
1.5	0.446036	0.676858	423.292
1.5	0.446036	0.73212	276.776
1.5	0.446036	0.782706	161.133
1.5	0.446036	0.829347	189.522
1.5	0.446036	0.872612	155.817
1.5	0.446036	0.912959	102.394
1.5	0.446036	0.950756	58.6619
1.5	0.446036	0.986305	32.4326
1.5	0.446036	1.01986	16.4455
1.5	0.446036	1.05163	6.93978
1.5	0.446036	1.0818	2.34926
1.5	0.446036	1.11053	0.677249
1.5	0.446036	1.13793	0.103128
1.5	0.446036	1.16414	0.000691854
1.5	0.446036	1.18924	0
1.5	0.446036	1.21333	0
1.5	0.446036	1.23649	0
1.5	0.446036	1.25879	0
1.5	0.446036	1.28029	0
1.5	0.446036	1.30104	0
1.5	0.446036	1.32109	0
1.5	0.446036	1.3405	0
1.5	0.446036	1.35929	0
1.5	0.446036	1.37752	0
1.5	0.500183	4.73225e-14	0.000193919
1.5	0.500183	0.156959	461.91
1.5	0.500183	0.281178	715.459
1.5	0.500183	0.383987	1118.84
1.5	0.500183	0.471692	1501.26
1.5	0.500183	0.548168	1697.53
1.5	0.500183	0.615967	1024.99
1.5	0.500183	0.676858	590.727
1.5	0.500183	0.73212	362.348
1.5	0.500183	0.782706	288.714
1.5	0.500183	0.829347	228.172
1.5	0.500183	0.872612	242.378
1.5	0.500183	0.912959	179.831
1.5	0.500183	0.950756	117.563
1.5	0.500183	0.986305	69.3341
1.5	0.500183	1.01986	37.9212
1.5	0.500183	1.05163	20.1623
1.5	0.500183	1.0818	8.39091
1.5	0.500183	1.11053	3.11059
1.5	0.500183	1.13793	0.755129
1.5	0.500183	1.16414	0.145616
1.5	0.500183	1.18924	0.0123681
1.5	0.500183	1.21333	2.75023e-05
1.5	0.500183	1.23649	0
1.5	0.500183	1.25879	0
1.5	0.500183	1.28029	0
1.5	0.500183	1.30104	0
1.5	0.500183	1.32109	0
1.5	0.500183	1.3405	0
1.5	0.500183	1.35929	0
1.5	0.500183	1.37752	0
1.5	0.546275	4.73225e-14	0.000193919
1.5	0.546275	0.156959	478.01
1.5	0.546275	0.281178	739.939
1.5	0.546275	0.383987	1129.03
1.5	0.546275	0.471692	1549.6
1.5	0.546275	0.548168	1949.75
1.5	0.546275	0.615967	1675.24
1.5	0.546275	0.676858	817.508
1.5	0.546275	0.73212	531.116
1.5	0.546275	0.782706	351.005
1.5	0.546275	0.829347	360.445
1.5	0.546275	0.872612	325.405
1.5	0.546275	0.912959	284.457
1.5	0.546275	0.950756	202.618
1.5	0.546275	0.986305	130.881
1.5	0.546275	1.01986	78.6453
1.5	0.546275	1.05163	44.1788
1.5	0.546275	1.0818	22.1689
1.5	0.546275	1.11053	9.57901
1.5	0.546275	1.13793	3.50893
1.5	0.546275	1.16414	1.06367
1.5	0.546275	1.18924	0.147677
1.5	0.546275	1.21333	0.000508312
1.5	0.546275	1.23649	6.70917e-09
1.5	0.546275	1.25879	0
1.5	0.546275	1.28029	0
1.5	0.546275	1.30104	0
1.5	0.546275	1.32109	0
1.5	0.546275	1.3405	0
1.5	0.546275	1.35929	0
1.5	0.546275	1.37752	0
1.5	0.586402	4.73225e-14	0.000193919
1.5	0.586402	0.156959	490.249
1.5	0.586402	0.281178	766.827
1.5	0.586402	0.383987	1132.32
1.5	0.586402	0.471692	1604.49
1.5	0.586402	0.548168	2104.38
1.5	0.586402	0.615967	2151.85
1.5	0.586402	0.676858	1356.64
1.5	0.586402	0.73212	668.125
1.5	0.586402	0.782706	717.254
1.5	0.586402	0.829347	588.45
1.5	0.586402	0.872612	526.816
1.5	0.586402	0.912959	390.12
1.5	0.586402	0.950756	314.716
1.5	0.586402	0.986305	222.99
1.5	0.586402	1.01986	144.051
1.5	0.586402	1.05163	85.0537
1.5	0.586402	1.0818	48.5117
1.5	0.586402	1.11053	23.6494
1.5	0.586402	1.13793	10.7501
1.5	0.586402	1.16414	4.08988
1.5	0.586402	1.18924	1.2038
1.5	0.586402	1.21333	0.129591
1.5	0.586402	1.23649	0.000130433
1.5	0.586402	1.25879	0
1.5	0.586402	1.28029	0
1.5	0.586402	1.30104	0
1.5	0.586402	1.32109	0
1.5	0.586402	1.3405	0
1.5	0.586402	1.35929	0
1.5	0.586402	1.37752	0
1.5	0.621933	4.73225e-14	0.000193919
1.5	0.621933	0.156959	500.045
1.5	0.621933	0.281178	793.663
1.5	0.621933	0.383987	1141.79
1.5	0.621933	0.471692	1662.47
1.5	0.621933	0.548168	2199.49
1.5	0.621933	0.615967	2518.19
1.5	0.621933	0.676858	1996.41
1.5	0.621933	0.73212	1216.26
1.5	0.621933	0.782706	841.648
1.5	0.621933	0.829347	728.536
1.5	0.621933	0.872612	724.397
1.5	0.621933	0.912959	547.564
1.5	0.621933	0.950756	423.934
1.5	0.621933	0.986305	340.735
1.5	0.621933	1.01986	241.501
1.5	0.621933	1.05163	156.294
1.5	0.621933	1.0818	88.6745
1.5	0.621933	1.11053	51.1222
1.5	0.621933	1.13793	25.1297
1.5	0.621933	1.16414	11.4898
1.5	0.621933	1.18924	4.38563
1.5	0.621933	1.21333	1.17361
1.5	0.621933	1.23649	0.120669
1.5	0.621933	1.25879	5.45343e-05
1.5	0.621933	1.28029	0
1.5	0.621933	1.30104	0
1.5	0.621933	1.32109	0
1.5	0.621933	1.3405	0
1.5	0.621933	1.35929	0
1.5	0.621933	1.37752	0
1.5	0.653812	4.73225e-14	0.000193919
1.5	0.653812	0.156959	507.002
1.5	0.653812	0.281178	817.389
1.5	0.653812	0.383987	1143.54
1.5	0.653812	0.471692	1700.23
1.5	0.653812	0.548168	2280.22
1.5	0.653812	0.615967	2860.04
1.5	0.653812	0.676858	2615.76
1.5	0.653812	0.73212	1774.86
1.5	0.653812	0.782706	1256.81
1.5	0.653812	0.829347	1072.55
1.5	0.653812	0.872612	997.258
1.5	0.653812	0.912959	829.204
1.5	0.653812	0.950756	542.474
1.5	0.653812	0.986305	457.324
1.5	0.653812	1.01986	362.234
1.5	0.653812	1.05163	259.529
1.5	0.653812	1.0818	164.485
1.5	0.653812	1.11053	92.038
1.5	0.653812	1.13793	52.7285
1.5	0.653812	1.16414	26.3249
1.5	0.653812	1.18924	11.7937
1.5	0.653812	1.21333	4.37631
1.5	0.653812	1.23649	1.21593
1.5	0.653812	1.25879	0.0986365
1.5	0.653812	1.28029	2.80471e-05
1.5	0.653812	1.30104	0
1.5	0.653812	1.32109	0
1.5	0.653812	1.3405	0
1.5	0.653812	1.35929	0
1.5	0.653812	1.37752	0
1.5	0.682722	4.73225e-14	0.000193919
1.5	0.682722	0.156959	511.402
1.5	0.682722	0.281178	837.384
1.5	0.682722	0.383987	1143.81
1.5	0.682722	0.471692	1701.22
1.5	0.682722	0.548168	2344.74
1.5	0.682722	0.615967	3007.83
1.5	0.682722	0.676858	3140.33
1.5	0.682722	0.73212	2422.48
1.5	0.682722	0.782706	1564.42
1.5	0.682722	0.829347	1330.23
1.5	0.682722	0.872612	1361.79
1.5	0.682722	0.912959	1174.76
1.5	0.682722	0.950756	801.844
1.5	0.682722	0.986305	554.845
1.5	0.682722	1.01986	496.347
1.5	0.682722	1.05163	387.905
1.5	0.682722	1.0818	270.734
1.5	0.682722	1.11053	170.816
1.5	0.682722	1.13793	95.4199
1.5	0.682722	1.16414	53.2212
1.5	0.682722	1.18924	26.2098
1.5	0.682722	1.21333	11.4672
1.5	0.682722	1.23649	4.3702
1.5	0.682722	1.25879	1.22753
1.5	0.682722	1.28029	0.0850362
1.5	0.682722	1.30104	0
1.5	0.682722	1.32109	0
1.5	0.682722	1.3405	0
1.5	0.682722	1.35929	0
1.5	0.682722	1.37752	0
1.5	0.709168	4.73225e-14	0.000193919
1.5	0.709168	0.156959	513.304
1.5	0.709168	0.281178	855.131
1.5	0.709168	0.383987	1149.89
1.5	0.709168	0.471692	1688.2
1.5	0.709168	0.548168	2400.73
1.5	0.709168	0.615967	3150.01
1.5	0.709168	0.676858	3622.33
1.5	0.709168	0.73212	3227.32
1.5	0.709168	0.782706	2208.6
1.5	0.709168	0.829347	1675.47
1.5	0.709168	0.872612	1639.4
1.5	0.709168	0.912959	1411.44
1.5	0.709168	0.950756	1111.46
1.5	0.709168	0.986305	845.083
1.5	0.709168	1.01986	621.861
1.5	0.709168	1.05163	545.916
1.5	0.709168	1.0818	408.295
1.5	0.709168	1.11053	283.41
1.5	0.709168	1.13793	175.147
1.5	0.709168	1.16414	97.1939
1.5	0.709168	1.18924	53.1468
1.5	0.709168	1.21333	25.6991
1.5	0.709168	1.23649	10.8872
1.5	0.709168	1.25879	4.32389
1.5	0.709168	1.28029	1.06376
1.5	0.709168	1.30104	0.0526946
1.5	0.709168	1.32109	0
1.5	0.709168	1.3405	0
1.5	0.709168	1.35929	0
1.5	0.709168	1.37752	0
1.5	0.733538	4.73225e-14	0.000193919
1.5	0.733538	0.156959	513.419
1.5	0.733538	0.281178	868.402
1.5	0.733538	0.383987	1164.4
1.5	0.733538	0.471692	1677.16
1.5	0.733538	0.548168	2448.68
1.5	0.733538	0.615967	3261.22
1.5	0.733538	0.676858	3851.85
1.5	0.733538	0.73212	3895.84
1.5	0.733538	0.782706	3089.91
1.5	0.733538	0.829347	2240.32
1.5	0.733538	0.872612	2145.09
1.5	0.733538	0.912959	1911.08
1.5	0.733538	0.950756	1584.74
1.5	0.733538	0.986305	1161.88
1.5	0.733538	1.01986	848.755
1.5	0.733538	1.05163	696.174
1.5	0.733538	1.0818	585.297
1.5	0.733538	1.11053	444.405
1.5	0.733538	1.13793	297.596
1.5	0.733538	1.16414	176.204
1.5	0.733538	1.18924	97.7846
1.5	0.733538	1.21333	52.2888
1.5	0.733538	1.23649	24.3201
1.5	0.733538	1.25879	10.2757
1.5	0.733538	1.28029	3.89475
1.5	0.733538	1.30104	0.785802
1.5	0.733538	1.32109	0.0228953
1.5	0.733538	1.3405	0
1.5	0.733538	1.35929	0
1.5	0.733538	1.37752	0
1.5	0.756134	4.73225e-14	0.000193919
1.5	0.756134	0.156959	511.83
1.5	0.756134	0.281178	876.761
1.5	0.756134	0.383987	1177.56
1.5	0.756134	0.471692	1663.03
1.5	0.756134	0.548168	2459.18
1.5	0.756134	0.615967	3342.88
1.5	0.756134	0.676858	4054.53
1.5	0.756134	0.73212	4509.53
1.5	0.756134	0.782706	4069.68
1.5	0.756134	0.829347	3012.9
1.5	0.756134	0.872612	2550.92
1.5	0.756134	0.912959	2248.71
1.5	0.756134	0.950756	1884.69
1.5	0.756134	0.986305	1440.02
1.5	0.756134	1.01986	1191.32
1.5	0.756134	1.05163	899.08
1.5	0.756134	1.0818	760.678
1.5	0.756134	1.11053	654.712
1.5	0.756134	1.13793	475.93
1.5	0.756134	1.16414	305.934
1.5	0.756134	1.18924	178.975
1.5	0.756134	1.21333	95.7657
1.5	0.756134	1.23649	50.5796
1.5	0.756134	1.25879	22.3426
1.5	0.756134	1.28029	9.21348
1.5	0.756134	1.30104	3.29711
1.5	0.756134	1.32109	0.574267
1.5	0.756134	1.3405	0.00686537
1.5	0.756134	1.35929	0
1.5	0.756134	1.37752	0
1.5	0.777196	4.73225e-14	0.000193919
1.5	0.777196	0.156959	508.183
1.5	0.777196	0.281178	880.327
1.5	0.777196	0.383987	1188.98
1.5	0.777196	0.471692	1650.61
1.5	0.777196	0.548168	2442.09
1.5	0.777196	0.615967	3410.9
1.5	0.777196	0.676858	4215.08
1.5	0.777196	0.73212	4878.13
1.5	0.777196	0.782706	4837.39
1.5	0.777196	0.829347	4135.07
1.5	0.777196	0.872612	3266.95
1.5	0.777196	0.912959	2719.61
1.5	0.777196	0.950756	2282.37
1.5	0.777196	0.986305	1941.61
1.5	0.777196	1.01986	1677.55
1.5	0.777196	1.05163	1324.5
1.5	0.777196	1.0818	985.178
1.5	0.777196	1.11053	887.89
1.5	0.777196	1.13793	716.753
1.5	0.777196	1.16414	497.159
1.5	0.777196	1.18924	315.679
1.5	0.777196	1.21333	177.962
1.5	0.777196	1.23649	91.4948
1.5	0.777196	1.25879	46.7396
1.5	0.777196	1.28029	19.7316
1.5	0.777196	1.30104	8.0833
1.5	0.777196	1.32109	2.50597
1.5	0.777196	1.3405	0.295519
1.5	0.777196	1.35929	0.000435199
1.5	0.777196	1.37752	0
1.5	0.79692	4.73225e-14	0.000193919
1.5	0.79692	0.156959	502.968
1.5	0.79692	0.281178	879.811
1.5	0.79692	0.383987	1200.82
1.5	0.79692	0.471692	1639.57
1.5	0.79692	0.548168	2422.62
1.5	0.79692	0.615967	3453.88
1.5	0.79692	0.676858	4311.26
1.5	0.79692	0.73212	5193.09
1.5	0.79692	0.782706	5574.9
1.5	0.79692	0.829347	5081.9
1.5	0.79692	0.872612	4124.8
1.5	0.79692	0.912959	3412.68
1.5	0.79692	0.950756	2884.97
1.5	0.79692	0.986305	2367.19
1.5	0.79692	1.01986	2047.66
1.5	0.79692	1.05163	1761.94
1.5	0.79692	1.0818	1441.95
1.5	0.79692	1.11053	1166.85
1.5	0.79692	1.13793	1019.87
1.5	0.79692	1.16414	756.222
1.5	0.79692	1.18924	522.139
1.5	0.79692	1.21333	319.105
1.5	0.79692	1.23649	171.208
1.5	0.79692	1.25879	87.1092
1.5	0.79692	1.28029	41.0839
1.5	0.79692	1.30104	17.0855
1.5	0.79692	1.32109	6.58596
1.5	0.79692	1.3405	1.63644
1.5	0.79692	1.35929	0.111218
1.5	0.79692	1.37752	0
1.5	0.816262	0	0
1.5	0.816262	0.156959	495.536
1.5	0.816262	0.281178	876.934
1.5	0.816262	0.383987	1209.76
1.5	0.816262	0.471692	1631.15
1.5	0.816262	0.548168	2401.53
1.5	0.816262	0.615967	3449.64
1.5	0.816262	0.676858	4355.39
1.5	0.816262	0.73212	5447.13
1.5	0.816262	0.782706	6177.54
1.5	0.816262	0.829347	6088
1.5	0.816262	0.872612	5257.75
1.5	0.816262	0.912959	4239.79
1.5	0.816262	0.950755	3458.16
1.5	0.816262	0.986305	2805.05
1.5	0.816262	1.01986	2608.91
1.5	0.816262	1.05163	2439.54
1.5	0.816262	1.0818	2003.06
1.5	0.816262	1.11052	1891.5
1.5	0.816262	1.13793	1405.14
1.5	0.816262	1.16414	1136.66
1.5	0.816262	1.18924	816.759
1.5	0.816262	1.21333	547.262
1.5	0.816262	1.23649	322.439
1.5	0.816262	1.25879	162.395
1.5	0.816262	1.28029	79.3729
1.5	0.816262	1.30104	34.9997
1.5	0.816262	1.32109	13.4498
1.5	0.816262	1.3405	4.3151
1.5	0.816262	1.35929	0.570061
1.5	0.816262	1.37751	0
1.5	0.832967	4.73225e-14	0.000193919
1.5	0.832967	0.156959	487.123
1.5	0.832967	0.281178	872.489
1.5	0.832967	0.383987	1215.71
1.5	0.832967	0.471692	1626.53
1.5	0.832967	0.548168	2373.36
1.5	0.832967	0.615967	3405.27
1.5	0.832967	0.676858	4353.5
1.5	0.832967	0.73212	5582.95
1.5	0.832967	0.782706	6649.91
1.5	0.832967	0.829347	6970.23
1.5	0.832967	0.872612	6308.3
1.5	0.832967	0.912959	5318.37
1.5	0.832967	0.950756	4320.88
1.5	0.832967	0.986305	3545.59
1.5	0.832967	1.01986	3184.87
1.5	0.832967	1.05163	2901.47
1.5	0.832967	1.0818	2645.79
1.5	0.832967	1.11053	2643.99
1.5	0.832967	1.13793	2297.89
1.5	0.832967	1.16414	1584.19
1.5	0.832967	1.18924	1213.66
1.5	0.832967	1.21333	835.976
1.5	0.832967	1.23649	538.319
1.5	0.832967	1.25879	300.253
1.5	0.832967	1.28029	138.962
1.5	0.832967	1.30104	62.3159
1.5	0.832967	1.32109	23.6768
1.5	0.832967	1.3405	6.96317
1.5	0.832967	1.35929	0.953729
1.5	0.832967	1.37752	0
1.5	0.849534	4.73225e-14	0.000193919
1.5	0.849534	0.156959	476.566
1.5	0.849534	0.281178	862.919
1.5	0.849534	0.383987	1216.12
1.5	0.849534	0.471692	1619.87
1.5	0.849534	0.548168	2334.72
1.5	0.849534	0.615967	3325.05
1.5	0.849534	0.676858	4302.86
1.5	0.849534	0.73212	5629.51
1.5	0.849534	0.782706	7010.98
1.5	0.849534	0.829347	7784.1
1.5	0.849534	0.872612	7557.6
1.5	0.849534	0.912959	6420.94
1.5	0.849534	0.950756	5350.32
1.5	0.849534	0.986305	4301.87
1.5	0.849534	1.01986	3750.03
1.5	0.849534	1.05163	3584.8
1.5	0.849534	1.0818	3389.63
1.5	0.849534	1.11053	3439.32
1.5	0.849534	1.13793	3437.28
1.5	0.849534	1.16414	2610.5
1.5	0.849534	1.18924	1777.77
1.5	0.849534	1.21333	1290.36
1.5	0.849534	1.23649	875.217
1.5	0.849534	1.25879	540.309
1.5	0.849534	1.28029	266.006
1.5	0.849534	1.30104	111.585
1.5	0.849534	1.32109	43.1255
1.5	0.849534	1.3405	11.1897
1.5	0.849534	1.35929	1.28877
1.5	0.849534	1.37752	0
1.5	0.865262	4.73225e-14	0.000193919
1.5	0.865262	0.156959	464.554
1.5	0.865262	0.281178	849.572
1.5	0.865262	0.383987	1211.08
1.5	0.865262	0.471692	1611.95
1.5	0.865262	0.548168	2295.92
1.5	0.865262	0.615967	3231.49
1.5	0.865262	0.676858	4195.83
1.5	0.865262	0.73212	5572.01
1.5	0.865262	0.782706	7223.72
1.5	0.865262	0.829347	8470.43
1.5	0.865262	0.872612	8718.93
1.5	0.865262	0.912959	7815.32
1.5	0.865262	0.950756	6576.63
1.5	0.865262	0.986305	5366.89
1.5	0.865262	1.01986	4652.02
1.5	0.865262	1.05163	4369.41
1.5	0.865262	1.0818	4087.14
1.5	0.865262	1.11053	4522.18
1.5	0.865262	1.13793	4850.58
1.5	0.865262	1.16414	4167.91
1.5	0.865262	1.18924	2921.9
1.5	0.865262	1.21333	1947.03
1.5	0.865262	1.23649	1386.3
1.5	0.865262	1.25879	896.805
1.5	0.865262	1.28029	501.709
1.5	0.865262	1.30104	218.942
1.5	0.865262	1.32109	78.569
1.5	0.865262	1.3405	21.241
1.5	0.865262	1.35929	2.07191
1.5	0.865262	1.37752	0
1.5	0.880231	4.73225e-14	0.000193919
1.5	0.880231	0.156959	451.719
1.5	0.880231	0.281178	832.903
1.5	0.880231	0.383987	1199.76
1.5	0.880231	0.471692	1606.21
1.5	0.880231	0.548168	2257.99
1.5	0.880231	0.615967	3121.05
1.5	0.880231	0.676858	4019.11
1.5	0.880231	0.73212	5426.42
1.5	0.880231	0.782706	7289.01
1.5	0.880231	0.829347	8964.56
1.5	0.880231	0.872612	9804.1
1.5	0.880231	0.912959	9329.92
1.5	0.880231	0.950756	7933.23
1.5	0.880231	0.986305	6789.91
1.5	0.880231	1.01986	5648.88
1.5	0.880231	1.05163	5216.06
1.5	0.880231	1.0818	5039.22
1.5	0.880231	1.11053	5481.7
1.5	0.880231	1.13793	6377.82
1.5	0.880231	1.16414	6374.53
1.5	0.880231	1.18924	4725.83
1.5	0.880231	1.21333	3201.75
1.5	0.880231	1.23649	2137.24
1.5	0.880231	1.25879	1437.43
1.5	0.880231	1.28029	876.314
1.5	0.880231	1.30104	432.929
1.5	0.880231	1.32109	155.093
1.5	0.880231	1.3405	39.596
1.5	0.880231	1.35929	4.55998
1.5	0.880231	1.37752	0
1.5	0.894512	4.73225e-14	0.000193919
1.5	0.894512	0.156959	437.403
1.5	0.894512	0.281178	813.529
1.5	0.894512	0.383987	1179.82
1.5	0.894512	0.471692	1597.68
1.5	0.894512	0.548168	2221.12
1.5	0.894512	0.615967	2989.35
1.5	0.894512	0.676858	3808.63
1.5	0.894512	0.73212	5204.99
1.5	0.894512	0.782706	7160.45
1.5	0.894512	0.829347	9286.01
1.5	0.894512	0.872612	10681.2
1.5	0.894512	0.912959	10839.8
1.5	0.894512	0.950756	9667.77
1.5	0.894512	0.986305	8045.03
1.5	0.894512	1.01986	7072.04
1.5	0.894512	1.05163	6272.86
1.5	0.894512	1.0818	5961.3
1.5	0.894512	1.11053	6601.95
1.5	0.894512	1.13793	7767.49
1.5	0.894512	1.16414	8438.61
1.5	0.894512	1.18924	7287.07
1.5	0.894512	1.21333	5154.89
1.5	0.894512	1.23649	3465.9
1.5	0.894512	1.25879	2259.55
1.5	0.894512	1.28029	1578.35
1.5	0.894512	1.30104	787.245
1.5	0.894512	1.32109	323.88
1.5	0.894512	1.3405	75.2616
1.5	0.894512	1.35929	7.67371
1.5	0.894512	1.37752	0
1.5	0.908165	4.73225e-14	0.000193919
1.5	0.908165	0.156959	421.821
1.5	0.908165	0.281178	789.751
1.5	0.908165	0.383987	1149.92
1.5	0.908165	0.471692	1577.45
1.5	0.908165	0.548168	2172.17
1.5	0.908165	0.615967	2836.82
1.5	0.908165	0.676858	3589.27
1.5	0.908165	0.73212	4881.01
1.5	0.908165	0.782706	6912.87
1.5	0.908165	0.829347	9330.46
1.5	0.908165	0.872612	11337.9
1.5	0.908165	0.912959	12160.8
1.5	0.908165	0.950756	11563.1
1.5	0.908165	0.986305	9768.83
1.5	0.908165	1.01986	8347.04
1.5	0.908165	1.05163	7589.81
1.5	0.908165	1.0818	7084.25
1.5	0.908165	1.11053	7680.94
1.5	0.908165	1.13793	8784.26
1.5	0.908165	1.16414	10254.6
1.5	0.908165	1.18924	9774.63
1.5	0.908165	1.21333	7748.94
1.5	0.908165	1.23649	5673.37
1.5	0.908165	1.25879	3637.68
1.5	0.908165	1.28029	2813.75
1.5	0.908165	1.30104	1343.44
1.5	0.908165	1.32109	627.548
1.5	0.908165	1.3405	174.84
1.5	0.908165	1.35929	13.7693
1.5	0.908165	1.37752	0
1.5	0.921243	4.73225e-14	0.000193919
1.5	0.921243	0.156959	404.841
1.5	0.921243	0.281178	762.095
1.5	0.921243	0.383987	1109.91
1.5	0.921243	0.471692	1546.51
1.5	0.921243	0.548168	2111.58
1.5	0.921243	0.615967	2685.92
1.5	0.921243	0.676858	3350.38
1.5	0.921243	0.73212	4517.92
1.5	0.921243	0.782706	6532.35
1.5	0.921243	0.829347	9135.06
1.5	0.921243	0.872612	11657.8
1.5	0.921243	0.912959	13252.9
1.5	0.921243	0.950756	13377.3
1.5	0.921243	0.986305	11863
1.5	0.921243	1.01986	9931.76
1.5	0.921243	1.05163	8760.71
1.5	0.921243	1.0818	8269.41
1.5	0.921243	1.11053	8918.12
1.5	0.921243	1.13793	9740.64
1.5	0.921243	1.16414	10892.9
1.5	0.921243	1.18924	11832.5
1.5	0.921243	1.21333	10519.4
1.5	0.921243	1.23649	8436.82
1.5	0.921243	1.25879	6005.16
1.5	0.921243	1.28029	4683.79
1.5	0.921243	1.30104	2280.57
1.5	0.921243	1.32109	1128.59
1.5	0.921243	1.3405	405.264
1.5	0.921243	1.35929	58.3367
1.5	0.921243	1.37752	0
1.5	0.933792	4.73225e-14	0.000193919
1.5	0.933792	0.156959	386.258
1.5	0.933792	0.281178	729.346
1.5	0.933792	0.383987	1064.65
1.5	0.933792	0.471692	1525.35
1.5	0.933792	0.548168	2035.39
1.5	0.933792	0.615967	2532.59
1.5	0.933792	0.676858	3089.06
1.5	0.933792	0.73212	4134.2
1.5	0.933792	0.782706	6039.58
1.5	0.933792	0.829347	8741.83
1.5	0.933792	0.872612	11598.6
1.5	0.933792	0.912959	13932.8
1.5	0.933792	0.950756	14968
1.5	0.933792	0.986305	14065.5
1.5	0.933792	1.01986	12011.3
1.5	0.933792	1.05163	10116.1
1.5	0.933792	1.0818	9227.61
1.5	0.933792	1.11053	10108.9
1.5	0.933792	1.13793	11030.2
1.5	0.933792	1.16414	11425.9
1.5	0.933792	1.18924	12386.9
1.5	0.933792	1.21333	12716.6
1.5	0.933792	1.23649	11562.3
1.5	0.933792	1.25879	8951.01
1.5	0.933792	1.28029	7761.04
1.5	0.933792	1.30104	3769.31
1.5	0.933792	1.32109	1979.12
1.5	0.933792	1.3405	780.796
1.5	0.933792	1.35929	150.715
1.5	0.933792	1.37752	0
1.5	0.945854	4.73225e-14	0.000193919
1.5	0.945854	0.156959	366.059
1.5	0.945854	0.281178	691.746
1.5	0.945854	0.383987	1018.88
1.5	0.945854	0.471692	1477.59
1.5	0.945854	0.548168	1952.44
1.5	0.945854	0.615967	2371.86
1.5	0.945854	0.676858	2836.7
1.5	0.945854	0.73212	3740.71
1.5	0.945854	0.782706	5486.63
1.5	0.945854	0.829347	8170.34
1.5	0.945854	0.872612	11256.1
1.5	0.945854	0.912959	14117.4
1.5	0.945854	0.950756	16061.4
1.5	0.945854	0.986305	16119.2
1.5	0.945854	1.01986	14403
1.5	0.945854	1.05163	12046.9
1.5	0.945854	1.0818	10288.7
1.5	0.945854	1.11053	10464.4
1.5	0.945854	1.13793	11965.8
1.5	0.945854	1.16414	12729.4
1.5	0.945854	1.18924	13004.2
1.5	0.945854	1.21333	13626.8
1.5	0.945854	1.23649	14288.8
1.5	0.945854	1.25879	12299.2
1.5	0.945854	1.28029	11813.7
1.5	0.945854	1.30104	6422.08
1.5	0.945854	1.32109	3395.38
1.5	0.945854	1.3405	1380.11
1.5	0.945854	1.35929	238.147
1.5	0.945854	1.37752	0
1.5	0.957465	4.73225e-14	0.000193919
1.5	0.957465	0.156959	344.583
1.5	0.957465	0.281178	647.324
1.5	0.957465	0.383987	963.897
1.5	0.957465	0.471692	1401.19
1.5	0.957465	0.548168	1851.18
1.5	0.957465	0.615967	2191.64
1.5	0.957465	0.676858	2591.24
1.5	0.957465	0.73212	3373.55
1.5	0.957465	0.782706	4926.35
1.5	0.957465	0.829347	7510.43
1.5	0.957465	0.872612	10574.8
1.5	0.957465	0.912959	13757.5
1.5	0.957465	0.950756	16514.3
1.5	0.957465	0.986305	17635.3
1.5	0.957465	1.01986	16784.3
1.5	0.957465	1.05163	14359.3
1.5	0.957465	1.0818	11926.8
1.5	0.957465	1.11053	10931.3
1.5	0.957465	1.13793	11791.3
1.5	0.957465	1.16414	13214.6
1.5	0.957465	1.18924	14452.2
1.5	0.957465	1.21333	14805.6
1.5	0.957465	1.23649	15873.9
1.5	0.957465	1.25879	15375.1
1.5	0.957465	1.28029	16838.5
1.5	0.957465	1.30104	10371.7
1.5	0.957465	1.32109	5878.66
1.5	0.957465	1.3405	2569.51
1.5	0.957465	1.35929	384.36
1.5	0.957465	1.37752	0
1.5	0.968657	4.73225e-14	0.000193919
1.5	0.968657	0.156959	322.642
1.5	0.968657	0.281178	596.017
1.5	0.968657	0.383987	907.944
1.5	0.968657	0.471692	1300.83
1.5	0.968657	0.548168	1706.29
1.5	0.968657	0.615967	2001.79
1.5	0.968657	0.676858	2331.02
1.5	0.968657	0.73212	3028.86
1.5	0.968657	0.782706	4392.15
1.5	0.968657	0.829347	6680.05
1.5	0.968657	0.872612	9582.61
1.5	0.968657	0.912959	12801.2
1.5	0.968657	0.950756	16124.4
1.5	0.968657	0.986305	18365
1.5	0.968657	1.01986	18685.4
1.5	0.968657	1.05163	16744.3
1.5	0.968657	1.0818	13938.1
1.5	0.968657	1.11053	12057.2
1.5	0.968657	1.13793	11891.4
1.5	0.968657	1.16414	12922.3
1.5	0.968657	1.18924	14498.2
1.5	0.968657	1.21333	16859.5
1.5	0.968657	1.23649	18186.5
1.5	0.968657	1.25879	17675
1.5	0.968657	1.28029	21004.1
1.5	0.968657	1.30104	15775
1.5	0.968657	1.32109	10060.8
1.5	0.968657	1.3405	5017.44
1.5	0.968657	1.35929	884.361
1.5	0.968657	1.37752	0
1.5	0.979792	0	0
1.5	0.979792	0.156959	299.442
1.5	0.979792	0.281178	537.569
1.5	0.979792	0.383987	845.219
1.5	0.979792	0.471692	1172.27
1.5	0.979792	0.548168	1515.2
1.5	0.979792	0.615967	1794.17
1.5	0.979792	0.676858	2046.16
1.5	0.979792	0.73212	2645.34
1.5	0.979792	0.782706	3817.8
1.5	0.979792	0.829347	5725.41
1.5	0.979792	0.872612	8159.07
1.5	0.979792	0.912959	11176.3
1.5	0.979792	0.950755	14654.1
1.5	0.979792	0.986305	17766.2
1.5	0.979792	1.01986	19482.6
1.5	0.979792	1.05163	18689.4
1.5	0.979792	1.0818	15909
1.5	0.979792	1.11052	13520.2
1.5	0.979792	1.13793	12627.5
1.5	0.979792	1.16414	12864
1.5	0.979792	1.18924	14217.3
1.5	0.979792	1.21333	16552.3
1.5	0.979792	1.23649	21073.5
1.5	0.979792	1.25879	21690.4
1.5	0.979792	1.28029	25085.4
1.5	0.979792	1.30104	20398.3
1.5	0.979792	1.32109	16098.3
1.5	0.979792	1.3405	11749.4
1.5	0.979792	1.35929	2279.04
1.5	0.979792	1.37751	0
1.5	0.9899	4.73225e-14	0.000193919
1.5	0.9899	0.156959	276.141
1.5	0.9899	0.281178	481.789
1.5	0.9899	0.383987	762.914
1.5	0.9899	0.471692	1028.2
1.5	0.9899	0.548168	1289.59
1.5	0.9899	0.615967	1528.27
1.5	0.9899	0.676858	1740.23
1.5	0.9899	0.73212	2215.56
1.5	0.9899	0.782706	3167.8
1.5	0.9899	0.829347	4668.04
1.5	0.9899	0.872612	6526.67
1.5	0.9899	0.912959	8986.02
1.5	0.9899	0.950756	12038.3
1.5	0.9899	0.986305	15352.9
1.5	0.9899	1.01986	18090.1
1.5	0.9899	1.05163	18776.8
1.5	0.9899	1.0818	16915.4
1.5	0.9899	1.11053	14445.6
1.5	0.9899	1.13793	13226.7
1.5	0.9899	1.16414	12881.1
1.5	0.9899	1.18924	13943.7
1.5	0.9899	1.21333	15412.5
1.5	0.9899	1.23649	19248.5
1.5	0.9899	1.25879	22683.7
1.5	0.9899	1.28029	29156.7
1.5	0.9899	1.30104	29439.8
1.5	0.9899	1.32109	21854.8
1.5	0.9899	1.3405	18709.8
1.5	0.9899	1.35929	8224.24
1.5	0.9899	1.37752	0
1.5	1	0	0
1.5	1	0.156959	248.256
1.5	1	0.281178	406.725
1.5	1	0.383987	647.393
1.5	1	0.471692	837.104
1.5	1	0.548168	987.125
1.5	1	0.615967	1158.05
1.5	1	0.676858	1270.1
1.5	1	0.73212	1631.55
1.5	1	0.782706	2279.91
1.5	1	0.829347	3303.5
1.5	1	0.872612	4490.04
1.5	1	0.912959	5690.45
1.5	1	0.950755	7247.88
1.5	1	0.986305	9502.56
1.5	1	1.01986	11968.4
1.5	1	1.05163	13603.8
1.5	1	1.0818	13571.4
1.5	1	1.11052	12853.1
1.5	1	1.13793	11989.8
1.5	1	1.16414	12143.5
1.5	1	1.18924	12923.7
1.5	1	1.21333	13377.7
1.5	1	1.23649	14400.2
1.5	1	1.25879	15962
1.5	1	1.28029	24702
1.5	1	1.30104	36473.7
1.5	1	1.32109	41913.9
1.5	1	1.3405	30606.7
1.5	1	1.35929	6556.57
1.5	1	1.37751	0
