0.17	-1	0	0
0.17	-1	0.00574981	18.0109
0.17	-1	0.0103003	24.0651
0.17	-1	0.0140665	23.7414
0.17	-1	0.0172793	22.0062
0.17	-1	0.0200808	19.1791
0.17	-1	0.0225645	16.3296
0.17	-1	0.0247951	13.6226
0.17	-1	0.0268195	12.7526
0.17	-1	0.0286726	9.64619
0.17	-1	0.0303812	8.52587
0.17	-1	0.0319661	7.66811
0.17	-1	0.0334441	6.42738
0.17	-1	0.0348287	5.35638
0.17	-1	0.036131	4.10955
0.17	-1	0.0373602	3.25785
0.17	-1	0.0385241	2.51887
0.17	-1	0.0396293	1.97544
0.17	-1	0.0406815	1.45192
0.17	-1	0.0416854	1.06413
0.17	-1	0.0426453	0.757475
0.17	-1	0.043565	0.52772
0.17	-1	0.0444476	0.357662
0.17	-1	0.0452961	0.230957
0.17	-1	0.0461129	0.137904
0.17	-1	0.0469003	0.0746859
0.17	-1	0.0476605	0.0341093
0.17	-1	0.0483951	0.0125305
0.17	-1	0.049106	0.00265033
0.17	-1	0.0497945	0.000219382
0.17	-1	0.050462	0
0.17	-0.634788	0	0
0.17	-0.634788	0.00574981	19.944
0.17	-0.634788	0.0103003	26.8658
0.17	-0.634788	0.0140665	26.6434
0.17	-0.634788	0.0172793	25.8446
0.17	-0.634788	0.0200808	23.411
0.17	-0.634788	0.0225645	20.836
0.17	-0.634788	0.0247951	18.0754
0.17	-0.634788	0.0268195	17.4644
0.17	-0.634788	0.0286726	13.9696
0.17	-0.634788	0.0303812	13.1111
0.17	-0.634788	0.0319661	12.5513
0.17	-0.634788	0.0334441	10.7154
0.17	-0.634788	0.0348287	8.90966
0.17	-0.634788	0.036131	6.8357
0.17	-0.634788	0.0373602	5.30201
0.17	-0.634788	0.0385241	4.22718
0.17	-0.634788	0.0396293	3.59782
0.17	-0.634788	0.0406815	2.7377
0.17	-0.634788	0.0416854	1.98615
0.17	-0.634788	0.0426453	1.39739
0.17	-0.634788	0.043565	0.943854
0.17	-0.634788	0.0444476	0.600141
0.17	-0.634788	0.0452961	0.364293
0.17	-0.634788	0.0461129	0.207536
0.17	-0.634788	0.0469003	0.107304
0.17	-0.634788	0.0476605	0.0482705
0.17	-0.634788	0.0483951	0.0175157
0.17	-0.634788	0.049106	0.00385299
0.17	-0.634788	0.0497945	0.000330836
0.17	-0.634788	0.050462	0
0.17	-0.406307	0	0
0.17	-0.406307	0.00574981	21.2002
0.17	-0.406307	0.0103003	28.954
0.17	-0.406307	0.0140665	28.6532
0.17	-0.406307	0.0172793	28.2843
0.17	-0.406307	0.0200808	26.4429
0.17	-0.406307	0.0225645	23.993
0.17	-0.406307	0.0247951	21.42
0.17	-0.406307	0.0268195	21.158
0.17	-0.406307	0.0286726	17.4903
0.17	-0.406307	0.0303812	17.2085
0.17	-0.406307	0.0319661	17.2247
0.17	-0.406307	0.0334441	15.1955
0.17	-0.406307	0.0348287	12.7737
0.17	-0.406307	0.036131	9.8804
0.17	-0.406307	0.0373602	7.55841
0.17	-0.406307	0.0385241	6.13562
0.17	-0.406307	0.0396293	5.60065
0.17	-0.406307	0.0406815	4.44009
0.17	-0.406307	0.0416854	3.29105
0.17	-0.406307	0.0426453	2.45201
0.17	-0.406307	0.043565	1.75573
0.17	-0.406307	0.0444476	1.17669
0.17	-0.406307	0.0452961	0.724597
0.17	-0.406307	0.0461129	0.410349
0.17	-0.406307	0.0469003	0.207296
0.17	-0.406307	0.0476605	0.088597
0.17	-0.406307	0.0483951	0.0301292
0.17	-0.406307	0.049106	0.00577823
0.17	-0.406307	0.0497945	0.000423275
0.17	-0.406307	0.050462	0
0.17	-0.239626	0	0
0.17	-0.239626	0.00574981	22.2411
0.17	-0.239626	0.0103003	30.6205
0.17	-0.239626	0.0140665	30.3905
0.17	-0.239626	0.0172793	30.0763
0.17	-0.239626	0.0200808	28.5979
0.17	-0.239626	0.0225645	26.4868
0.17	-0.239626	0.0247951	24.0116
0.17	-0.239626	0.0268195	24.1786
0.17	-0.239626	0.0286726	20.4623
0.17	-0.239626	0.0303812	20.9
0.17	-0.239626	0.0319661	21.6057
0.17	-0.239626	0.0334441	19.5721
0.17	-0.239626	0.0348287	16.8092
0.17	-0.239626	0.036131	13.2313
0.17	-0.239626	0.0373602	10.1179
0.17	-0.239626	0.0385241	8.28667
0.17	-0.239626	0.0396293	7.83342
0.17	-0.239626	0.0406815	6.39294
0.17	-0.239626	0.0416854	4.83549
0.17	-0.239626	0.0426453	3.77536
0.17	-0.239626	0.043565	2.84388
0.17	-0.239626	0.0444476	2.0473
0.17	-0.239626	0.0452961	1.36072
0.17	-0.239626	0.0461129	0.823962
0.17	-0.239626	0.0469003	0.443117
0.17	-0.239626	0.0476605	0.21206
0.17	-0.239626	0.0483951	0.0839471
0.17	-0.239626	0.049106	0.0218991
0.17	-0.239626	0.0497945	0.00244228
0.17	-0.239626	0.050462	0
0.17	-0.108332	0	0
0.17	-0.108332	0.00574981	23.1796
0.17	-0.108332	0.0103003	32.0109
0.17	-0.108332	0.0140665	32.1054
0.17	-0.108332	0.0172793	31.7137
0.17	-0.108332	0.0200808	30.246
0.17	-0.108332	0.0225645	28.3963
0.17	-0.108332	0.0247951	26.2195
0.17	-0.108332	0.0268195	26.7448
0.17	-0.108332	0.0286726	22.9775
0.17	-0.108332	0.0303812	24.0688
0.17	-0.108332	0.0319661	25.6399
0.17	-0.108332	0.0334441	23.7362
0.17	-0.108332	0.0348287	20.8305
0.17	-0.108332	0.036131	16.6853
0.17	-0.108332	0.0373602	12.9412
0.17	-0.108332	0.0385241	10.7472
0.17	-0.108332	0.0396293	10.4009
0.17	-0.108332	0.0406815	8.55089
0.17	-0.108332	0.0416854	6.54137
0.17	-0.108332	0.0426453	5.29858
0.17	-0.108332	0.043565	4.1436
0.17	-0.108332	0.0444476	3.12673
0.17	-0.108332	0.0452961	2.15116
0.17	-0.108332	0.0461129	1.34825
0.17	-0.108332	0.0469003	0.755139
0.17	-0.108332	0.0476605	0.377947
0.17	-0.108332	0.0483951	0.159113
0.17	-0.108332	0.049106	0.0477729
0.17	-0.108332	0.0497945	0.00644947
0.17	-0.108332	0.050462	0
0.17	-2e-20	0	0
0.17	-2e-20	0.00574981	24.0581
0.17	-2e-20	0.0103003	33.2921
0.17	-2e-20	0.0140665	33.6387
0.17	-2e-20	0.0172793	33.135
0.17	-2e-20	0.0200808	31.6462
0.17	-2e-20	0.0225645	29.9637
0.17	-2e-20	0.0247951	27.9889
0.17	-2e-20	0.0268195	29.045
0.17	-2e-20	0.0286726	25.0413
0.17	-2e-20	0.0303812	26.8722
0.17	-2e-20	0.0319661	29.2082
0.17	-2e-20	0.0334441	27.6749
0.17	-2e-20	0.0348287	24.6762
0.17	-2e-20	0.036131	20.213
0.17	-2e-20	0.0373602	15.8612
0.17	-2e-20	0.0385241	13.4767
0.17	-2e-20	0.0396293	13.3201
0.17	-2e-20	0.0406815	11.0633
0.17	-2e-20	0.0416854	8.4534
0.17	-2e-20	0.0426453	6.9992
0.17	-2e-20	0.043565	5.63551
0.17	-2e-20	0.0444476	4.34924
0.17	-2e-20	0.0452961	3.04961
0.17	-2e-20	0.0461129	1.94862
0.17	-2e-20	0.0469003	1.1016
0.17	-2e-20	0.0476605	0.560471
0.17	-2e-20	0.0483951	0.238165
0.17	-2e-20	0.049106	0.0690789
0.17	-2e-20	0.0497945	0.00824818
0.17	-2e-20	0.050462	0
0.17	0.0922185	0	0
0.17	0.0922185	0.00574981	24.8639
0.17	0.0922185	0.0103003	34.4811
0.17	0.0922185	0.0140665	34.8502
0.17	0.0922185	0.0172793	34.5178
0.17	0.0922185	0.0200808	32.9637
0.17	0.0922185	0.0225645	31.258
0.17	0.0922185	0.0247951	29.5893
0.17	0.0922185	0.0268195	30.8599
0.17	0.0922185	0.0286726	27.0049
0.17	0.0922185	0.0303812	29.2116
0.17	0.0922185	0.0319661	32.4019
0.17	0.0922185	0.0334441	31.2429
0.17	0.0922185	0.0348287	28.368
0.17	0.0922185	0.036131	23.6045
0.17	0.0922185	0.0373602	18.9707
0.17	0.0922185	0.0385241	16.2708
0.17	0.0922185	0.0396293	16.4207
0.17	0.0922185	0.0406815	13.9037
0.17	0.0922185	0.0416854	10.6498
0.17	0.0922185	0.0426453	8.91582
0.17	0.0922185	0.043565	7.22712
0.17	0.0922185	0.0444476	5.69508
0.17	0.0922185	0.0452961	4.03322
0.17	0.0922185	0.0461129	2.60176
0.17	0.0922185	0.0469003	1.48391
0.17	0.0922185	0.0476605	0.763856
0.17	0.0922185	0.0483951	0.330506
0.17	0.0922185	0.049106	0.103215
0.17	0.0922185	0.0497945	0.0140324
0.17	0.0922185	0.050462	0
0.17	0.172502	0	0
0.17	0.172502	0.00574981	25.5987
0.17	0.172502	0.0103003	35.4967
0.17	0.172502	0.0140665	35.9162
0.17	0.172502	0.0172793	35.9139
0.17	0.172502	0.0200808	34.2622
0.17	0.172502	0.0225645	32.6166
0.17	0.172502	0.0247951	30.8621
0.17	0.172502	0.0268195	32.5401
0.17	0.172502	0.0286726	28.5814
0.17	0.172502	0.0303812	31.3447
0.17	0.172502	0.0319661	35.2421
0.17	0.172502	0.0334441	34.4409
0.17	0.172502	0.0348287	31.7535
0.17	0.172502	0.036131	26.9351
0.17	0.172502	0.0373602	21.9372
0.17	0.172502	0.0385241	19.3218
0.17	0.172502	0.0396293	19.6162
0.17	0.172502	0.0406815	16.9076
0.17	0.172502	0.0416854	13.2102
0.17	0.172502	0.0426453	11.0885
0.17	0.172502	0.043565	9.02273
0.17	0.172502	0.0444476	7.09783
0.17	0.172502	0.0452961	5.08188
0.17	0.172502	0.0461129	3.28254
0.17	0.172502	0.0469003	1.87616
0.17	0.172502	0.0476605	0.967032
0.17	0.172502	0.0483951	0.418212
0.17	0.172502	0.049106	0.124786
0.17	0.172502	0.0497945	0.0156475
0.17	0.172502	0.050462	0
0.17	0.243589	0	0
0.17	0.243589	0.00574981	26.2733
0.17	0.243589	0.0103003	36.3907
0.17	0.243589	0.0140665	36.8504
0.17	0.243589	0.0172793	37.0661
0.17	0.243589	0.0200808	35.6224
0.17	0.243589	0.0225645	33.8965
0.17	0.243589	0.0247951	31.8932
0.17	0.243589	0.0268195	34.0176
0.17	0.243589	0.0286726	29.8451
0.17	0.243589	0.0303812	33.1962
0.17	0.243589	0.0319661	37.7423
0.17	0.243589	0.0334441	37.3078
0.17	0.243589	0.0348287	34.7832
0.17	0.243589	0.036131	30.055
0.17	0.243589	0.0373602	24.8437
0.17	0.243589	0.0385241	22.2328
0.17	0.243589	0.0396293	23.1215
0.17	0.243589	0.0406815	20.0242
0.17	0.243589	0.0416854	15.9547
0.17	0.243589	0.0426453	13.6244
0.17	0.243589	0.043565	11.0284
0.17	0.243589	0.0444476	8.65372
0.17	0.243589	0.0452961	6.16905
0.17	0.243589	0.0461129	4.02139
0.17	0.243589	0.0469003	2.31297
0.17	0.243589	0.0476605	1.20098
0.17	0.243589	0.0483951	0.52493
0.17	0.243589	0.049106	0.163653
0.17	0.243589	0.0497945	0.0225183
0.17	0.243589	0.050462	0
0.17	0.307372	0	0
0.17	0.307372	0.00574981	26.9041
0.17	0.307372	0.0103003	37.2163
0.17	0.307372	0.0140665	37.8681
0.17	0.307372	0.0172793	38.2004
0.17	0.307372	0.0200808	37.0717
0.17	0.307372	0.0225645	35.0606
0.17	0.307372	0.0247951	33.0108
0.17	0.307372	0.0268195	35.2261
0.17	0.307372	0.0286726	31.0344
0.17	0.307372	0.0303812	34.7089
0.17	0.307372	0.0319661	39.944
0.17	0.307372	0.0334441	39.8282
0.17	0.307372	0.0348287	37.5729
0.17	0.307372	0.036131	32.8046
0.17	0.307372	0.0373602	27.6459
0.17	0.307372	0.0385241	25.0895
0.17	0.307372	0.0396293	26.5131
0.17	0.307372	0.0406815	23.4917
0.17	0.307372	0.0416854	18.8366
0.17	0.307372	0.0426453	16.3899
0.17	0.307372	0.043565	13.388
0.17	0.307372	0.0444476	10.374
0.17	0.307372	0.0452961	7.33779
0.17	0.307372	0.0461129	4.75732
0.17	0.307372	0.0469003	2.7431
0.17	0.307372	0.0476605	1.43441
0.17	0.307372	0.0483951	0.62845
0.17	0.307372	0.049106	0.195039
0.17	0.307372	0.0497945	0.025779
0.17	0.307372	0.050462	0
0.17	0.365212	0	0
0.17	0.365212	0.00574981	27.4866
0.17	0.365212	0.0103003	37.9933
0.17	0.365212	0.0140665	38.8145
0.17	0.365212	0.0172793	39.2825
0.17	0.365212	0.0200808	38.4056
0.17	0.365212	0.0225645	36.2959
0.17	0.365212	0.0247951	34.0257
0.17	0.365212	0.0268195	36.3232
0.17	0.365212	0.0286726	32.0136
0.17	0.365212	0.0303812	35.9856
0.17	0.365212	0.0319661	41.8258
0.17	0.365212	0.0334441	42.092
0.17	0.365212	0.0348287	40.0855
0.17	0.365212	0.036131	35.3756
0.17	0.365212	0.0373602	30.1183
0.17	0.365212	0.0385241	27.93
0.17	0.365212	0.0396293	29.8519
0.17	0.365212	0.0406815	26.9163
0.17	0.365212	0.0416854	22.0837
0.17	0.365212	0.0426453	19.2733
0.17	0.365212	0.043565	15.9321
0.17	0.365212	0.0444476	12.3501
0.17	0.365212	0.0452961	8.63294
0.17	0.365212	0.0461129	5.52285
0.17	0.365212	0.0469003	3.17999
0.17	0.365212	0.0476605	1.67285
0.17	0.365212	0.0483951	0.73932
0.17	0.365212	0.049106	0.230068
0.17	0.365212	0.0497945	0.0309366
0.17	0.365212	0.050462	0
0.17	0.418124	0	0
0.17	0.418124	0.00574981	28.0288
0.17	0.418124	0.0103003	38.7834
0.17	0.418124	0.0140665	39.6585
0.17	0.418124	0.0172793	40.3231
0.17	0.418124	0.0200808	39.5707
0.17	0.418124	0.0225645	37.5244
0.17	0.418124	0.0247951	34.974
0.17	0.418124	0.0268195	37.4899
0.17	0.418124	0.0286726	32.7959
0.17	0.418124	0.0303812	37.0547
0.17	0.418124	0.0319661	43.2153
0.17	0.418124	0.0334441	44.1137
0.17	0.418124	0.0348287	42.3296
0.17	0.418124	0.036131	37.7083
0.17	0.418124	0.0373602	32.4175
0.17	0.418124	0.0385241	30.4804
0.17	0.418124	0.0396293	33.2545
0.17	0.418124	0.0406815	30.2861
0.17	0.418124	0.0416854	25.3883
0.17	0.418124	0.0426453	22.4623
0.17	0.418124	0.043565	18.5686
0.17	0.418124	0.0444476	14.5836
0.17	0.418124	0.0452961	10.1609
0.17	0.418124	0.0461129	6.38183
0.17	0.418124	0.0469003	3.60419
0.17	0.418124	0.0476605	1.90156
0.17	0.418124	0.0483951	0.843811
0.17	0.418124	0.049106	0.2664
0.17	0.418124	0.0497945	0.0361712
0.17	0.418124	0.050462	0
0.17	0.466881	0	0
0.17	0.466881	0.00574981	28.5602
0.17	0.466881	0.0103003	39.537
0.17	0.466881	0.0140665	40.6045
0.17	0.466881	0.0172793	41.4183
0.17	0.466881	0.0200808	40.6861
0.17	0.466881	0.0225645	38.7316
0.17	0.466881	0.0247951	36.0806
0.17	0.466881	0.0268195	38.6032
0.17	0.466881	0.0286726	33.6002
0.17	0.466881	0.0303812	37.8692
0.17	0.466881	0.0319661	44.5018
0.17	0.466881	0.0334441	45.7088
0.17	0.466881	0.0348287	44.3275
0.17	0.466881	0.036131	39.7505
0.17	0.466881	0.0373602	34.456
0.17	0.466881	0.0385241	32.7961
0.17	0.466881	0.0396293	36.4419
0.17	0.466881	0.0406815	33.7553
0.17	0.466881	0.0416854	28.6989
0.17	0.466881	0.0426453	25.8067
0.17	0.466881	0.043565	21.499
0.17	0.466881	0.0444476	16.8835
0.17	0.466881	0.0452961	11.8823
0.17	0.466881	0.0461129	7.43102
0.17	0.466881	0.0469003	4.07761
0.17	0.466881	0.0476605	2.10339
0.17	0.466881	0.0483951	0.935404
0.17	0.466881	0.049106	0.29548
0.17	0.466881	0.0497945	0.0401448
0.17	0.466881	0.050462	0
0.17	0.512089	0	0
0.17	0.512089	0.00574981	29.0774
0.17	0.512089	0.0103003	40.2513
0.17	0.512089	0.0140665	41.475
0.17	0.512089	0.0172793	42.4413
0.17	0.512089	0.0200808	41.6521
0.17	0.512089	0.0225645	39.7874
0.17	0.512089	0.0247951	37.0946
0.17	0.512089	0.0268195	39.6424
0.17	0.512089	0.0286726	34.4472
0.17	0.512089	0.0303812	38.4402
0.17	0.512089	0.0319661	45.4152
0.17	0.512089	0.0334441	46.8917
0.17	0.512089	0.0348287	46.0606
0.17	0.512089	0.036131	41.5376
0.17	0.512089	0.0373602	36.3337
0.17	0.512089	0.0385241	34.884
0.17	0.512089	0.0396293	39.3737
0.17	0.512089	0.0406815	37.0852
0.17	0.512089	0.0416854	32.07
0.17	0.512089	0.0426453	29.1935
0.17	0.512089	0.043565	24.6755
0.17	0.512089	0.0444476	19.3296
0.17	0.512089	0.0452961	13.7442
0.17	0.512089	0.0461129	8.65871
0.17	0.512089	0.0469003	4.70876
0.17	0.512089	0.0476605	2.32247
0.17	0.512089	0.0483951	1.01292
0.17	0.512089	0.049106	0.318512
0.17	0.512089	0.0497945	0.0430082
0.17	0.512089	0.050462	0
0.17	0.55423	0	0
0.17	0.55423	0.00574981	29.571
0.17	0.55423	0.0103003	40.9417
0.17	0.55423	0.0140665	42.3482
0.17	0.55423	0.0172793	43.3645
0.17	0.55423	0.0200808	42.6013
0.17	0.55423	0.0225645	40.7756
0.17	0.55423	0.0247951	38.1372
0.17	0.55423	0.0268195	40.8977
0.17	0.55423	0.0286726	35.1597
0.17	0.55423	0.0303812	38.8918
0.17	0.55423	0.0319661	46.077
0.17	0.55423	0.0334441	47.8974
0.17	0.55423	0.0348287	47.3105
0.17	0.55423	0.036131	43.1839
0.17	0.55423	0.0373602	37.8702
0.17	0.55423	0.0385241	36.9281
0.17	0.55423	0.0396293	42.1615
0.17	0.55423	0.0406815	40.2181
0.17	0.55423	0.0416854	35.4111
0.17	0.55423	0.0426453	32.5723
0.17	0.55423	0.043565	27.9016
0.17	0.55423	0.0444476	22.0366
0.17	0.55423	0.0452961	15.7625
0.17	0.55423	0.0461129	10.1091
0.17	0.55423	0.0469003	5.53691
0.17	0.55423	0.0476605	2.64883
0.17	0.55423	0.0483951	1.08616
0.17	0.55423	0.049106	0.340105
0.17	0.55423	0.0497945	0.0458927
0.17	0.55423	0.050462	0
0.17	0.593693	0	0
0.17	0.593693	0.00574981	30.041
0.17	0.593693	0.0103003	41.6031
0.17	0.593693	0.0140665	43.2878
0.17	0.593693	0.0172793	44.2706
0.17	0.593693	0.0200808	43.5756
0.17	0.593693	0.0225645	41.6805
0.17	0.593693	0.0247951	39.1303
0.17	0.593693	0.0268195	42.1163
0.17	0.593693	0.0286726	35.8678
0.17	0.593693	0.0303812	39.31
0.17	0.593693	0.0319661	46.405
0.17	0.593693	0.0334441	48.5732
0.17	0.593693	0.0348287	48.2306
0.17	0.593693	0.036131	44.4554
0.17	0.593693	0.0373602	39.335
0.17	0.593693	0.0385241	38.6475
0.17	0.593693	0.0396293	44.8133
0.17	0.593693	0.0406815	43.1944
0.17	0.593693	0.0416854	38.6144
0.17	0.593693	0.0426453	36.0396
0.17	0.593693	0.043565	31.1372
0.17	0.593693	0.0444476	24.943
0.17	0.593693	0.0452961	17.9947
0.17	0.593693	0.0461129	11.7421
0.17	0.593693	0.0469003	6.62965
0.17	0.593693	0.0476605	3.14917
0.17	0.593693	0.0483951	1.21777
0.17	0.593693	0.049106	0.3628
0.17	0.593693	0.0497945	0.048923
0.17	0.593693	0.050462	0
0.17	0.630798	0	0
0.17	0.630798	0.00574981	30.4896
0.17	0.630798	0.0103003	42.328
0.17	0.630798	0.0140665	44.1853
0.17	0.630798	0.0172793	45.1214
0.17	0.630798	0.0200808	44.4949
0.17	0.630798	0.0225645	42.541
0.17	0.630798	0.0247951	40.0128
0.17	0.630798	0.0268195	43.3256
0.17	0.630798	0.0286726	36.7225
0.17	0.630798	0.0303812	39.4994
0.17	0.630798	0.0319661	46.5252
0.17	0.630798	0.0334441	48.9369
0.17	0.630798	0.0348287	48.8218
0.17	0.630798	0.036131	45.1915
0.17	0.630798	0.0373602	40.5589
0.17	0.630798	0.0385241	40.1417
0.17	0.630798	0.0396293	47.3002
0.17	0.630798	0.0406815	45.9592
0.17	0.630798	0.0416854	41.6459
0.17	0.630798	0.0426453	39.3783
0.17	0.630798	0.043565	34.4949
0.17	0.630798	0.0444476	27.8676
0.17	0.630798	0.0452961	20.5421
0.17	0.630798	0.0461129	13.5751
0.17	0.630798	0.0469003	7.94804
0.17	0.630798	0.0476605	3.9118
0.17	0.630798	0.0483951	1.4632
0.17	0.630798	0.049106	0.391015
0.17	0.630798	0.0497945	0.0522836
0.17	0.630798	0.050462	0
0.17	0.665812	0	0
0.17	0.665812	0.00574981	30.925
0.17	0.665812	0.0103003	43.0388
0.17	0.665812	0.0140665	45.0557
0.17	0.665812	0.0172793	45.8869
0.17	0.665812	0.0200808	45.3199
0.17	0.665812	0.0225645	43.3641
0.17	0.665812	0.0247951	40.9627
0.17	0.665812	0.0268195	44.4719
0.17	0.665812	0.0286726	37.4542
0.17	0.665812	0.0303812	39.8455
0.17	0.665812	0.0319661	46.3967
0.17	0.665812	0.0334441	48.8981
0.17	0.665812	0.0348287	49.2799
0.17	0.665812	0.036131	45.7144
0.17	0.665812	0.0373602	41.3207
0.17	0.665812	0.0385241	41.5095
0.17	0.665812	0.0396293	49.3908
0.17	0.665812	0.0406815	48.7372
0.17	0.665812	0.0416854	44.4631
0.17	0.665812	0.0426453	42.56
0.17	0.665812	0.043565	37.7415
0.17	0.665812	0.0444476	30.8395
0.17	0.665812	0.0452961	23.2466
0.17	0.665812	0.0461129	15.7528
0.17	0.665812	0.0469003	9.47875
0.17	0.665812	0.0476605	4.93032
0.17	0.665812	0.0483951	1.91269
0.17	0.665812	0.049106	0.470046
0.17	0.665812	0.0497945	0.0556779
0.17	0.665812	0.050462	0
0.17	0.698958	0	0
0.17	0.698958	0.00574981	31.3374
0.17	0.698958	0.0103003	43.7739
0.17	0.698958	0.0140665	45.8941
0.17	0.698958	0.0172793	46.7249
0.17	0.698958	0.0200808	46.1439
0.17	0.698958	0.0225645	44.2258
0.17	0.698958	0.0247951	41.8476
0.17	0.698958	0.0268195	45.5326
0.17	0.698958	0.0286726	38.2724
0.17	0.698958	0.0303812	40.2742
0.17	0.698958	0.0319661	46.2359
0.17	0.698958	0.0334441	48.5755
0.17	0.698958	0.0348287	49.3332
0.17	0.698958	0.036131	45.9054
0.17	0.698958	0.0373602	41.6124
0.17	0.698958	0.0385241	42.6409
0.17	0.698958	0.0396293	51.5523
0.17	0.698958	0.0406815	51.1598
0.17	0.698958	0.0416854	47.287
0.17	0.698958	0.0426453	45.5311
0.17	0.698958	0.043565	40.9451
0.17	0.698958	0.0444476	33.8376
0.17	0.698958	0.0452961	26.0144
0.17	0.698958	0.0461129	18.1993
0.17	0.698958	0.0469003	11.3052
0.17	0.698958	0.0476605	6.18591
0.17	0.698958	0.0483951	2.6024
0.17	0.698958	0.049106	0.652196
0.17	0.698958	0.0497945	0.060305
0.17	0.698958	0.050462	0
0.17	0.730425	0	0
0.17	0.730425	0.00574981	31.7329
0.17	0.730425	0.0103003	44.5052
0.17	0.730425	0.0140665	46.7177
0.17	0.730425	0.0172793	47.5622
0.17	0.730425	0.0200808	46.8985
0.17	0.730425	0.0225645	45.0648
0.17	0.730425	0.0247951	42.6472
0.17	0.730425	0.0268195	46.5698
0.17	0.730425	0.0286726	39.0534
0.17	0.730425	0.0303812	40.52
0.17	0.730425	0.0319661	46.1682
0.17	0.730425	0.0334441	48.049
0.17	0.730425	0.0348287	48.8591
0.17	0.730425	0.036131	45.9818
0.17	0.730425	0.0373602	41.6248
0.17	0.730425	0.0385241	43.1736
0.17	0.730425	0.0396293	53.4715
0.17	0.730425	0.0406815	53.4394
0.17	0.730425	0.0416854	49.8082
0.17	0.730425	0.0426453	48.3488
0.17	0.730425	0.043565	43.9277
0.17	0.730425	0.0444476	36.8943
0.17	0.730425	0.0452961	28.963
0.17	0.730425	0.0461129	20.8131
0.17	0.730425	0.0469003	13.4872
0.17	0.730425	0.0476605	7.72319
0.17	0.730425	0.0483951	3.54425
0.17	0.730425	0.049106	1.01255
0.17	0.730425	0.0497945	0.0931556
0.17	0.730425	0.050462	0
0.17	0.760374	0	0
0.17	0.760374	0.00574981	32.1143
0.17	0.760374	0.0103003	45.2003
0.17	0.760374	0.0140665	47.5574
0.17	0.760374	0.0172793	48.388
0.17	0.760374	0.0200808	47.6108
0.17	0.760374	0.0225645	45.9075
0.17	0.760374	0.0247951	43.443
0.17	0.760374	0.0268195	47.5301
0.17	0.760374	0.0286726	39.792
0.17	0.760374	0.0303812	40.7699
0.17	0.760374	0.0319661	45.96
0.17	0.760374	0.0334441	47.6464
0.17	0.760374	0.0348287	48.1529
0.17	0.760374	0.036131	45.5187
0.17	0.760374	0.0373602	41.5991
0.17	0.760374	0.0385241	43.3186
0.17	0.760374	0.0396293	54.932
0.17	0.760374	0.0406815	55.5633
0.17	0.760374	0.0416854	52.0125
0.17	0.760374	0.0426453	51.1185
0.17	0.760374	0.043565	46.6462
0.17	0.760374	0.0444476	39.8386
0.17	0.760374	0.0452961	31.9591
0.17	0.760374	0.0461129	23.6315
0.17	0.760374	0.0469003	16.0123
0.17	0.760374	0.0476605	9.6056
0.17	0.760374	0.0483951	4.77119
0.17	0.760374	0.049106	1.59866
0.17	0.760374	0.0497945	0.195288
0.17	0.760374	0.050462	0
0.17	0.788947	0	0
0.17	0.788947	0.00574981	32.4843
0.17	0.788947	0.0103003	45.8589
0.17	0.788947	0.0140665	48.4021
0.17	0.788947	0.0172793	49.1898
0.17	0.788947	0.0200808	48.3688
0.17	0.788947	0.0225645	46.7383
0.17	0.788947	0.0247951	44.1744
0.17	0.788947	0.0268195	48.4439
0.17	0.788947	0.0286726	40.5615
0.17	0.788947	0.0303812	41.1345
0.17	0.788947	0.0319661	45.4751
0.17	0.788947	0.0334441	47.1801
0.17	0.788947	0.0348287	47.5217
0.17	0.788947	0.036131	44.5518
0.17	0.788947	0.0373602	41.253
0.17	0.788947	0.0385241	43.126
0.17	0.788947	0.0396293	55.7222
0.17	0.788947	0.0406815	57.4821
0.17	0.788947	0.0416854	54.2334
0.17	0.788947	0.0426453	53.5169
0.17	0.788947	0.043565	49.5189
0.17	0.788947	0.0444476	42.5282
0.17	0.788947	0.0452961	34.9543
0.17	0.788947	0.0461129	26.541
0.17	0.788947	0.0469003	18.7534
0.17	0.788947	0.0476605	11.9102
0.17	0.788947	0.0483951	6.28855
0.17	0.788947	0.049106	2.43783
0.17	0.788947	0.0497945	0.405826
0.17	0.788947	0.050462	0
0.17	0.816262	0	0
0.17	0.816262	0.00574981	32.866
0.17	0.816262	0.0103003	46.505
0.17	0.816262	0.0140665	49.2266
0.17	0.816262	0.0172793	49.9725
0.17	0.816262	0.0200808	49.2283
0.17	0.816262	0.0225645	47.4877
0.17	0.816262	0.0247951	44.8052
0.17	0.816262	0.0268195	49.3792
0.17	0.816262	0.0286726	41.2906
0.17	0.816262	0.0303812	41.4434
0.17	0.816262	0.0319661	45.2727
0.17	0.816262	0.0334441	46.3274
0.17	0.816262	0.0348287	46.8669
0.17	0.816262	0.036131	43.7175
0.17	0.816262	0.0373602	40.2685
0.17	0.816262	0.0385241	43.113
0.17	0.816262	0.0396293	56.1466
0.17	0.816262	0.0406815	58.703
0.17	0.816262	0.0416854	56.1825
0.17	0.816262	0.0426453	55.8837
0.17	0.816262	0.043565	51.9726
0.17	0.816262	0.0444476	45.2234
0.17	0.816262	0.0452961	37.7512
0.17	0.816262	0.0461129	29.6125
0.17	0.816262	0.0469003	21.7208
0.17	0.816262	0.0476605	14.5666
0.17	0.816262	0.0483951	8.18624
0.17	0.816262	0.049106	3.49071
0.17	0.816262	0.0497945	0.683455
0.17	0.816262	0.050462	0
0.17	0.842428	0	0
0.17	0.842428	0.00574981	33.2673
0.17	0.842428	0.0103003	47.1362
0.17	0.842428	0.0140665	50.0131
0.17	0.842428	0.0172793	50.7999
0.17	0.842428	0.0200808	50.1204
0.17	0.842428	0.0225645	48.199
0.17	0.842428	0.0247951	45.461
0.17	0.842428	0.0268195	50.3483
0.17	0.842428	0.0286726	41.9324
0.17	0.842428	0.0303812	41.6891
0.17	0.842428	0.0319661	45.1239
0.17	0.842428	0.0334441	45.3721
0.17	0.842428	0.0348287	45.9667
0.17	0.842428	0.036131	42.7934
0.17	0.842428	0.0373602	39.2623
0.17	0.842428	0.0385241	42.3659
0.17	0.842428	0.0396293	56.4931
0.17	0.842428	0.0406815	59.295
0.17	0.842428	0.0416854	57.6277
0.17	0.842428	0.0426453	58.0212
0.17	0.842428	0.043565	54.2939
0.17	0.842428	0.0444476	47.7085
0.17	0.842428	0.0452961	40.4308
0.17	0.842428	0.0461129	32.5542
0.17	0.842428	0.0469003	24.9314
0.17	0.842428	0.0476605	17.5552
0.17	0.842428	0.0483951	10.5685
0.17	0.842428	0.049106	4.78173
0.17	0.842428	0.0497945	1.03611
0.17	0.842428	0.050462	0
0.17	0.867536	0	0
0.17	0.867536	0.00574981	33.6514
0.17	0.867536	0.0103003	47.7366
0.17	0.867536	0.0140665	50.8081
0.17	0.867536	0.0172793	51.6186
0.17	0.867536	0.0200808	50.9835
0.17	0.867536	0.0225645	48.9316
0.17	0.867536	0.0247951	46.0296
0.17	0.867536	0.0268195	51.202
0.17	0.867536	0.0286726	42.5626
0.17	0.867536	0.0303812	41.9289
0.17	0.867536	0.0319661	44.8233
0.17	0.867536	0.0334441	45.0427
0.17	0.867536	0.0348287	44.6557
0.17	0.867536	0.036131	41.7416
0.17	0.867536	0.0373602	38.129
0.17	0.867536	0.0385241	41.2262
0.17	0.867536	0.0396293	56.3609
0.17	0.867536	0.0406815	59.4387
0.17	0.867536	0.0416854	58.2271
0.17	0.867536	0.0426453	59.8782
0.17	0.867536	0.043565	56.5384
0.17	0.867536	0.0444476	50.2062
0.17	0.867536	0.0452961	43.137
0.17	0.867536	0.0461129	35.3535
0.17	0.867536	0.0469003	28.1408
0.17	0.867536	0.0476605	20.9014
0.17	0.867536	0.0483951	13.3836
0.17	0.867536	0.049106	6.36536
0.17	0.867536	0.0497945	1.4115
0.17	0.867536	0.050462	0
0.17	0.891668	0	0
0.17	0.891668	0.00574981	34.0346
0.17	0.891668	0.0103003	48.3354
0.17	0.891668	0.0140665	51.5858
0.17	0.891668	0.0172793	52.4896
0.17	0.891668	0.0200808	51.8515
0.17	0.891668	0.0225645	49.6389
0.17	0.891668	0.0247951	46.6197
0.17	0.891668	0.0268195	52.025
0.17	0.891668	0.0286726	43.1328
0.17	0.891668	0.0303812	41.9763
0.17	0.891668	0.0319661	44.4402
0.17	0.891668	0.0334441	44.3909
0.17	0.891668	0.0348287	43.9856
0.17	0.891668	0.036131	40.3015
0.17	0.891668	0.0373602	37.0343
0.17	0.891668	0.0385241	39.9928
0.17	0.891668	0.0396293	55.5264
0.17	0.891668	0.0406815	59.5279
0.17	0.891668	0.0416854	58.346
0.17	0.891668	0.0426453	61.0598
0.17	0.891668	0.043565	58.6231
0.17	0.891668	0.0444476	52.341
0.17	0.891668	0.0452961	45.7633
0.17	0.891668	0.0461129	38.1453
0.17	0.891668	0.0469003	31.3469
0.17	0.891668	0.0476605	24.5304
0.17	0.891668	0.0483951	16.5844
0.17	0.891668	0.049106	8.32924
0.17	0.891668	0.0497945	1.81513
0.17	0.891668	0.050462	0
0.17	0.914898	0	0
0.17	0.914898	0.00574981	34.4119
0.17	0.914898	0.0103003	48.9146
0.17	0.914898	0.0140665	52.3307
0.17	0.914898	0.0172793	53.4288
0.17	0.914898	0.0200808	52.7495
0.17	0.914898	0.0225645	50.3391
0.17	0.914898	0.0247951	47.2922
0.17	0.914898	0.0268195	52.6438
0.17	0.914898	0.0286726	43.6255
0.17	0.914898	0.0303812	42.0397
0.17	0.914898	0.0319661	43.8857
0.17	0.914898	0.0334441	43.7238
0.17	0.914898	0.0348287	43.1543
0.17	0.914898	0.036131	39.0764
0.17	0.914898	0.0373602	35.6274
0.17	0.914898	0.0385241	38.6248
0.17	0.914898	0.0396293	54.1437
0.17	0.914898	0.0406815	58.7539
0.17	0.914898	0.0416854	57.9618
0.17	0.914898	0.0426453	61.602
0.17	0.914898	0.043565	60.1683
0.17	0.914898	0.0444476	54.4524
0.17	0.914898	0.0452961	47.9636
0.17	0.914898	0.0461129	40.7883
0.17	0.914898	0.0469003	34.3795
0.17	0.914898	0.0476605	28.3157
0.17	0.914898	0.0483951	20.3022
0.17	0.914898	0.049106	10.632
0.17	0.914898	0.0497945	2.25906
0.17	0.914898	0.050462	0
0.17	0.937291	0	0
0.17	0.937291	0.00574981	34.7681
0.17	0.937291	0.0103003	49.473
0.17	0.937291	0.0140665	53.0624
0.17	0.937291	0.0172793	54.3198
0.17	0.937291	0.0200808	53.6225
0.17	0.937291	0.0225645	51.0751
0.17	0.937291	0.0247951	47.9382
0.17	0.937291	0.0268195	53.2056
0.17	0.937291	0.0286726	44.0614
0.17	0.937291	0.0303812	41.9304
0.17	0.937291	0.0319661	43.2151
0.17	0.937291	0.0334441	42.802
0.17	0.937291	0.0348287	42.4037
0.17	0.937291	0.036131	38.0679
0.17	0.937291	0.0373602	34.173
0.17	0.937291	0.0385241	36.9347
0.17	0.937291	0.0396293	52.3014
0.17	0.937291	0.0406815	57.0171
0.17	0.937291	0.0416854	57.0014
0.17	0.937291	0.0426453	61.4734
0.17	0.937291	0.043565	61.0421
0.17	0.937291	0.0444476	56.0377
0.17	0.937291	0.0452961	50.0311
0.17	0.937291	0.0461129	43.2879
0.17	0.937291	0.0469003	37.2675
0.17	0.937291	0.0476605	31.9246
0.17	0.937291	0.0483951	24.3898
0.17	0.937291	0.049106	13.4028
0.17	0.937291	0.0497945	2.89734
0.17	0.937291	0.050462	0
0.17	0.958905	0	0
0.17	0.958905	0.00574981	35.1126
0.17	0.958905	0.0103003	50.0136
0.17	0.958905	0.0140665	53.8342
0.17	0.958905	0.0172793	55.2107
0.17	0.958905	0.0200808	54.478
0.17	0.958905	0.0225645	51.8891
0.17	0.958905	0.0247951	48.5873
0.17	0.958905	0.0268195	53.8018
0.17	0.958905	0.0286726	44.3538
0.17	0.958905	0.0303812	41.6803
0.17	0.958905	0.0319661	42.4547
0.17	0.958905	0.0334441	41.6378
0.17	0.958905	0.0348287	41.4099
0.17	0.958905	0.036131	37.127
0.17	0.958905	0.0373602	32.9255
0.17	0.958905	0.0385241	35.3439
0.17	0.958905	0.0396293	50.1759
0.17	0.958905	0.0406815	54.8041
0.17	0.958905	0.0416854	54.9784
0.17	0.958905	0.0426453	60.692
0.17	0.958905	0.043565	61.1288
0.17	0.958905	0.0444476	57.2827
0.17	0.958905	0.0452961	51.7704
0.17	0.958905	0.0461129	45.3421
0.17	0.958905	0.0469003	40.2952
0.17	0.958905	0.0476605	35.546
0.17	0.958905	0.0483951	28.6689
0.17	0.958905	0.049106	16.7938
0.17	0.958905	0.0497945	3.75337
0.17	0.958905	0.050462	0
0.17	0.979792	0	0
0.17	0.979792	0.00574981	35.4733
0.17	0.979792	0.0103003	50.5551
0.17	0.979792	0.0140665	54.5975
0.17	0.979792	0.0172793	56.0799
0.17	0.979792	0.0200808	55.3041
0.17	0.979792	0.0225645	52.7507
0.17	0.979792	0.0247951	49.2989
0.17	0.979792	0.0268195	54.243
0.17	0.979792	0.0286726	44.7209
0.17	0.979792	0.0303812	41.4602
0.17	0.979792	0.0319661	41.4607
0.17	0.979792	0.0334441	40.4277
0.17	0.979792	0.0348287	39.9942
0.17	0.979792	0.036131	35.9327
0.17	0.979792	0.0373602	31.9628
0.17	0.979792	0.0385241	33.7156
0.17	0.979792	0.0396293	48.2409
0.17	0.979792	0.0406815	52.3004
0.17	0.979792	0.0416854	52.2837
0.17	0.979792	0.0426453	59.2353
0.17	0.979792	0.043565	60.7737
0.17	0.979792	0.0444476	57.4738
0.17	0.979792	0.0452961	52.9366
0.17	0.979792	0.0461129	47.0704
0.17	0.979792	0.0469003	42.6463
0.17	0.979792	0.0476605	39.1299
0.17	0.979792	0.0483951	32.979
0.17	0.979792	0.049106	20.5209
0.17	0.979792	0.0497945	4.77361
0.17	0.979792	0.050462	0
0.17	1	0	0
0.17	1	0.00574981	35.83
0.17	1	0.0103003	51.1473
0.17	1	0.0140665	55.4254
0.17	1	0.0172793	56.8446
0.17	1	0.0200808	56.037
0.17	1	0.0225645	53.6666
0.17	1	0.0247951	49.9148
0.17	1	0.0268195	54.7321
0.17	1	0.0286726	45.0034
0.17	1	0.0303812	41.3548
0.17	1	0.0319661	40.8287
0.17	1	0.0334441	39.2316
0.17	1	0.0348287	38.7269
0.17	1	0.036131	33.9785
0.17	1	0.0373602	30.6812
0.17	1	0.0385241	32.336
0.17	1	0.0396293	45.0539
0.17	1	0.0406815	49.8673
0.17	1	0.0416854	49.7111
0.17	1	0.0426453	56.6808
0.17	1	0.043565	59.2396
0.17	1	0.0444476	57.1142
0.17	1	0.0452961	52.8642
0.17	1	0.0461129	48.3668
0.17	1	0.0469003	44.6414
0.17	1	0.0476605	42.4607
0.17	1	0.0483951	37.3832
0.17	1	0.049106	24.4434
0.17	1	0.0497945	6.06223
0.17	1	0.050462	0
