0.1175     -1     0      0
0.1175     -1     0.0131157      6.32336
0.1175     -1     0.0234956      22.8752
0.1175     -1     0.0320865      44.5041
0.1175     -1     0.0394152      63.4666
0.1175     -1     0.0458057      82.4545
0.1175     -1     0.051471      96.8148
0.1175     -1     0.0565592      107.506
0.1175     -1     0.0611769      113.242
0.1175     -1     0.065404      123.824
0.1175     -1     0.0693013      115.03
0.1175     -1     0.0729167      112.426
0.1175     -1     0.0762881      107.812
0.1175     -1     0.0794464      101.823
0.1175     -1     0.082417      94.4053
0.1175     -1     0.0852209      116.067
0.1175     -1     0.0878759      94.964
0.1175     -1     0.090397      77.6546
0.1175     -1     0.092797      64.6106
0.1175     -1     0.095087      52.798
0.1175     -1     0.0972767      61.5658
0.1175     -1     0.0993745      40.003
0.1175     -1     0.101388      25.7929
0.1175     -1     0.103323      22.8319
0.1175     -1     0.105186      13.415
0.1175     -1     0.106983      8.3927
0.1175     -1     0.108717      4.12702
0.1175     -1     0.110392      1.78656
0.1175     -1     0.112014      0.56447
0.1175     -1     0.113584      0.0781536
0.1175     -1     0.115107      4.5104e-06
0.1175     -0.634788     0      0
0.1175     -0.634788     0.0131157      6.34329
0.1175     -0.634788     0.0234956      23.7236
0.1175     -0.634788     0.0320865      48.5203
0.1175     -0.634788     0.0394152      72.7109
0.1175     -0.634788     0.0458057      96.7231
0.1175     -0.634788     0.051471      116.858
0.1175     -0.634788     0.0565592      135.571
0.1175     -0.634788     0.0611769      147.419
0.1175     -0.634788     0.065404      160.328
0.1175     -0.634788     0.0693013      149.498
0.1175     -0.634788     0.0729167      141.891
0.1175     -0.634788     0.0762881      133.185
0.1175     -0.634788     0.0794464      123.515
0.1175     -0.634788     0.082417      113.955
0.1175     -0.634788     0.0852209      140.562
0.1175     -0.634788     0.0878759      116.46
0.1175     -0.634788     0.090397      95.8802
0.1175     -0.634788     0.092797      81.2517
0.1175     -0.634788     0.095087      67.218
0.1175     -0.634788     0.0972767      80.9843
0.1175     -0.634788     0.0993745      54.1442
0.1175     -0.634788     0.101388      35.4022
0.1175     -0.634788     0.103323      30.1631
0.1175     -0.634788     0.105186      17.4758
0.1175     -0.634788     0.106983      11.1612
0.1175     -0.634788     0.108717      5.51927
0.1175     -0.634788     0.110392      2.39735
0.1175     -0.634788     0.112014      0.746425
0.1175     -0.634788     0.113584      0.102295
0.1175     -0.634788     0.115107      6.06655e-06
0.1175     -0.406307     0      0
0.1175     -0.406307     0.0131157      6.36318
0.1175     -0.406307     0.0234956      24.3401
0.1175     -0.406307     0.0320865      50.769
0.1175     -0.406307     0.0394152      78.2031
0.1175     -0.406307     0.0458057      107.329
0.1175     -0.406307     0.051471      131.866
0.1175     -0.406307     0.0565592      155.228
0.1175     -0.406307     0.0611769      170.742
0.1175     -0.406307     0.065404      186.975
0.1175     -0.406307     0.0693013      179.553
0.1175     -0.406307     0.0729167      171.14
0.1175     -0.406307     0.0762881      160.391
0.1175     -0.406307     0.0794464      148.245
0.1175     -0.406307     0.082417      134.6
0.1175     -0.406307     0.0852209      161.384
0.1175     -0.406307     0.0878759      133.656
0.1175     -0.406307     0.090397      110.696
0.1175     -0.406307     0.092797      94.2923
0.1175     -0.406307     0.095087      79.4162
0.1175     -0.406307     0.0972767      96.2091
0.1175     -0.406307     0.0993745      65.8122
0.1175     -0.406307     0.101388      45.1987
0.1175     -0.406307     0.103323      38.669
0.1175     -0.406307     0.105186      22.1081
0.1175     -0.406307     0.106983      13.4333
0.1175     -0.406307     0.108717      6.68246
0.1175     -0.406307     0.110392      2.9382
0.1175     -0.406307     0.112014      0.938426
0.1175     -0.406307     0.113584      0.13125
0.1175     -0.406307     0.115107      7.98179e-06
0.1175     -0.239626     0      0
0.1175     -0.239626     0.0131157      6.36811
0.1175     -0.239626     0.0234956      24.7426
0.1175     -0.239626     0.0320865      52.5371
0.1175     -0.239626     0.0394152      82.0593
0.1175     -0.239626     0.0458057      115.182
0.1175     -0.239626     0.051471      143.372
0.1175     -0.239626     0.0565592      170.908
0.1175     -0.239626     0.0611769      189.931
0.1175     -0.239626     0.065404      210.05
0.1175     -0.239626     0.0693013      205.653
0.1175     -0.239626     0.0729167      198.073
0.1175     -0.239626     0.0762881      185.438
0.1175     -0.239626     0.0794464      169.649
0.1175     -0.239626     0.082417      154.165
0.1175     -0.239626     0.0852209      181.858
0.1175     -0.239626     0.0878759      150.211
0.1175     -0.239626     0.090397      124.087
0.1175     -0.239626     0.092797      105.614
0.1175     -0.239626     0.095087      89.141
0.1175     -0.239626     0.0972767      110.301
0.1175     -0.239626     0.0993745      75.5087
0.1175     -0.239626     0.101388      52.8269
0.1175     -0.239626     0.103323      46.4493
0.1175     -0.239626     0.105186      27.3737
0.1175     -0.239626     0.106983      16.17
0.1175     -0.239626     0.108717      7.63747
0.1175     -0.239626     0.110392      3.3615
0.1175     -0.239626     0.112014      1.07107
0.1175     -0.239626     0.113584      0.15031
0.1175     -0.239626     0.115107      9.07338e-06
0.1175     -0.108332     0      0
0.1175     -0.108332     0.0131157      6.36634
0.1175     -0.108332     0.0234956      25.0294
0.1175     -0.108332     0.0320865      53.8693
0.1175     -0.108332     0.0394152      84.9035
0.1175     -0.108332     0.0458057      121.54
0.1175     -0.108332     0.051471      153.05
0.1175     -0.108332     0.0565592      184.359
0.1175     -0.108332     0.0611769      206.074
0.1175     -0.108332     0.065404      228.157
0.1175     -0.108332     0.0693013      227.611
0.1175     -0.108332     0.0729167      222.251
0.1175     -0.108332     0.0762881      208.714
0.1175     -0.108332     0.0794464      191.947
0.1175     -0.108332     0.082417      173.168
0.1175     -0.108332     0.0852209      199.742
0.1175     -0.108332     0.0878759      166.465
0.1175     -0.108332     0.090397      136.485
0.1175     -0.108332     0.092797      115.721
0.1175     -0.108332     0.095087      98.2898
0.1175     -0.108332     0.0972767      122.172
0.1175     -0.108332     0.0993745      84.406
0.1175     -0.108332     0.101388      59.1477
0.1175     -0.108332     0.103323      53.3098
0.1175     -0.108332     0.105186      32.461
0.1175     -0.108332     0.106983      19.7707
0.1175     -0.108332     0.108717      8.86825
0.1175     -0.108332     0.110392      3.7312
0.1175     -0.108332     0.112014      1.18693
0.1175     -0.108332     0.113584      0.167545
0.1175     -0.108332     0.115107      1.0051e-05
0.1175     -2e-20     0      0
0.1175     -2e-20     0.0131157      6.361
0.1175     -2e-20     0.0234956      25.2355
0.1175     -2e-20     0.0320865      54.9312
0.1175     -2e-20     0.0394152      87.3516
0.1175     -2e-20     0.0458057      126.92
0.1175     -2e-20     0.051471      161.423
0.1175     -2e-20     0.0565592      195.875
0.1175     -2e-20     0.0611769      220.022
0.1175     -2e-20     0.065404      244.067
0.1175     -2e-20     0.0693013      246.569
0.1175     -2e-20     0.0729167      244.07
0.1175     -2e-20     0.0762881      231.504
0.1175     -2e-20     0.0794464      212.902
0.1175     -2e-20     0.082417      191.455
0.1175     -2e-20     0.0852209      216.622
0.1175     -2e-20     0.0878759      181.576
0.1175     -2e-20     0.090397      148.492
0.1175     -2e-20     0.092797      125.358
0.1175     -2e-20     0.095087      105.446
0.1175     -2e-20     0.0972767      133.2
0.1175     -2e-20     0.0993745      92.5004
0.1175     -2e-20     0.101388      65.0143
0.1175     -2e-20     0.103323      58.9756
0.1175     -2e-20     0.105186      37.7045
0.1175     -2e-20     0.106983      23.5738
0.1175     -2e-20     0.108717      10.9396
0.1175     -2e-20     0.110392      4.09999
0.1175     -2e-20     0.112014      1.30291
0.1175     -2e-20     0.113584      0.186695
0.1175     -2e-20     0.115107      1.09999e-05
0.1175     0.0922185     0      0
0.1175     0.0922185     0.0131157      6.3579
0.1175     0.0922185     0.0234956      25.3905
0.1175     0.0922185     0.0320865      55.7884
0.1175     0.0922185     0.0394152      89.4938
0.1175     0.0922185     0.0458057      131.456
0.1175     0.0922185     0.051471      168.98
0.1175     0.0922185     0.0565592      206.002
0.1175     0.0922185     0.0611769      232.211
0.1175     0.0922185     0.065404      258.098
0.1175     0.0922185     0.0693013      263.492
0.1175     0.0922185     0.0729167      263.883
0.1175     0.0922185     0.0762881      252.561
0.1175     0.0922185     0.0794464      233.024
0.1175     0.0922185     0.082417      210.28
0.1175     0.0922185     0.0852209      231.545
0.1175     0.0922185     0.0878759      195.176
0.1175     0.0922185     0.090397      160.174
0.1175     0.0922185     0.092797      134.733
0.1175     0.0922185     0.095087      112.938
0.1175     0.0922185     0.0972767      142.809
0.1175     0.0922185     0.0993745      99.1415
0.1175     0.0922185     0.101388      70.6541
0.1175     0.0922185     0.103323      64.0642
0.1175     0.0922185     0.105186      41.9284
0.1175     0.0922185     0.106983      27.616
0.1175     0.0922185     0.108717      13.6758
0.1175     0.0922185     0.110392      4.76989
0.1175     0.0922185     0.112014      1.41589
0.1175     0.0922185     0.113584      0.203222
0.1175     0.0922185     0.115107      1.20599e-05
0.1175     0.172502     0      0
0.1175     0.172502     0.0131157      6.35957
0.1175     0.172502     0.0234956      25.5087
0.1175     0.172502     0.0320865      56.496
0.1175     0.172502     0.0394152      91.338
0.1175     0.172502     0.0458057      135.337
0.1175     0.172502     0.051471      175.781
0.1175     0.172502     0.0565592      215.076
0.1175     0.172502     0.0611769      243.913
0.1175     0.172502     0.065404      270.914
0.1175     0.172502     0.0693013      278.907
0.1175     0.172502     0.0729167      281.279
0.1175     0.172502     0.0762881      271.787
0.1175     0.172502     0.0794464      252.774
0.1175     0.172502     0.082417      229.313
0.1175     0.172502     0.0852209      245.898
0.1175     0.172502     0.0878759      207.488
0.1175     0.172502     0.090397      171.438
0.1175     0.172502     0.092797      143.981
0.1175     0.172502     0.095087      119.573
0.1175     0.172502     0.0972767      151.415
0.1175     0.172502     0.0993745      105.437
0.1175     0.172502     0.101388      75.4443
0.1175     0.172502     0.103323      69.3967
0.1175     0.172502     0.105186      45.5098
0.1175     0.172502     0.106983      31.6388
0.1175     0.172502     0.108717      16.8227
0.1175     0.172502     0.110392      6.28264
0.1175     0.172502     0.112014      1.52568
0.1175     0.172502     0.113584      0.218664
0.1175     0.172502     0.115107      1.2943e-05
0.1175     0.243589     0      0
0.1175     0.243589     0.0131157      6.35968
0.1175     0.243589     0.0234956      25.6045
0.1175     0.243589     0.0320865      57.0879
0.1175     0.243589     0.0394152      92.927
0.1175     0.243589     0.0458057      138.808
0.1175     0.243589     0.051471      181.863
0.1175     0.243589     0.0565592      223.356
0.1175     0.243589     0.0611769      254.652
0.1175     0.243589     0.065404      282.895
0.1175     0.243589     0.0693013      292.752
0.1175     0.243589     0.0729167      296.748
0.1175     0.243589     0.0762881      289.444
0.1175     0.243589     0.0794464      272.565
0.1175     0.243589     0.082417      247.87
0.1175     0.243589     0.0852209      259.305
0.1175     0.243589     0.0878759      219.305
0.1175     0.243589     0.090397      182.014
0.1175     0.243589     0.092797      153.043
0.1175     0.243589     0.095087      126.051
0.1175     0.243589     0.0972767      160.003
0.1175     0.243589     0.0993745      110.766
0.1175     0.243589     0.101388      79.532
0.1175     0.243589     0.103323      74.5543
0.1175     0.243589     0.105186      48.7414
0.1175     0.243589     0.106983      35.1385
0.1175     0.243589     0.108717      20.2383
0.1175     0.243589     0.110392      8.47164
0.1175     0.243589     0.112014      1.66075
0.1175     0.243589     0.113584      0.234411
0.1175     0.243589     0.115107      1.37691e-05
0.1175     0.307372     0      0
0.1175     0.307372     0.0131157      6.35866
0.1175     0.307372     0.0234956      25.6876
0.1175     0.307372     0.0320865      57.5942
0.1175     0.307372     0.0394152      94.3192
0.1175     0.307372     0.0458057      141.879
0.1175     0.307372     0.051471      187.394
0.1175     0.307372     0.0565592      231.593
0.1175     0.307372     0.0611769      264.655
0.1175     0.307372     0.065404      293.96
0.1175     0.307372     0.0693013      305.273
0.1175     0.307372     0.0729167      310.873
0.1175     0.307372     0.0762881      305.844
0.1175     0.307372     0.0794464      291.315
0.1175     0.307372     0.082417      265.955
0.1175     0.307372     0.0852209      272.951
0.1175     0.307372     0.0878759      231.085
0.1175     0.307372     0.090397      191.825
0.1175     0.307372     0.092797      161.38
0.1175     0.307372     0.095087      132.532
0.1175     0.307372     0.0972767      168.471
0.1175     0.307372     0.0993745      115.436
0.1175     0.307372     0.101388      83.0774
0.1175     0.307372     0.103323      79.1426
0.1175     0.307372     0.105186      52.4645
0.1175     0.307372     0.106983      37.9861
0.1175     0.307372     0.108717      23.8023
0.1175     0.307372     0.110392      10.9343
0.1175     0.307372     0.112014      2.16331
0.1175     0.307372     0.113584      0.252752
0.1175     0.307372     0.115107      1.50899e-05
0.1175     0.365212     0      0
0.1175     0.365212     0.0131157      6.35674
0.1175     0.365212     0.0234956      25.7623
0.1175     0.365212     0.0320865      58.059
0.1175     0.365212     0.0394152      95.5574
0.1175     0.365212     0.0458057      144.616
0.1175     0.365212     0.051471      192.482
0.1175     0.365212     0.0565592      239.403
0.1175     0.365212     0.0611769      274.283
0.1175     0.365212     0.065404      304.198
0.1175     0.365212     0.0693013      316.749
0.1175     0.365212     0.0729167      323.786
0.1175     0.365212     0.0762881      321.839
0.1175     0.365212     0.0794464      308.9
0.1175     0.365212     0.082417      283.469
0.1175     0.365212     0.0852209      285.663
0.1175     0.365212     0.0878759      242.782
0.1175     0.365212     0.090397      201.522
0.1175     0.365212     0.092797      169.176
0.1175     0.365212     0.095087      138.64
0.1175     0.365212     0.0972767      176.853
0.1175     0.365212     0.0993745      119.967
0.1175     0.365212     0.101388      85.919
0.1175     0.365212     0.103323      83.2206
0.1175     0.365212     0.105186      56.2785
0.1175     0.365212     0.106983      40.1923
0.1175     0.365212     0.108717      27.2149
0.1175     0.365212     0.110392      13.9989
0.1175     0.365212     0.112014      3.52272
0.1175     0.365212     0.113584      0.26947
0.1175     0.365212     0.115107      1.61183e-05
0.1175     0.418124     0      0
0.1175     0.418124     0.0131157      6.35414
0.1175     0.418124     0.0234956      25.8307
0.1175     0.418124     0.0320865      58.4637
0.1175     0.418124     0.0394152      96.6965
0.1175     0.418124     0.0458057      147.135
0.1175     0.418124     0.051471      197.26
0.1175     0.418124     0.0565592      246.662
0.1175     0.418124     0.0611769      283.224
0.1175     0.418124     0.065404      313.599
0.1175     0.418124     0.0693013      327.532
0.1175     0.418124     0.0729167      335.939
0.1175     0.418124     0.0762881      336.68
0.1175     0.418124     0.0794464      325.168
0.1175     0.418124     0.082417      300.162
0.1175     0.418124     0.0852209      298.331
0.1175     0.418124     0.0878759      254.294
0.1175     0.418124     0.090397      210.803
0.1175     0.418124     0.092797      176.53
0.1175     0.418124     0.095087      144.354
0.1175     0.418124     0.0972767      185.669
0.1175     0.418124     0.0993745      124.512
0.1175     0.418124     0.101388      88.2755
0.1175     0.418124     0.103323      86.7688
0.1175     0.418124     0.105186      59.3999
0.1175     0.418124     0.106983      43.007
0.1175     0.418124     0.108717      30.1776
0.1175     0.418124     0.110392      17.2611
0.1175     0.418124     0.112014      5.38713
0.1175     0.418124     0.113584      0.28555
0.1175     0.418124     0.115107      1.71449e-05
0.1175     0.466881     0      0
0.1175     0.466881     0.0131157      6.35134
0.1175     0.466881     0.0234956      25.8847
0.1175     0.466881     0.0320865      58.8188
0.1175     0.466881     0.0394152      97.7242
0.1175     0.466881     0.0458057      149.443
0.1175     0.466881     0.051471      201.971
0.1175     0.466881     0.0565592      253.507
0.1175     0.466881     0.0611769      291.695
0.1175     0.466881     0.065404      322.234
0.1175     0.466881     0.0693013      337.777
0.1175     0.466881     0.0729167      348.093
0.1175     0.466881     0.0762881      350.329
0.1175     0.466881     0.0794464      340.189
0.1175     0.466881     0.082417      316.104
0.1175     0.466881     0.0852209      310.214
0.1175     0.466881     0.0878759      265.154
0.1175     0.466881     0.090397      220.34
0.1175     0.466881     0.092797      183.586
0.1175     0.466881     0.095087      149.662
0.1175     0.466881     0.0972767      194.278
0.1175     0.466881     0.0993745      129.005
0.1175     0.466881     0.101388      90.6882
0.1175     0.466881     0.103323      89.7171
0.1175     0.466881     0.105186      62.313
0.1175     0.466881     0.106983      46.3773
0.1175     0.466881     0.108717      32.5702
0.1175     0.466881     0.110392      20.5728
0.1175     0.466881     0.112014      7.83259
0.1175     0.466881     0.113584      0.308993
0.1175     0.466881     0.115107      1.81197e-05
0.1175     0.512089     0      0
0.1175     0.512089     0.0131157      6.34897
0.1175     0.512089     0.0234956      25.9243
0.1175     0.512089     0.0320865      59.1423
0.1175     0.512089     0.0394152      98.6529
0.1175     0.512089     0.0458057      151.584
0.1175     0.512089     0.051471      206.422
0.1175     0.512089     0.0565592      260.098
0.1175     0.512089     0.0611769      299.729
0.1175     0.512089     0.065404      330.36
0.1175     0.512089     0.0693013      347.485
0.1175     0.512089     0.0729167      359.984
0.1175     0.512089     0.0762881      362.923
0.1175     0.512089     0.0794464      354.095
0.1175     0.512089     0.082417      331.771
0.1175     0.512089     0.0852209      321.626
0.1175     0.512089     0.0878759      275.719
0.1175     0.512089     0.090397      229.622
0.1175     0.512089     0.092797      190.616
0.1175     0.512089     0.095087      154.666
0.1175     0.512089     0.0972767      202.024
0.1175     0.512089     0.0993745      133.679
0.1175     0.512089     0.101388      92.8446
0.1175     0.512089     0.103323      92.334
0.1175     0.512089     0.105186      64.898
0.1175     0.512089     0.106983      49.3283
0.1175     0.512089     0.108717      34.2177
0.1175     0.512089     0.110392      23.8457
0.1175     0.512089     0.112014      10.7795
0.1175     0.512089     0.113584      0.606847
0.1175     0.512089     0.115107      1.9064e-05
0.1175     0.55423     0      0
0.1175     0.55423     0.0131157      6.3469
0.1175     0.55423     0.0234956      25.9543
0.1175     0.55423     0.0320865      59.4635
0.1175     0.55423     0.0394152      99.503
0.1175     0.55423     0.0458057      153.57
0.1175     0.55423     0.051471      210.556
0.1175     0.55423     0.0565592      266.29
0.1175     0.55423     0.0611769      307.274
0.1175     0.55423     0.065404      338.335
0.1175     0.55423     0.0693013      356.913
0.1175     0.55423     0.0729167      371.086
0.1175     0.55423     0.0762881      374.543
0.1175     0.55423     0.0794464      366.98
0.1175     0.55423     0.082417      346.414
0.1175     0.55423     0.0852209      331.835
0.1175     0.55423     0.0878759      286.584
0.1175     0.55423     0.090397      238.459
0.1175     0.55423     0.092797      197.661
0.1175     0.55423     0.095087      159.329
0.1175     0.55423     0.0972767      208.909
0.1175     0.55423     0.0993745      138.73
0.1175     0.55423     0.101388      94.9769
0.1175     0.55423     0.103323      94.9996
0.1175     0.55423     0.105186      66.6338
0.1175     0.55423     0.106983      51.9094
0.1175     0.55423     0.108717      36.6998
0.1175     0.55423     0.110392      26.9281
0.1175     0.55423     0.112014      14.1577
0.1175     0.55423     0.113584      1.5229
0.1175     0.55423     0.115107      2.00556e-05
0.1175     0.593693     0      0
0.1175     0.593693     0.0131157      6.34439
0.1175     0.593693     0.0234956      25.9746
0.1175     0.593693     0.0320865      59.7603
0.1175     0.593693     0.0394152      100.27
0.1175     0.593693     0.0458057      155.631
0.1175     0.593693     0.051471      214.394
0.1175     0.593693     0.0565592      272.087
0.1175     0.593693     0.0611769      314.444
0.1175     0.593693     0.065404      346.28
0.1175     0.593693     0.0693013      367.064
0.1175     0.593693     0.0729167      381.481
0.1175     0.593693     0.0762881      385.415
0.1175     0.593693     0.0794464      379.557
0.1175     0.593693     0.082417      360.122
0.1175     0.593693     0.0852209      342.733
0.1175     0.593693     0.0878759      297.017
0.1175     0.593693     0.090397      246.718
0.1175     0.593693     0.092797      204.577
0.1175     0.593693     0.095087      164.336
0.1175     0.593693     0.0972767      214.963
0.1175     0.593693     0.0993745      143.787
0.1175     0.593693     0.101388      97.185
0.1175     0.593693     0.103323      97.4114
0.1175     0.593693     0.105186      67.8123
0.1175     0.593693     0.106983      54.6382
0.1175     0.593693     0.108717      39.1002
0.1175     0.593693     0.110392      29.4703
0.1175     0.593693     0.112014      17.8082
0.1175     0.593693     0.113584      3.03301
0.1175     0.593693     0.115107      2.11073e-05
0.1175     0.630798     0      0
0.1175     0.630798     0.0131157      6.34149
0.1175     0.630798     0.0234956      25.9861
0.1175     0.630798     0.0320865      60.0279
0.1175     0.630798     0.0394152      100.962
0.1175     0.630798     0.0458057      157.593
0.1175     0.630798     0.051471      217.98
0.1175     0.630798     0.0565592      277.529
0.1175     0.630798     0.0611769      321.277
0.1175     0.630798     0.065404      353.913
0.1175     0.630798     0.0693013      376.864
0.1175     0.630798     0.0729167      391.344
0.1175     0.630798     0.0762881      395.858
0.1175     0.630798     0.0794464      391.422
0.1175     0.630798     0.082417      372.658
0.1175     0.630798     0.0852209      352.381
0.1175     0.630798     0.0878759      306.39
0.1175     0.630798     0.090397      255.897
0.1175     0.630798     0.092797      211.007
0.1175     0.630798     0.095087      169.184
0.1175     0.630798     0.0972767      220.163
0.1175     0.630798     0.0993745      148.094
0.1175     0.630798     0.101388      99.828
0.1175     0.630798     0.103323      100.265
0.1175     0.630798     0.105186      69.2137
0.1175     0.630798     0.106983      56.4324
0.1175     0.630798     0.108717      42.0516
0.1175     0.630798     0.110392      31.0087
0.1175     0.630798     0.112014      21.7811
0.1175     0.630798     0.113584      5.1955
0.1175     0.630798     0.115107      2.22328e-05
0.1175     0.665812     0      0
0.1175     0.665812     0.0131157      6.33947
0.1175     0.665812     0.0234956      25.9895
0.1175     0.665812     0.0320865      60.2764
0.1175     0.665812     0.0394152      101.587
0.1175     0.665812     0.0458057      159.477
0.1175     0.665812     0.051471      221.441
0.1175     0.665812     0.0565592      282.63
0.1175     0.665812     0.0611769      327.789
0.1175     0.665812     0.065404      361.175
0.1175     0.665812     0.0693013      386.271
0.1175     0.665812     0.0729167      400.778
0.1175     0.665812     0.0762881      405.832
0.1175     0.665812     0.0794464      402.419
0.1175     0.665812     0.082417      384.516
0.1175     0.665812     0.0852209      361.169
0.1175     0.665812     0.0878759      316.008
0.1175     0.665812     0.090397      264.675
0.1175     0.665812     0.092797      217.105
0.1175     0.665812     0.095087      173.784
0.1175     0.665812     0.0972767      223.689
0.1175     0.665812     0.0993745      151.339
0.1175     0.665812     0.101388      102.711
0.1175     0.665812     0.103323      102.777
0.1175     0.665812     0.105186      70.3438
0.1175     0.665812     0.106983      57.5483
0.1175     0.665812     0.108717      44.8633
0.1175     0.665812     0.110392      32.8291
0.1175     0.665812     0.112014      25.854
0.1175     0.665812     0.113584      8.09157
0.1175     0.665812     0.115107      2.34527e-05
0.1175     0.698958     0      0
0.1175     0.698958     0.0131157      6.33948
0.1175     0.698958     0.0234956      25.9894
0.1175     0.698958     0.0320865      60.511
0.1175     0.698958     0.0394152      102.15
0.1175     0.698958     0.0458057      161.26
0.1175     0.698958     0.051471      224.667
0.1175     0.698958     0.0565592      287.426
0.1175     0.698958     0.0611769      334.063
0.1175     0.698958     0.065404      369.13
0.1175     0.698958     0.0693013      395.333
0.1175     0.698958     0.0729167      409.804
0.1175     0.698958     0.0762881      415.889
0.1175     0.698958     0.0794464      412.689
0.1175     0.698958     0.082417      395.71
0.1175     0.698958     0.0852209      368.827
0.1175     0.698958     0.0878759      325.046
0.1175     0.698958     0.090397      272.689
0.1175     0.698958     0.092797      223.943
0.1175     0.698958     0.095087      178.026
0.1175     0.698958     0.0972767      224.674
0.1175     0.698958     0.0993745      154.088
0.1175     0.698958     0.101388      105.652
0.1175     0.698958     0.103323      105.77
0.1175     0.698958     0.105186      71.3911
0.1175     0.698958     0.106983      58.2312
0.1175     0.698958     0.108717      47.2908
0.1175     0.698958     0.110392      34.6142
0.1175     0.698958     0.112014      29.8802
0.1175     0.698958     0.113584      11.6347
0.1175     0.698958     0.115107      2.47903e-05
0.1175     0.730425     0      0
0.1175     0.730425     0.0131157      6.3392
0.1175     0.730425     0.0234956      25.9919
0.1175     0.730425     0.0320865      60.7209
0.1175     0.730425     0.0394152      102.731
0.1175     0.730425     0.0458057      162.954
0.1175     0.730425     0.051471      227.705
0.1175     0.730425     0.0565592      291.933
0.1175     0.730425     0.0611769      340.078
0.1175     0.730425     0.065404      377.267
0.1175     0.730425     0.0693013      404.038
0.1175     0.730425     0.0729167      418.684
0.1175     0.730425     0.0762881      425.61
0.1175     0.730425     0.0794464      422.449
0.1175     0.730425     0.082417      405.841
0.1175     0.730425     0.0852209      376.316
0.1175     0.730425     0.0878759      333.658
0.1175     0.730425     0.090397      280.73
0.1175     0.730425     0.092797      230.665
0.1175     0.730425     0.095087      182.47
0.1175     0.730425     0.0972767      225.773
0.1175     0.730425     0.0993745      155.763
0.1175     0.730425     0.101388      107.084
0.1175     0.730425     0.103323      109.232
0.1175     0.730425     0.105186      72.8499
0.1175     0.730425     0.106983      58.9316
0.1175     0.730425     0.108717      49.0831
0.1175     0.730425     0.110392      37.7272
0.1175     0.730425     0.112014      33.2978
0.1175     0.730425     0.113584      15.8843
0.1175     0.730425     0.115107      0.00542908
0.1175     0.760374     0      0
0.1175     0.760374     0.0131157      6.3412
0.1175     0.760374     0.0234956      25.9905
0.1175     0.760374     0.0320865      60.9074
0.1175     0.760374     0.0394152      103.427
0.1175     0.760374     0.0458057      164.556
0.1175     0.760374     0.051471      230.553
0.1175     0.760374     0.0565592      296.158
0.1175     0.760374     0.0611769      345.856
0.1175     0.760374     0.065404      385.145
0.1175     0.760374     0.0693013      412.388
0.1175     0.760374     0.0729167      427.333
0.1175     0.760374     0.0762881      434.771
0.1175     0.760374     0.0794464      431.654
0.1175     0.760374     0.082417      415.293
0.1175     0.760374     0.0852209      383.323
0.1175     0.760374     0.0878759      341.461
0.1175     0.760374     0.090397      288.679
0.1175     0.760374     0.092797      236.713
0.1175     0.760374     0.095087      187.19
0.1175     0.760374     0.0972767      229.846
0.1175     0.760374     0.0993745      155.564
0.1175     0.760374     0.101388      108.445
0.1175     0.760374     0.103323      113.698
0.1175     0.760374     0.105186      73.893
0.1175     0.760374     0.106983      59.2389
0.1175     0.760374     0.108717      49.7162
0.1175     0.760374     0.110392      40.9888
0.1175     0.760374     0.112014      35.5052
0.1175     0.760374     0.113584      20.8288
0.1175     0.760374     0.115107      0.00995854
0.1175     0.788947     0      0
0.1175     0.788947     0.0131157      6.34333
0.1175     0.788947     0.0234956      25.9827
0.1175     0.788947     0.0320865      61.0766
0.1175     0.788947     0.0394152      104.102
0.1175     0.788947     0.0458057      166.058
0.1175     0.788947     0.051471      233.264
0.1175     0.788947     0.0565592      300.126
0.1175     0.788947     0.0611769      351.682
0.1175     0.788947     0.065404      392.899
0.1175     0.788947     0.0693013      420.493
0.1175     0.788947     0.0729167      436.224
0.1175     0.788947     0.0762881      443.704
0.1175     0.788947     0.0794464      440.552
0.1175     0.788947     0.082417      424.213
0.1175     0.788947     0.0852209      390.217
0.1175     0.788947     0.0878759      348.818
0.1175     0.788947     0.090397      296.731
0.1175     0.788947     0.092797      242.817
0.1175     0.788947     0.095087      191.726
0.1175     0.788947     0.0972767      233.446
0.1175     0.788947     0.0993745      156.757
0.1175     0.788947     0.101388      108.036
0.1175     0.788947     0.103323      117.388
0.1175     0.788947     0.105186      75.2955
0.1175     0.788947     0.106983      59.8097
0.1175     0.788947     0.108717      49.6497
0.1175     0.788947     0.110392      44.0061
0.1175     0.788947     0.112014      37.923
0.1175     0.788947     0.113584      26.4167
0.1175     0.788947     0.115107      0.0111287
0.1175     0.816262     0      0
0.1175     0.816262     0.0131157      6.3455
0.1175     0.816262     0.0234956      25.9682
0.1175     0.816262     0.0320865      61.227
0.1175     0.816262     0.0394152      104.734
0.1175     0.816262     0.0458057      167.471
0.1175     0.816262     0.051471      235.811
0.1175     0.816262     0.0565592      303.886
0.1175     0.816262     0.0611769      358.051
0.1175     0.816262     0.065404      400.431
0.1175     0.816262     0.0693013      428.395
0.1175     0.816262     0.0729167      445.251
0.1175     0.816262     0.0762881      452.393
0.1175     0.816262     0.0794464      449.064
0.1175     0.816262     0.082417      432.611
0.1175     0.816262     0.0852209      396.554
0.1175     0.816262     0.0878759      355.933
0.1175     0.816262     0.090397      304.299
0.1175     0.816262     0.092797      249.593
0.1175     0.816262     0.095087      195.882
0.1175     0.816262     0.0972767      235.091
0.1175     0.816262     0.0993745      158.224
0.1175     0.816262     0.101388      107.607
0.1175     0.816262     0.103323      120.581
0.1175     0.816262     0.105186      77.4894
0.1175     0.816262     0.106983      60.5628
0.1175     0.816262     0.108717      48.7268
0.1175     0.816262     0.110392      46.8674
0.1175     0.816262     0.112014      40.6959
0.1175     0.816262     0.113584      32.7682
0.1175     0.816262     0.115107      0.0174182
0.1175     0.842428     0      0
0.1175     0.842428     0.0131157      6.34747
0.1175     0.842428     0.0234956      25.9463
0.1175     0.842428     0.0320865      61.3552
0.1175     0.842428     0.0394152      105.368
0.1175     0.842428     0.0458057      168.837
0.1175     0.842428     0.051471      238.199
0.1175     0.842428     0.0565592      307.444
0.1175     0.842428     0.0611769      364.126
0.1175     0.842428     0.065404      407.684
0.1175     0.842428     0.0693013      436.157
0.1175     0.842428     0.0729167      453.999
0.1175     0.842428     0.0762881      460.773
0.1175     0.842428     0.0794464      457.231
0.1175     0.842428     0.082417      440.504
0.1175     0.842428     0.0852209      403.494
0.1175     0.842428     0.0878759      362.907
0.1175     0.842428     0.090397      311.528
0.1175     0.842428     0.092797      256.341
0.1175     0.842428     0.095087      200.486
0.1175     0.842428     0.0972767      234.364
0.1175     0.842428     0.0993745      159.449
0.1175     0.842428     0.101388      108.031
0.1175     0.842428     0.103323      122.027
0.1175     0.842428     0.105186      80.2036
0.1175     0.842428     0.106983      60.5882
0.1175     0.842428     0.108717      47.4565
0.1175     0.842428     0.110392      47.8188
0.1175     0.842428     0.112014      43.699
0.1175     0.842428     0.113584      39.7459
0.1175     0.842428     0.115107      0.0205171
0.1175     0.867536     0      0
0.1175     0.867536     0.0131157      6.34927
0.1175     0.867536     0.0234956      25.9217
0.1175     0.867536     0.0320865      61.4607
0.1175     0.867536     0.0394152      105.959
0.1175     0.867536     0.0458057      170.147
0.1175     0.867536     0.051471      240.431
0.1175     0.867536     0.0565592      310.82
0.1175     0.867536     0.0611769      370.048
0.1175     0.867536     0.065404      414.675
0.1175     0.867536     0.0693013      443.894
0.1175     0.867536     0.0729167      462.551
0.1175     0.867536     0.0762881      469.002
0.1175     0.867536     0.0794464      465.071
0.1175     0.867536     0.082417      447.913
0.1175     0.867536     0.0852209      410.938
0.1175     0.867536     0.0878759      369.225
0.1175     0.867536     0.090397      318.604
0.1175     0.867536     0.092797      262.99
0.1175     0.867536     0.095087      205.472
0.1175     0.867536     0.0972767      233.63
0.1175     0.867536     0.0993745      158.471
0.1175     0.867536     0.101388      108.105
0.1175     0.867536     0.103323      127.558
0.1175     0.867536     0.105186      80.72
0.1175     0.867536     0.106983      61.2816
0.1175     0.867536     0.108717      46.0171
0.1175     0.867536     0.110392      47.3475
0.1175     0.867536     0.112014      48.0626
0.1175     0.867536     0.113584      46.496
0.1175     0.867536     0.115107      0.0236719
0.1175     0.891668     0      0
0.1175     0.891668     0.0131157      6.35092
0.1175     0.891668     0.0234956      25.8887
0.1175     0.891668     0.0320865      61.5669
0.1175     0.891668     0.0394152      106.533
0.1175     0.891668     0.0458057      171.353
0.1175     0.891668     0.051471      242.51
0.1175     0.891668     0.0565592      313.961
0.1175     0.891668     0.0611769      375.778
0.1175     0.891668     0.065404      421.396
0.1175     0.891668     0.0693013      451.995
0.1175     0.891668     0.0729167      470.853
0.1175     0.891668     0.0762881      477.168
0.1175     0.891668     0.0794464      472.542
0.1175     0.891668     0.082417      455.024
0.1175     0.891668     0.0852209      418.032
0.1175     0.891668     0.0878759      375.922
0.1175     0.891668     0.090397      325.323
0.1175     0.891668     0.092797      269.46
0.1175     0.891668     0.095087      210.688
0.1175     0.891668     0.0972767      232.287
0.1175     0.891668     0.0993745      156.627
0.1175     0.891668     0.101388      106.521
0.1175     0.891668     0.103323      125.032
0.1175     0.891668     0.105186      82.9361
0.1175     0.891668     0.106983      62.8993
0.1175     0.891668     0.108717      43.651
0.1175     0.891668     0.110392      44.748
0.1175     0.891668     0.112014      53.4476
0.1175     0.891668     0.113584      52.4409
0.1175     0.891668     0.115107      0.029509
0.1175     0.914898     0      0
0.1175     0.914898     0.0131157      6.35241
0.1175     0.914898     0.0234956      25.8449
0.1175     0.914898     0.0320865      61.6616
0.1175     0.914898     0.0394152      107.149
0.1175     0.914898     0.0458057      172.481
0.1175     0.914898     0.051471      244.427
0.1175     0.914898     0.0565592      317.849
0.1175     0.914898     0.0611769      381.237
0.1175     0.914898     0.065404      427.855
0.1175     0.914898     0.0693013      460.13
0.1175     0.914898     0.0729167      478.885
0.1175     0.914898     0.0762881      485.086
0.1175     0.914898     0.0794464      479.818
0.1175     0.914898     0.082417      461.843
0.1175     0.914898     0.0852209      424.594
0.1175     0.914898     0.0878759      382.571
0.1175     0.914898     0.090397      331.761
0.1175     0.914898     0.092797      276.003
0.1175     0.914898     0.095087      216.06
0.1175     0.914898     0.0972767      230.895
0.1175     0.914898     0.0993745      154.72
0.1175     0.914898     0.101388      103.721
0.1175     0.914898     0.103323      114.886
0.1175     0.914898     0.105186      85.0979
0.1175     0.914898     0.106983      62.8762
0.1175     0.914898     0.108717      40.7424
0.1175     0.914898     0.110392      40.9783
0.1175     0.914898     0.112014      57.3451
0.1175     0.914898     0.113584      58.7091
0.1175     0.914898     0.115107      0.0349578
0.1175     0.937291     0      0
0.1175     0.937291     0.0131157      6.35377
0.1175     0.937291     0.0234956      25.7871
0.1175     0.937291     0.0320865      61.8291
0.1175     0.937291     0.0394152      107.762
0.1175     0.937291     0.0458057      173.577
0.1175     0.937291     0.051471      246.211
0.1175     0.937291     0.0565592      321.634
0.1175     0.937291     0.0611769      386.431
0.1175     0.937291     0.065404      434.184
0.1175     0.937291     0.0693013      468.126
0.1175     0.937291     0.0729167      486.78
0.1175     0.937291     0.0762881      492.736
0.1175     0.937291     0.0794464      486.91
0.1175     0.937291     0.082417      468.427
0.1175     0.937291     0.0852209      430.879
0.1175     0.937291     0.0878759      388.662
0.1175     0.937291     0.090397      338.185
0.1175     0.937291     0.092797      282.426
0.1175     0.937291     0.095087      221.735
0.1175     0.937291     0.0972767      224.779
0.1175     0.937291     0.0993745      151.89
0.1175     0.937291     0.101388      100.733
0.1175     0.937291     0.103323      115.198
0.1175     0.937291     0.105186      75.0415
0.1175     0.937291     0.106983      64.4788
0.1175     0.937291     0.108717      36.8435
0.1175     0.937291     0.110392      35.0157
0.1175     0.937291     0.112014      59.0293
0.1175     0.937291     0.113584      65.49
0.1175     0.937291     0.115107      0.042921
0.1175     0.958905     0      0
0.1175     0.958905     0.0131157      6.35498
0.1175     0.958905     0.0234956      25.7088
0.1175     0.958905     0.0320865      62.0807
0.1175     0.958905     0.0394152      108.365
0.1175     0.958905     0.0458057      174.515
0.1175     0.958905     0.051471      247.904
0.1175     0.958905     0.0565592      325.189
0.1175     0.958905     0.0611769      391.288
0.1175     0.958905     0.065404      440.625
0.1175     0.958905     0.0693013      475.89
0.1175     0.958905     0.0729167      494.835
0.1175     0.958905     0.0762881      500.255
0.1175     0.958905     0.0794464      493.762
0.1175     0.958905     0.082417      474.586
0.1175     0.958905     0.0852209      436.68
0.1175     0.958905     0.0878759      394.186
0.1175     0.958905     0.090397      344.11
0.1175     0.958905     0.092797      289.043
0.1175     0.958905     0.095087      227.755
0.1175     0.958905     0.0972767      215.889
0.1175     0.958905     0.0993745      147.663
0.1175     0.958905     0.101388      95.88
0.1175     0.958905     0.103323      113.558
0.1175     0.958905     0.105186      71.2759
0.1175     0.958905     0.106983      62.5397
0.1175     0.958905     0.108717      33.1517
0.1175     0.958905     0.110392      25.5889
0.1175     0.958905     0.112014      55.4445
0.1175     0.958905     0.113584      75.8565
0.1175     0.958905     0.115107      0.0611959
0.1175     0.979792     0      0
0.1175     0.979792     0.0131157      6.35606
0.1175     0.979792     0.0234956      25.6178
0.1175     0.979792     0.0320865      62.3212
0.1175     0.979792     0.0394152      108.917
0.1175     0.979792     0.0458057      175.182
0.1175     0.979792     0.051471      249.573
0.1175     0.979792     0.0565592      328.728
0.1175     0.979792     0.0611769      395.702
0.1175     0.979792     0.065404      447.247
0.1175     0.979792     0.0693013      483.346
0.1175     0.979792     0.0729167      502.779
0.1175     0.979792     0.0762881      507.758
0.1175     0.979792     0.0794464      500.306
0.1175     0.979792     0.082417      480.585
0.1175     0.979792     0.0852209      441.919
0.1175     0.979792     0.0878759      399.157
0.1175     0.979792     0.090397      349.518
0.1175     0.979792     0.092797      295.201
0.1175     0.979792     0.095087      234.295
0.1175     0.979792     0.0972767      204.486
0.1175     0.979792     0.0993745      141.702
0.1175     0.979792     0.101388      90.6151
0.1175     0.979792     0.103323      109.92
0.1175     0.979792     0.105186      67.8655
0.1175     0.979792     0.106983      55.031
0.1175     0.979792     0.108717      29.6504
0.1175     0.979792     0.110392      16.407
0.1175     0.979792     0.112014      44.1649
0.1175     0.979792     0.113584      91.128
0.1175     0.979792     0.115107      0.0641886
0.1175     1     0      0
0.1175     1     0.0131157      6.35681
0.1175     1     0.0234956      25.5913
0.1175     1     0.0320865      62.6045
0.1175     1     0.0394152      109.377
0.1175     1     0.0458057      175.569
0.1175     1     0.051471      252.415
0.1175     1     0.0565592      332.136
0.1175     1     0.0611769      399.92
0.1175     1     0.065404      453.619
0.1175     1     0.0693013      490.944
0.1175     1     0.0729167      510.86
0.1175     1     0.0762881      515.295
0.1175     1     0.0794464      507.238
0.1175     1     0.082417      486.771
0.1175     1     0.0852209      447.182
0.1175     1     0.0878759      403.807
0.1175     1     0.090397      354.831
0.1175     1     0.092797      301.618
0.1175     1     0.095087      240.776
0.1175     1     0.0972767      189.606
0.1175     1     0.0993745      132.663
0.1175     1     0.101388      86.0765
0.1175     1     0.103323      118.647
0.1175     1     0.105186      58.7629
0.1175     1     0.106983      46.7097
0.1175     1     0.108717      24.887
0.1175     1     0.110392      12.1754
0.1175     1     0.112014      18.1801
0.1175     1     0.113584      122.369
0.1175     1     0.115107      0.0757355
