0.8     -1     0      0
0.8     -1     0.090882      56.2279
0.8     -1     0.162808      126.114
0.8     -1     0.222336      136.991
0.8     -1     0.273119      75.262
0.8     -1     0.3174      37.8634
0.8     -1     0.356656      16.5005
0.8     -1     0.391914      6.34461
0.8     -1     0.423911      1.25302
0.8     -1     0.453202      0
0.8     -1     0.480207      0
0.8     -1     0.505259      0
0.8     -1     0.52862      0
0.8     -1     0.550505      0
0.8     -1     0.571089      0
0.8     -1     0.590518      0
0.8     -1     0.608916      0
0.8     -1     0.626385      0
0.8     -1     0.643015      0
0.8     -1     0.658883      0
0.8     -1     0.674056      0
0.8     -1     0.688592      0
0.8     -1     0.702543      0
0.8     -1     0.715954      0
0.8     -1     0.728864      0
0.8     -1     0.741311      0
0.8     -1     0.753326      0
0.8     -1     0.764938      0
0.8     -1     0.776174      0
0.8     -1     0.787056      0
0.8     -1     0.797607      0
0.8     -0.634788     0      0
0.8     -0.634788     0.090882      60.3128
0.8     -0.634788     0.162808      133.699
0.8     -0.634788     0.222336      189.433
0.8     -0.634788     0.273119      156.045
0.8     -0.634788     0.3174      107.2
0.8     -0.634788     0.356656      73.9169
0.8     -0.634788     0.391914      47.9655
0.8     -0.634788     0.423911      30.959
0.8     -0.634788     0.453202      19.0925
0.8     -0.634788     0.480207      10.3526
0.8     -0.634788     0.505259      5.27246
0.8     -0.634788     0.52862      2.48702
0.8     -0.634788     0.550505      1.10038
0.8     -0.634788     0.571089      0.439518
0.8     -0.634788     0.590518      0.143872
0.8     -0.634788     0.608916      0.0499792
0.8     -0.634788     0.626385      0.0122091
0.8     -0.634788     0.643015      0.0014535
0.8     -0.634788     0.658883      0
0.8     -0.634788     0.674056      0
0.8     -0.634788     0.688592      0
0.8     -0.634788     0.702543      0
0.8     -0.634788     0.715954      0
0.8     -0.634788     0.728864      0
0.8     -0.634788     0.741311      0
0.8     -0.634788     0.753326      0
0.8     -0.634788     0.764938      0
0.8     -0.634788     0.776174      0
0.8     -0.634788     0.787056      0
0.8     -0.634788     0.797607      0
0.8     -0.406307     0      0
0.8     -0.406307     0.090882      63.4304
0.8     -0.406307     0.162808      144.523
0.8     -0.406307     0.222336      224.472
0.8     -0.406307     0.273119      222.08
0.8     -0.406307     0.3174      179.535
0.8     -0.406307     0.356656      140.739
0.8     -0.406307     0.391914      111.644
0.8     -0.406307     0.423911      80.3808
0.8     -0.406307     0.453202      57.476
0.8     -0.406307     0.480207      40.0379
0.8     -0.406307     0.505259      25.2029
0.8     -0.406307     0.52862      14.8496
0.8     -0.406307     0.550505      8.28723
0.8     -0.406307     0.571089      4.39399
0.8     -0.406307     0.590518      2.23295
0.8     -0.406307     0.608916      1.09125
0.8     -0.406307     0.626385      0.450022
0.8     -0.406307     0.643015      0.150936
0.8     -0.406307     0.658883      0.0347023
0.8     -0.406307     0.674056      0.00282314
0.8     -0.406307     0.688592      0
0.8     -0.406307     0.702543      0
0.8     -0.406307     0.715954      0
0.8     -0.406307     0.728864      0
0.8     -0.406307     0.741311      0
0.8     -0.406307     0.753326      0
0.8     -0.406307     0.764938      0
0.8     -0.406307     0.776174      0
0.8     -0.406307     0.787056      0
0.8     -0.406307     0.797607      0
0.8     -0.239626     0      0
0.8     -0.239626     0.090882      65.7543
0.8     -0.239626     0.162808      154.624
0.8     -0.239626     0.222336      254.808
0.8     -0.239626     0.273119      284.002
0.8     -0.239626     0.3174      250.822
0.8     -0.239626     0.356656      210.23
0.8     -0.239626     0.391914      179.63
0.8     -0.239626     0.423911      152.76
0.8     -0.239626     0.453202      114.193
0.8     -0.239626     0.480207      85.4263
0.8     -0.239626     0.505259      62.4983
0.8     -0.239626     0.52862      41.3105
0.8     -0.239626     0.550505      25.9683
0.8     -0.239626     0.571089      15.6561
0.8     -0.239626     0.590518      8.74732
0.8     -0.239626     0.608916      4.96425
0.8     -0.239626     0.626385      2.64409
0.8     -0.239626     0.643015      1.34608
0.8     -0.239626     0.658883      0.593399
0.8     -0.239626     0.674056      0.210428
0.8     -0.239626     0.688592      0.0357468
0.8     -0.239626     0.702543      0.000430036
0.8     -0.239626     0.715954      0
0.8     -0.239626     0.728864      0
0.8     -0.239626     0.741311      0
0.8     -0.239626     0.753326      0
0.8     -0.239626     0.764938      0
0.8     -0.239626     0.776174      0
0.8     -0.239626     0.787056      0
0.8     -0.239626     0.797607      0
0.8     -0.108332     0      0
0.8     -0.108332     0.090882      67.3735
0.8     -0.108332     0.162808      165.2
0.8     -0.108332     0.222336      285.282
0.8     -0.108332     0.273119      338.818
0.8     -0.108332     0.3174      321.903
0.8     -0.108332     0.356656      282.372
0.8     -0.108332     0.391914      257.273
0.8     -0.108332     0.423911      245.674
0.8     -0.108332     0.453202      193.356
0.8     -0.108332     0.480207      149.254
0.8     -0.108332     0.505259      115.199
0.8     -0.108332     0.52862      85.7078
0.8     -0.108332     0.550505      58.7062
0.8     -0.108332     0.571089      37.4143
0.8     -0.108332     0.590518      23.5322
0.8     -0.108332     0.608916      13.9432
0.8     -0.108332     0.626385      7.83415
0.8     -0.108332     0.643015      4.63408
0.8     -0.108332     0.658883      2.53642
0.8     -0.108332     0.674056      1.28387
0.8     -0.108332     0.688592      0.533411
0.8     -0.108332     0.702543      0.15593
0.8     -0.108332     0.715954      0.0158826
0.8     -0.108332     0.728864      0
0.8     -0.108332     0.741311      0
0.8     -0.108332     0.753326      0
0.8     -0.108332     0.764938      0
0.8     -0.108332     0.776174      0
0.8     -0.108332     0.787056      0
0.8     -0.108332     0.797607      0
0.8     -2e-20     0      0
0.8     -2e-20     0.090882      68.4479
0.8     -2e-20     0.162808      174.695
0.8     -2e-20     0.222336      315.998
0.8     -2e-20     0.273119      396.105
0.8     -2e-20     0.3174      398.568
0.8     -2e-20     0.356656      369.662
0.8     -2e-20     0.391914      332.248
0.8     -2e-20     0.423911      339.938
0.8     -2e-20     0.453202      288.09
0.8     -2e-20     0.480207      231.247
0.8     -2e-20     0.505259      185.523
0.8     -2e-20     0.52862      145.881
0.8     -2e-20     0.550505      109.132
0.8     -2e-20     0.571089      75.7395
0.8     -2e-20     0.590518      49.1413
0.8     -2e-20     0.608916      31.0698
0.8     -2e-20     0.626385      19.1222
0.8     -2e-20     0.643015      11.2219
0.8     -2e-20     0.658883      6.7813
0.8     -2e-20     0.674056      3.97351
0.8     -2e-20     0.688592      2.09612
0.8     -2e-20     0.702543      0.932842
0.8     -2e-20     0.715954      0.326661
0.8     -2e-20     0.728864      0.0623599
0.8     -2e-20     0.741311      0.000521034
0.8     -2e-20     0.753326      0
0.8     -2e-20     0.764938      0
0.8     -2e-20     0.776174      0
0.8     -2e-20     0.787056      0
0.8     -2e-20     0.797607      0
0.8     0.0922185     0      0
0.8     0.0922185     0.090882      69.286
0.8     0.0922185     0.162808      182.594
0.8     0.0922185     0.222336      344.267
0.8     0.0922185     0.273119      451.419
0.8     0.0922185     0.3174      477.423
0.8     0.0922185     0.356656      452.865
0.8     0.0922185     0.391914      418.354
0.8     0.0922185     0.423911      438.859
0.8     0.0922185     0.453202      394.766
0.8     0.0922185     0.480207      339.852
0.8     0.0922185     0.505259      277.084
0.8     0.0922185     0.52862      221.02
0.8     0.0922185     0.550505      177.897
0.8     0.0922185     0.571089      132.898
0.8     0.0922185     0.590518      92.0673
0.8     0.0922185     0.608916      60.842
0.8     0.0922185     0.626385      38.718
0.8     0.0922185     0.643015      24.1352
0.8     0.0922185     0.658883      14.9171
0.8     0.0922185     0.674056      9.18988
0.8     0.0922185     0.688592      5.40657
0.8     0.0922185     0.702543      2.85663
0.8     0.0922185     0.715954      1.35415
0.8     0.0922185     0.728864      0.499286
0.8     0.0922185     0.741311      0.10843
0.8     0.0922185     0.753326      0.00489191
0.8     0.0922185     0.764938      0
0.8     0.0922185     0.776174      0
0.8     0.0922185     0.787056      0
0.8     0.0922185     0.797607      0
0.8     0.172502     0      0
0.8     0.172502     0.090882      69.9196
0.8     0.172502     0.162808      189.076
0.8     0.172502     0.222336      370.238
0.8     0.172502     0.273119      508.024
0.8     0.172502     0.3174      563.512
0.8     0.172502     0.356656      539.612
0.8     0.172502     0.391914      526.02
0.8     0.172502     0.423911      536.702
0.8     0.172502     0.453202      503.769
0.8     0.172502     0.480207      466.001
0.8     0.172502     0.505259      393.356
0.8     0.172502     0.52862      322.5
0.8     0.172502     0.550505      260.664
0.8     0.172502     0.571089      212.276
0.8     0.172502     0.590518      157.465
0.8     0.172502     0.608916      108.079
0.8     0.172502     0.626385      71.3601
0.8     0.172502     0.643015      46.397
0.8     0.172502     0.658883      29.3613
0.8     0.172502     0.674056      18.5165
0.8     0.172502     0.688592      11.3206
0.8     0.172502     0.702543      6.71977
0.8     0.172502     0.715954      3.59355
0.8     0.172502     0.728864      1.65391
0.8     0.172502     0.741311      0.634047
0.8     0.172502     0.753326      0.153929
0.8     0.172502     0.764938      0.0053663
0.8     0.172502     0.776174      0
0.8     0.172502     0.787056      0
0.8     0.172502     0.797607      0
0.8     0.243589     0      0
0.8     0.243589     0.090882      70.486
0.8     0.243589     0.162808      195.384
0.8     0.243589     0.222336      393.763
0.8     0.243589     0.273119      563.676
0.8     0.243589     0.3174      653.174
0.8     0.243589     0.356656      641.983
0.8     0.243589     0.391914      616.193
0.8     0.243589     0.423911      644.679
0.8     0.243589     0.453202      620.414
0.8     0.243589     0.480207      588.834
0.8     0.243589     0.505259      535.243
0.8     0.243589     0.52862      460.539
0.8     0.243589     0.550505      379.649
0.8     0.243589     0.571089      307.715
0.8     0.243589     0.590518      247.76
0.8     0.243589     0.608916      181.677
0.8     0.243589     0.626385      123.484
0.8     0.243589     0.643015      81.3028
0.8     0.243589     0.658883      53.6604
0.8     0.243589     0.674056      34.1481
0.8     0.243589     0.688592      21.5617
0.8     0.243589     0.702543      13.2275
0.8     0.243589     0.715954      7.77662
0.8     0.243589     0.728864      4.12238
0.8     0.243589     0.741311      1.88925
0.8     0.243589     0.753326      0.659017
0.8     0.243589     0.764938      0.142448
0.8     0.243589     0.776174      0.00388575
0.8     0.243589     0.787056      0
0.8     0.243589     0.797607      0
0.8     0.307372     0      0
0.8     0.307372     0.090882      70.8775
0.8     0.307372     0.162808      200.993
0.8     0.307372     0.222336      415.978
0.8     0.307372     0.273119      622.828
0.8     0.307372     0.3174      743.939
0.8     0.307372     0.356656      746.611
0.8     0.307372     0.391914      717.674
0.8     0.307372     0.423911      749.246
0.8     0.307372     0.453202      744.627
0.8     0.307372     0.480207      730.178
0.8     0.307372     0.505259      686.516
0.8     0.307372     0.52862      628.491
0.8     0.307372     0.550505      529.912
0.8     0.307372     0.571089      444.233
0.8     0.307372     0.590518      359.896
0.8     0.307372     0.608916      283.772
0.8     0.307372     0.626385      205.266
0.8     0.307372     0.643015      138.446
0.8     0.307372     0.658883      90.4251
0.8     0.307372     0.674056      59.2152
0.8     0.307372     0.688592      37.7151
0.8     0.307372     0.702543      23.4257
0.8     0.307372     0.715954      14.4444
0.8     0.307372     0.728864      8.47496
0.8     0.307372     0.741311      4.40427
0.8     0.307372     0.753326      1.89747
0.8     0.307372     0.764938      0.610946
0.8     0.307372     0.776174      0.106953
0.8     0.307372     0.787056      0.000409107
0.8     0.307372     0.797607      0
0.8     0.365212     0      0
0.8     0.365212     0.090882      71.2104
0.8     0.365212     0.162808      206.181
0.8     0.365212     0.222336      437.417
0.8     0.365212     0.273119      682.836
0.8     0.365212     0.3174      840.978
0.8     0.365212     0.356656      870.47
0.8     0.365212     0.391914      838.093
0.8     0.365212     0.423911      825.981
0.8     0.365212     0.453202      868.172
0.8     0.365212     0.480207      875.243
0.8     0.365212     0.505259      844.582
0.8     0.365212     0.52862      816.222
0.8     0.365212     0.550505      721.702
0.8     0.365212     0.571089      619.099
0.8     0.365212     0.590518      517.131
0.8     0.365212     0.608916      412.665
0.8     0.365212     0.626385      319.829
0.8     0.365212     0.643015      227.343
0.8     0.365212     0.658883      150.95
0.8     0.365212     0.674056      96.328
0.8     0.365212     0.688592      62.3221
0.8     0.365212     0.702543      39.188
0.8     0.365212     0.715954      24.1377
0.8     0.365212     0.728864      14.7012
0.8     0.365212     0.741311      8.38262
0.8     0.365212     0.753326      4.13044
0.8     0.365212     0.764938      1.65413
0.8     0.365212     0.776174      0.452854
0.8     0.365212     0.787056      0.0478724
0.8     0.365212     0.797607      0
0.8     0.418124     0      0
0.8     0.418124     0.090882      71.4334
0.8     0.418124     0.162808      211.022
0.8     0.418124     0.222336      458.539
0.8     0.418124     0.273119      740.058
0.8     0.418124     0.3174      943.368
0.8     0.418124     0.356656      1006.86
0.8     0.418124     0.391914      968.132
0.8     0.418124     0.423911      928.471
0.8     0.418124     0.453202      976.52
0.8     0.418124     0.480207      1028.59
0.8     0.418124     0.505259      1031.66
0.8     0.418124     0.52862      1003.98
0.8     0.418124     0.550505      935.058
0.8     0.418124     0.571089      859.855
0.8     0.418124     0.590518      711.854
0.8     0.418124     0.608916      591.754
0.8     0.418124     0.626385      468.891
0.8     0.418124     0.643015      353.124
0.8     0.418124     0.658883      246.989
0.8     0.418124     0.674056      158.91
0.8     0.418124     0.688592      99.1126
0.8     0.418124     0.702543      63.0998
0.8     0.418124     0.715954      39.4086
0.8     0.418124     0.728864      23.8557
0.8     0.418124     0.741311      13.9312
0.8     0.418124     0.753326      7.39114
0.8     0.418124     0.764938      3.29989
0.8     0.418124     0.776174      1.04275
0.8     0.418124     0.787056      0.123781
0.8     0.418124     0.797607      1.95396e-08
0.8     0.466881     0      0
0.8     0.466881     0.090882      71.5532
0.8     0.466881     0.162808      215.367
0.8     0.466881     0.222336      478.132
0.8     0.466881     0.273119      795.745
0.8     0.466881     0.3174      1049.13
0.8     0.466881     0.356656      1153.11
0.8     0.466881     0.391914      1115.43
0.8     0.466881     0.423911      1078.9
0.8     0.466881     0.453202      1065.38
0.8     0.466881     0.480207      1175.84
0.8     0.466881     0.505259      1230.77
0.8     0.466881     0.52862      1219.44
0.8     0.466881     0.550505      1165.66
0.8     0.466881     0.571089      1135.82
0.8     0.466881     0.590518      1007.85
0.8     0.466881     0.608916      815.442
0.8     0.466881     0.626385      671.162
0.8     0.466881     0.643015      521.733
0.8     0.466881     0.658883      383.301
0.8     0.466881     0.674056      259.901
0.8     0.466881     0.688592      162.275
0.8     0.466881     0.702543      98.0753
0.8     0.466881     0.715954      61.5968
0.8     0.466881     0.728864      37.1895
0.8     0.466881     0.741311      21.5225
0.8     0.466881     0.753326      11.5738
0.8     0.466881     0.764938      5.45629
0.8     0.466881     0.776174      1.85517
0.8     0.466881     0.787056      0.256348
0.8     0.466881     0.797607      4.79995e-08
0.8     0.512089     0      0
0.8     0.512089     0.090882      71.5593
0.8     0.512089     0.162808      220.097
0.8     0.512089     0.222336      496.154
0.8     0.512089     0.273119      850.129
0.8     0.512089     0.3174      1163.45
0.8     0.512089     0.356656      1308.06
0.8     0.512089     0.391914      1294.87
0.8     0.512089     0.423911      1238.43
0.8     0.512089     0.453202      1195.8
0.8     0.512089     0.480207      1306.74
0.8     0.512089     0.505259      1423.42
0.8     0.512089     0.52862      1449.41
0.8     0.512089     0.550505      1421.63
0.8     0.512089     0.571089      1423.05
0.8     0.512089     0.590518      1356.69
0.8     0.512089     0.608916      1146.18
0.8     0.512089     0.626385      939.275
0.8     0.512089     0.643015      746.729
0.8     0.512089     0.658883      566.359
0.8     0.512089     0.674056      404.84
0.8     0.512089     0.688592      266.053
0.8     0.512089     0.702543      157.527
0.8     0.512089     0.715954      94.074
0.8     0.512089     0.728864      56.9088
0.8     0.512089     0.741311      32.6273
0.8     0.512089     0.753326      16.8926
0.8     0.512089     0.764938      7.67346
0.8     0.512089     0.776174      2.53324
0.8     0.512089     0.787056      0.322027
0.8     0.512089     0.797607      5.93476e-08
0.8     0.55423     0      0
0.8     0.55423     0.090882      71.5306
0.8     0.55423     0.162808      224.491
0.8     0.55423     0.222336      513.895
0.8     0.55423     0.273119      904.262
0.8     0.55423     0.3174      1280.11
0.8     0.55423     0.356656      1476.93
0.8     0.55423     0.391914      1499.39
0.8     0.55423     0.423911      1411.79
0.8     0.55423     0.453202      1376.41
0.8     0.55423     0.480207      1436.02
0.8     0.55423     0.505259      1622.28
0.8     0.55423     0.52862      1694.94
0.8     0.55423     0.550505      1718.93
0.8     0.55423     0.571089      1760.67
0.8     0.55423     0.590518      1724.66
0.8     0.55423     0.608916      1569.3
0.8     0.55423     0.626385      1311.86
0.8     0.55423     0.643015      1050.29
0.8     0.55423     0.658883      809.023
0.8     0.55423     0.674056      604.907
0.8     0.55423     0.688592      420.402
0.8     0.55423     0.702543      261.825
0.8     0.55423     0.715954      149.78
0.8     0.55423     0.728864      86.1326
0.8     0.55423     0.741311      49.3457
0.8     0.55423     0.753326      25.2761
0.8     0.55423     0.764938      10.757
0.8     0.55423     0.776174      3.17951
0.8     0.55423     0.787056      0.393194
0.8     0.55423     0.797607      7.22827e-08
0.8     0.593693     0      0
0.8     0.593693     0.090882      71.5133
0.8     0.593693     0.162808      228.44
0.8     0.593693     0.222336      530.49
0.8     0.593693     0.273119      955.076
0.8     0.593693     0.3174      1393.72
0.8     0.593693     0.356656      1658.54
0.8     0.593693     0.391914      1735.21
0.8     0.593693     0.423911      1625.3
0.8     0.593693     0.453202      1547.12
0.8     0.593693     0.480207      1611.38
0.8     0.593693     0.505259      1794.44
0.8     0.593693     0.52862      1936.82
0.8     0.593693     0.550505      2026.07
0.8     0.593693     0.571089      2119.47
0.8     0.593693     0.590518      2108.82
0.8     0.593693     0.608916      2025.33
0.8     0.593693     0.626385      1818.31
0.8     0.593693     0.643015      1459.97
0.8     0.593693     0.658883      1145.39
0.8     0.593693     0.674056      870.866
0.8     0.593693     0.688592      640.209
0.8     0.593693     0.702543      422.103
0.8     0.593693     0.715954      254.746
0.8     0.593693     0.728864      136.111
0.8     0.593693     0.741311      75.0236
0.8     0.593693     0.753326      38.9338
0.8     0.593693     0.764938      16.3269
0.8     0.593693     0.776174      4.55751
0.8     0.593693     0.787056      0.485233
0.8     0.593693     0.797607      8.69347e-08
0.8     0.630798     0      0
0.8     0.630798     0.090882      71.5515
0.8     0.630798     0.162808      232.266
0.8     0.630798     0.222336      546.341
0.8     0.630798     0.273119      1003.58
0.8     0.630798     0.3174      1506.15
0.8     0.630798     0.356656      1858.5
0.8     0.630798     0.391914      1994.69
0.8     0.630798     0.423911      1889.35
0.8     0.630798     0.453202      1745.34
0.8     0.630798     0.480207      1821.69
0.8     0.630798     0.505259      1960.2
0.8     0.630798     0.52862      2207.75
0.8     0.630798     0.550505      2329.54
0.8     0.630798     0.571089      2499
0.8     0.630798     0.590518      2565.57
0.8     0.630798     0.608916      2523.52
0.8     0.630798     0.626385      2401.7
0.8     0.630798     0.643015      2035.61
0.8     0.630798     0.658883      1570.99
0.8     0.630798     0.674056      1245.95
0.8     0.630798     0.688592      934.713
0.8     0.630798     0.702543      654.592
0.8     0.630798     0.715954      422.081
0.8     0.630798     0.728864      236.898
0.8     0.630798     0.741311      118.754
0.8     0.630798     0.753326      60.4501
0.8     0.630798     0.764938      26.5376
0.8     0.630798     0.776174      8.12645
0.8     0.630798     0.787056      1.02811
0.8     0.630798     0.797607      1.05586e-07
0.8     0.665812     0      0
0.8     0.665812     0.090882      71.5106
0.8     0.665812     0.162808      235.932
0.8     0.665812     0.222336      561.089
0.8     0.665812     0.273119      1049.23
0.8     0.665812     0.3174      1615.12
0.8     0.665812     0.356656      2059.61
0.8     0.665812     0.391914      2269.42
0.8     0.665812     0.423911      2207.06
0.8     0.665812     0.453202      2003.62
0.8     0.665812     0.480207      1991.34
0.8     0.665812     0.505259      2193.68
0.8     0.665812     0.52862      2390.58
0.8     0.665812     0.550505      2685.15
0.8     0.665812     0.571089      2887.53
0.8     0.665812     0.590518      3089.43
0.8     0.665812     0.608916      3070.17
0.8     0.665812     0.626385      3002.92
0.8     0.665812     0.643015      2704.91
0.8     0.665812     0.658883      2207.1
0.8     0.665812     0.674056      1707.96
0.8     0.665812     0.688592      1344.03
0.8     0.665812     0.702543      971.478
0.8     0.665812     0.715954      670.56
0.8     0.665812     0.728864      406.06
0.8     0.665812     0.741311      208.778
0.8     0.665812     0.753326      92.3116
0.8     0.665812     0.764938      39.6943
0.8     0.665812     0.776174      12.8867
0.8     0.665812     0.787056      1.78771
0.8     0.665812     0.797607      3.86417e-07
0.8     0.698958     0      0
0.8     0.698958     0.090882      71.4045
0.8     0.698958     0.162808      239.134
0.8     0.698958     0.222336      574.387
0.8     0.698958     0.273119      1094.82
0.8     0.698958     0.3174      1720.98
0.8     0.698958     0.356656      2263.97
0.8     0.698958     0.391914      2579.65
0.8     0.698958     0.423911      2560.85
0.8     0.698958     0.453202      2335.39
0.8     0.698958     0.480207      2234.23
0.8     0.698958     0.505259      2408.58
0.8     0.698958     0.52862      2604.89
0.8     0.698958     0.550505      2923.96
0.8     0.698958     0.571089      3346.15
0.8     0.698958     0.590518      3625.6
0.8     0.698958     0.608916      3724.32
0.8     0.698958     0.626385      3671.17
0.8     0.698958     0.643015      3418.93
0.8     0.698958     0.658883      2943.22
0.8     0.698958     0.674056      2435.46
0.8     0.698958     0.688592      1864.73
0.8     0.698958     0.702543      1402.97
0.8     0.698958     0.715954      1018.97
0.8     0.698958     0.728864      664.364
0.8     0.698958     0.741311      371.336
0.8     0.698958     0.753326      161.793
0.8     0.698958     0.764938      57.2696
0.8     0.698958     0.776174      18.5143
0.8     0.698958     0.787056      2.59681
0.8     0.698958     0.797607      5.93038e-07
0.8     0.730425     0      0
0.8     0.730425     0.090882      71.2982
0.8     0.730425     0.162808      241.803
0.8     0.730425     0.222336      586.578
0.8     0.730425     0.273119      1136.2
0.8     0.730425     0.3174      1821.11
0.8     0.730425     0.356656      2474.96
0.8     0.730425     0.391914      2907.67
0.8     0.730425     0.423911      2954.25
0.8     0.730425     0.453202      2729.46
0.8     0.730425     0.480207      2529.86
0.8     0.730425     0.505259      2604.9
0.8     0.730425     0.52862      2877.32
0.8     0.730425     0.550505      3132.34
0.8     0.730425     0.571089      3755.38
0.8     0.730425     0.590518      4230.24
0.8     0.730425     0.608916      4397.16
0.8     0.730425     0.626385      4405.12
0.8     0.730425     0.643015      4156.11
0.8     0.730425     0.658883      3770.25
0.8     0.730425     0.674056      3332.7
0.8     0.730425     0.688592      2674.1
0.8     0.730425     0.702543      1972.59
0.8     0.730425     0.715954      1488.16
0.8     0.730425     0.728864      1055.33
0.8     0.730425     0.741311      634.632
0.8     0.730425     0.753326      300.218
0.8     0.730425     0.764938      99.4365
0.8     0.730425     0.776174      24.6274
0.8     0.730425     0.787056      3.35439
0.8     0.730425     0.797607      7.3168e-07
0.8     0.760374     0      0
0.8     0.760374     0.090882      71.1354
0.8     0.760374     0.162808      243.884
0.8     0.760374     0.222336      597.772
0.8     0.760374     0.273119      1171.87
0.8     0.760374     0.3174      1915.42
0.8     0.760374     0.356656      2682.97
0.8     0.760374     0.391914      3250.45
0.8     0.760374     0.423911      3410.96
0.8     0.760374     0.453202      3185.34
0.8     0.760374     0.480207      2930.22
0.8     0.760374     0.505259      2848.72
0.8     0.760374     0.52862      3074.95
0.8     0.760374     0.550505      3401.9
0.8     0.760374     0.571089      4016.75
0.8     0.760374     0.590518      4848.69
0.8     0.760374     0.608916      5175.18
0.8     0.760374     0.626385      5251.61
0.8     0.760374     0.643015      5041.94
0.8     0.760374     0.658883      4646.16
0.8     0.760374     0.674056      4343.21
0.8     0.760374     0.688592      3731.03
0.8     0.760374     0.702543      2822.5
0.8     0.760374     0.715954      2119.65
0.8     0.760374     0.728864      1654.03
0.8     0.760374     0.741311      1030.28
0.8     0.760374     0.753326      546.558
0.8     0.760374     0.764938      207.585
0.8     0.760374     0.776174      42.7607
0.8     0.760374     0.787056      4.43788
0.8     0.760374     0.797607      9.45379e-07
0.8     0.788947     0      0
0.8     0.788947     0.090882      70.9059
0.8     0.788947     0.162808      245.481
0.8     0.788947     0.222336      607.586
0.8     0.788947     0.273119      1201.7
0.8     0.788947     0.3174      2005.71
0.8     0.788947     0.356656      2885.45
0.8     0.788947     0.391914      3613.75
0.8     0.788947     0.423911      3914.4
0.8     0.788947     0.453202      3714.81
0.8     0.788947     0.480207      3402.68
0.8     0.788947     0.505259      3205.14
0.8     0.788947     0.52862      3292.46
0.8     0.788947     0.550505      3667.19
0.8     0.788947     0.571089      4281.7
0.8     0.788947     0.590518      5145.93
0.8     0.788947     0.608916      6002.51
0.8     0.788947     0.626385      6291.58
0.8     0.788947     0.643015      6065.27
0.8     0.788947     0.658883      5655.77
0.8     0.788947     0.674056      5472.15
0.8     0.788947     0.688592      4974.5
0.8     0.788947     0.702543      4012.5
0.8     0.788947     0.715954      3028.65
0.8     0.788947     0.728864      2552.61
0.8     0.788947     0.741311      1614.57
0.8     0.788947     0.753326      939.422
0.8     0.788947     0.764938      423.747
0.8     0.788947     0.776174      113.01
0.8     0.788947     0.787056      8.43557
0.8     0.788947     0.797607      1.48577e-06
0.8     0.816262     0      0
0.8     0.816262     0.090882      70.6986
0.8     0.816262     0.162808      246.949
0.8     0.816262     0.222336      616.217
0.8     0.816262     0.273119      1227.9
0.8     0.816262     0.3174      2086.17
0.8     0.816262     0.356656      3080
0.8     0.816262     0.391914      3985.05
0.8     0.816262     0.423911      4452.41
0.8     0.816262     0.453202      4357.27
0.8     0.816262     0.480207      3954.26
0.8     0.816262     0.505259      3655.22
0.8     0.816262     0.52862      3590.68
0.8     0.816262     0.550505      3868.34
0.8     0.816262     0.571089      4610.53
0.8     0.816262     0.590518      5428.52
0.8     0.816262     0.608916      6455.65
0.8     0.816262     0.626385      7420.44
0.8     0.816262     0.643015      7338.08
0.8     0.816262     0.658883      6874.7
0.8     0.816262     0.674056      6790.25
0.8     0.816262     0.688592      6337.98
0.8     0.816262     0.702543      5465.73
0.8     0.816262     0.715954      4418.03
0.8     0.816262     0.728864      3831.27
0.8     0.816262     0.741311      2440.7
0.8     0.816262     0.753326      1530.62
0.8     0.816262     0.764938      799.845
0.8     0.816262     0.776174      284.698
0.8     0.816262     0.787056      39.9732
0.8     0.816262     0.797607      2.37088e-06
0.8     0.842428     0      0
0.8     0.842428     0.090882      70.4491
0.8     0.842428     0.162808      247.968
0.8     0.842428     0.222336      624.295
0.8     0.842428     0.273119      1250.49
0.8     0.842428     0.3174      2154.99
0.8     0.842428     0.356656      3263.55
0.8     0.842428     0.391914      4354.46
0.8     0.842428     0.423911      5026.66
0.8     0.842428     0.453202      5074.91
0.8     0.842428     0.480207      4661.46
0.8     0.842428     0.505259      4207.99
0.8     0.842428     0.52862      4011.56
0.8     0.842428     0.550505      4136.39
0.8     0.842428     0.571089      4778.57
0.8     0.842428     0.590518      5848.14
0.8     0.842428     0.608916      6795.83
0.8     0.842428     0.626385      8132.85
0.8     0.842428     0.643015      8763.93
0.8     0.842428     0.658883      8341.91
0.8     0.842428     0.674056      8479.73
0.8     0.842428     0.688592      7963.05
0.8     0.842428     0.702543      7074.15
0.8     0.842428     0.715954      6226.06
0.8     0.842428     0.728864      5823.76
0.8     0.842428     0.741311      3590.61
0.8     0.842428     0.753326      2352.49
0.8     0.842428     0.764938      1352.4
0.8     0.842428     0.776174      571.961
0.8     0.842428     0.787056      108.401
0.8     0.842428     0.797607      3.75541e-05
0.8     0.867536     0      0
0.8     0.867536     0.090882      70.1281
0.8     0.867536     0.162808      249.176
0.8     0.867536     0.222336      630.634
0.8     0.867536     0.273119      1270.36
0.8     0.867536     0.3174      2212.31
0.8     0.867536     0.356656      3435.79
0.8     0.867536     0.391914      4710.59
0.8     0.867536     0.423911      5640.75
0.8     0.867536     0.453202      5877.29
0.8     0.867536     0.480207      5509.84
0.8     0.867536     0.505259      4914.89
0.8     0.867536     0.52862      4528.85
0.8     0.867536     0.550505      4554.9
0.8     0.867536     0.571089      5049.55
0.8     0.867536     0.590518      6023.98
0.8     0.867536     0.608916      7322.85
0.8     0.867536     0.626385      8632.94
0.8     0.867536     0.643015      9629.98
0.8     0.867536     0.658883      10088.9
0.8     0.867536     0.674056      10457.9
0.8     0.867536     0.688592      10131.4
0.8     0.867536     0.702543      8995.26
0.8     0.867536     0.715954      8335.07
0.8     0.867536     0.728864      8556.83
0.8     0.867536     0.741311      5520.03
0.8     0.867536     0.753326      3475.68
0.8     0.867536     0.764938      2101.84
0.8     0.867536     0.776174      973.538
0.8     0.867536     0.787056      192.465
0.8     0.867536     0.797607      6.28969e-05
0.8     0.891668     0      0
0.8     0.891668     0.090882      69.7487
0.8     0.891668     0.162808      249.936
0.8     0.891668     0.222336      636.331
0.8     0.891668     0.273119      1286.05
0.8     0.891668     0.3174      2264.15
0.8     0.891668     0.356656      3589.04
0.8     0.891668     0.391914      5048.84
0.8     0.891668     0.423911      6262.8
0.8     0.891668     0.453202      6758.57
0.8     0.891668     0.480207      6504.74
0.8     0.891668     0.505259      5805.56
0.8     0.891668     0.52862      5225.37
0.8     0.891668     0.550505      5059.53
0.8     0.891668     0.571089      5472.58
0.8     0.891668     0.590518      6277.93
0.8     0.891668     0.608916      7513.61
0.8     0.891668     0.626385      9420.8
0.8     0.891668     0.643015      10296.5
0.8     0.891668     0.658883      11088.6
0.8     0.891668     0.674056      13125.1
0.8     0.891668     0.688592      12747.3
0.8     0.891668     0.702543      11622.1
0.8     0.891668     0.715954      10926.8
0.8     0.891668     0.728864      11870.1
0.8     0.891668     0.741311      8406.21
0.8     0.891668     0.753326      5375.58
0.8     0.891668     0.764938      3114.92
0.8     0.891668     0.776174      1532
0.8     0.891668     0.787056      294.493
0.8     0.891668     0.797607      8.24696e-05
0.8     0.914898     0      0
0.8     0.914898     0.090882      69.2817
0.8     0.914898     0.162808      249.909
0.8     0.914898     0.222336      639.841
0.8     0.914898     0.273119      1297.54
0.8     0.914898     0.3174      2303.75
0.8     0.914898     0.356656      3715.82
0.8     0.914898     0.391914      5368.14
0.8     0.914898     0.423911      6876.89
0.8     0.914898     0.453202      7711.17
0.8     0.914898     0.480207      7655.9
0.8     0.914898     0.505259      6897.51
0.8     0.914898     0.52862      6124.19
0.8     0.914898     0.550505      5762
0.8     0.914898     0.571089      5908.53
0.8     0.914898     0.590518      6637.65
0.8     0.914898     0.608916      7747.15
0.8     0.914898     0.626385      9636.97
0.8     0.914898     0.643015      11206.8
0.8     0.914898     0.658883      11952.6
0.8     0.914898     0.674056      14690
0.8     0.914898     0.688592      16296.1
0.8     0.914898     0.702543      15228.4
0.8     0.914898     0.715954      14417.7
0.8     0.914898     0.728864      15888.4
0.8     0.914898     0.741311      12096.4
0.8     0.914898     0.753326      8458.76
0.8     0.914898     0.764938      4833.79
0.8     0.914898     0.776174      2354.31
0.8     0.914898     0.787056      536.425
0.8     0.914898     0.797607      0.000158208
0.8     0.937291     0      0
0.8     0.937291     0.090882      68.6865
0.8     0.937291     0.162808      249.146
0.8     0.937291     0.222336      642.098
0.8     0.937291     0.273119      1308.5
0.8     0.937291     0.3174      2330.2
0.8     0.937291     0.356656      3803.97
0.8     0.937291     0.391914      5647.9
0.8     0.937291     0.423911      7469.92
0.8     0.937291     0.453202      8707.04
0.8     0.937291     0.480207      8945.42
0.8     0.937291     0.505259      8233.92
0.8     0.937291     0.52862      7259.17
0.8     0.937291     0.550505      6712.1
0.8     0.937291     0.571089      6598.25
0.8     0.937291     0.590518      7021.03
0.8     0.937291     0.608916      7945.25
0.8     0.937291     0.626385      9685.91
0.8     0.937291     0.643015      11249.2
0.8     0.937291     0.658883      12879.5
0.8     0.937291     0.674056      15884.2
0.8     0.937291     0.688592      18342.1
0.8     0.937291     0.702543      19584
0.8     0.937291     0.715954      20146.7
0.8     0.937291     0.728864      21148.4
0.8     0.937291     0.741311      16866.9
0.8     0.937291     0.753326      12629.8
0.8     0.937291     0.764938      7920.8
0.8     0.937291     0.776174      3749.14
0.8     0.937291     0.787056      966.686
0.8     0.937291     0.797607      0.000298647
0.8     0.958905     0      0
0.8     0.958905     0.090882      67.9706
0.8     0.958905     0.162808      249.188
0.8     0.958905     0.222336      643.357
0.8     0.958905     0.273119      1310.07
0.8     0.958905     0.3174      2336.58
0.8     0.958905     0.356656      3859.9
0.8     0.958905     0.391914      5863.74
0.8     0.958905     0.423911      8027.84
0.8     0.958905     0.453202      9703.16
0.8     0.958905     0.480207      10381.9
0.8     0.958905     0.505259      9796.81
0.8     0.958905     0.52862      8634.88
0.8     0.958905     0.550505      7891.78
0.8     0.958905     0.571089      7524.38
0.8     0.958905     0.590518      7710.33
0.8     0.958905     0.608916      8251.23
0.8     0.958905     0.626385      9496.99
0.8     0.958905     0.643015      11013.5
0.8     0.958905     0.658883      12439.7
0.8     0.958905     0.674056      16478.7
0.8     0.958905     0.688592      19888.5
0.8     0.958905     0.702543      22146
0.8     0.958905     0.715954      25745.5
0.8     0.958905     0.728864      28380.9
0.8     0.958905     0.741311      25372.1
0.8     0.958905     0.753326      18414.1
0.8     0.958905     0.764938      12420.3
0.8     0.958905     0.776174      6593.54
0.8     0.958905     0.787056      1598.75
0.8     0.958905     0.797607      0.000528956
0.8     0.979792     0      0
0.8     0.979792     0.090882      67.3423
0.8     0.979792     0.162808      249.392
0.8     0.979792     0.222336      641.173
0.8     0.979792     0.273119      1310.71
0.8     0.979792     0.3174      2333.98
0.8     0.979792     0.356656      3864.65
0.8     0.979792     0.391914      5985.83
0.8     0.979792     0.423911      8479.42
0.8     0.979792     0.453202      10673.7
0.8     0.979792     0.480207      11864
0.8     0.979792     0.505259      11559.8
0.8     0.979792     0.52862      10335.4
0.8     0.979792     0.550505      9270.72
0.8     0.979792     0.571089      8794.2
0.8     0.979792     0.590518      8704.49
0.8     0.979792     0.608916      8862.68
0.8     0.979792     0.626385      9704.09
0.8     0.979792     0.643015      10384.8
0.8     0.979792     0.658883      11174.8
0.8     0.979792     0.674056      15026.8
0.8     0.979792     0.688592      19249.2
0.8     0.979792     0.702543      24076.1
0.8     0.979792     0.715954      30711.5
0.8     0.979792     0.728864      35069.1
0.8     0.979792     0.741311      39497.4
0.8     0.979792     0.753326      33175.9
0.8     0.979792     0.764938      20589.2
0.8     0.979792     0.776174      10843.7
0.8     0.979792     0.787056      3267.28
0.8     0.979792     0.797607      0.000784679
0.8     1     0      0
0.8     1     0.090882      66.8965
0.8     1     0.162808      248.241
0.8     1     0.222336      625.128
0.8     1     0.273119      1292.04
0.8     1     0.3174      2273.53
0.8     1     0.356656      3775.79
0.8     1     0.391914      5970.92
0.8     1     0.423911      8710.07
0.8     1     0.453202      11383.3
0.8     1     0.480207      13179.1
0.8     1     0.505259      13422.1
0.8     1     0.52862      12219.5
0.8     1     0.550505      10881.4
0.8     1     0.571089      10366.7
0.8     1     0.590518      10133.5
0.8     1     0.608916      10206.3
0.8     1     0.626385      10321.9
0.8     1     0.643015      10167.8
0.8     1     0.658883      9722.51
0.8     1     0.674056      11725.4
0.8     1     0.688592      15008.7
0.8     1     0.702543      19517.5
0.8     1     0.715954      31358.8
0.8     1     0.728864      44096.5
0.8     1     0.741311      57286.4
0.8     1     0.753326      55940.6
0.8     1     0.764938      41427.8
0.8     1     0.776174      18915.7
0.8     1     0.787056      3643.2
0.8     1     0.797607      3.609
