                0.26             -1.0000              0.0000              0.0000
          0.26000000             -1.0000              0.0160            549.0250
          0.26000000             -1.0000              0.0287            874.1599
          0.26000000             -1.0000              0.0392           1004.3811
          0.26000000             -1.0000              0.0481           1118.2588
          0.26000000             -1.0000              0.0559           1213.4655
          0.26000000             -1.0000              0.0628           1220.5746
          0.26000000             -1.0000              0.0691           1576.3819
          0.26000000             -1.0000              0.0747           1335.2507
          0.26000000             -1.0000              0.0799           1118.1191
          0.26000000             -1.0000              0.0846            949.0802
          0.26000000             -1.0000              0.0890            805.9431
          0.26000000             -1.0000              0.0931            713.0678
          0.26000000             -1.0000              0.0970            604.8567
          0.26000000             -1.0000              0.1006            507.9825
          0.26000000             -1.0000              0.1040            424.1695
          0.26000000             -1.0000              0.1073            349.5804
          0.26000000             -1.0000              0.1104            289.1176
          0.26000000             -1.0000              0.1133            233.5577
          0.26000000             -1.0000              0.1161            180.1326
          0.26000000             -1.0000              0.1188            136.6738
          0.26000000             -1.0000              0.1213            103.9501
          0.26000000             -1.0000              0.1238             70.4954
          0.26000000             -1.0000              0.1261             46.5349
          0.26000000             -1.0000              0.1284             28.4339
          0.26000000             -1.0000              0.1306             15.7015
          0.26000000             -1.0000              0.1327              7.6814
          0.26000000             -1.0000              0.1348              3.2512
          0.26000000             -1.0000              0.1368              1.0163
          0.26000000             -1.0000              0.1387              0.1352
          0.26000000             -1.0000              0.1405              0.0000
          0.26000000             -0.6348              0.0000              0.0000
          0.26000000             -0.6348              0.0160            523.8800
          0.26000000             -0.6348              0.0287            861.7604
          0.26000000             -0.6348              0.0392           1033.9592
          0.26000000             -0.6348              0.0481           1162.6457
          0.26000000             -0.6348              0.0559           1285.8816
          0.26000000             -0.6348              0.0628           1335.3457
          0.26000000             -0.6348              0.0691           1780.0318
          0.26000000             -0.6348              0.0747           1608.8040
          0.26000000             -0.6348              0.0799           1422.5986
          0.26000000             -0.6348              0.0846           1245.6709
          0.26000000             -0.6348              0.0890           1084.6261
          0.26000000             -0.6348              0.0931            964.3072
          0.26000000             -0.6348              0.0970            821.2730
          0.26000000             -0.6348              0.1006            710.6321
          0.26000000             -0.6348              0.1040            613.2630
          0.26000000             -0.6348              0.1073            524.3155
          0.26000000             -0.6348              0.1104            502.5640
          0.26000000             -0.6348              0.1133            388.4049
          0.26000000             -0.6348              0.1161            295.0329
          0.26000000             -0.6348              0.1188            225.0964
          0.26000000             -0.6348              0.1213            171.2315
          0.26000000             -0.6348              0.1238            120.8419
          0.26000000             -0.6348              0.1261             83.2425
          0.26000000             -0.6348              0.1284             53.2035
          0.26000000             -0.6348              0.1306             31.0894
          0.26000000             -0.6348              0.1327             15.9985
          0.26000000             -0.6348              0.1348              6.7919
          0.26000000             -0.6348              0.1368              2.0239
          0.26000000             -0.6348              0.1387              0.2624
          0.26000000             -0.6348              0.1405              0.0000
          0.26000000             -0.4063              0.0000              0.0000
          0.26000000             -0.4063              0.0160            505.6714
          0.26000000             -0.4063              0.0287            831.5814
          0.26000000             -0.4063              0.0392           1045.8755
          0.26000000             -0.4063              0.0481           1189.7565
          0.26000000             -0.4063              0.0559           1322.9086
          0.26000000             -0.4063              0.0628           1382.0709
          0.26000000             -0.4063              0.0691           1871.7874
          0.26000000             -0.4063              0.0747           1735.4143
          0.26000000             -0.4063              0.0799           1596.1916
          0.26000000             -0.4063              0.0846           1448.6656
          0.26000000             -0.4063              0.0890           1288.2223
          0.26000000             -0.4063              0.0931           1160.3618
          0.26000000             -0.4063              0.0970           1001.8256
          0.26000000             -0.4063              0.1006            867.6552
          0.26000000             -0.4063              0.1040            753.8796
          0.26000000             -0.4063              0.1073            651.4638
          0.26000000             -0.4063              0.1104            694.7385
          0.26000000             -0.4063              0.1133            529.0207
          0.26000000             -0.4063              0.1161            400.5316
          0.26000000             -0.4063              0.1188            309.7056
          0.26000000             -0.4063              0.1213            237.0953
          0.26000000             -0.4063              0.1238            177.0261
          0.26000000             -0.4063              0.1261            120.0258
          0.26000000             -0.4063              0.1284             77.8829
          0.26000000             -0.4063              0.1306             47.0320
          0.26000000             -0.4063              0.1327             25.6361
          0.26000000             -0.4063              0.1348             11.6918
          0.26000000             -0.4063              0.1368              3.7831
          0.26000000             -0.4063              0.1387              0.5171
          0.26000000             -0.4063              0.1405              0.0000
          0.26000000             -0.2396              0.0000              0.0000
          0.26000000             -0.2396              0.0160            490.2225
          0.26000000             -0.2396              0.0287            809.5048
          0.26000000             -0.2396              0.0392           1031.5741
          0.26000000             -0.2396              0.0481           1211.9414
          0.26000000             -0.2396              0.0559           1345.6509
          0.26000000             -0.2396              0.0628           1415.5612
          0.26000000             -0.2396              0.0691           1898.3788
          0.26000000             -0.2396              0.0747           1815.5729
          0.26000000             -0.2396              0.0799           1700.7607
          0.26000000             -0.2396              0.0846           1577.2193
          0.26000000             -0.2396              0.0890           1443.9436
          0.26000000             -0.2396              0.0931           1317.4600
          0.26000000             -0.2396              0.0970           1148.7276
          0.26000000             -0.2396              0.1006           1005.0717
          0.26000000             -0.2396              0.1040            875.9345
          0.26000000             -0.2396              0.1073            757.8328
          0.26000000             -0.2396              0.1104            849.2995
          0.26000000             -0.2396              0.1133            644.7602
          0.26000000             -0.2396              0.1161            490.6210
          0.26000000             -0.2396              0.1188            380.6503
          0.26000000             -0.2396              0.1213            290.3751
          0.26000000             -0.2396              0.1238            232.3511
          0.26000000             -0.2396              0.1261            150.8634
          0.26000000             -0.2396              0.1284            101.0165
          0.26000000             -0.2396              0.1306             58.3623
          0.26000000             -0.2396              0.1327             30.8621
          0.26000000             -0.2396              0.1348             13.5985
          0.26000000             -0.2396              0.1368              4.2824
          0.26000000             -0.2396              0.1387              0.5739
          0.26000000             -0.2396              0.1405              0.0000
          0.26000000             -0.1083              0.0000              0.0000
          0.26000000             -0.1083              0.0160            476.8504
          0.26000000             -0.1083              0.0287            788.7576
          0.26000000             -0.1083              0.0392           1014.6689
          0.26000000             -0.1083              0.0481           1222.1747
          0.26000000             -0.1083              0.0559           1361.4507
          0.26000000             -0.1083              0.0628           1440.2771
          0.26000000             -0.1083              0.0691           1910.7949
          0.26000000             -0.1083              0.0747           1853.5565
          0.26000000             -0.1083              0.0799           1771.1458
          0.26000000             -0.1083              0.0846           1670.5783
          0.26000000             -0.1083              0.0890           1549.4514
          0.26000000             -0.1083              0.0931           1447.2164
          0.26000000             -0.1083              0.0970           1277.5227
          0.26000000             -0.1083              0.1006           1123.3872
          0.26000000             -0.1083              0.1040            983.5480
          0.26000000             -0.1083              0.1073            853.6117
          0.26000000             -0.1083              0.1104            980.7690
          0.26000000             -0.1083              0.1133            743.6286
          0.26000000             -0.1083              0.1161            569.1047
          0.26000000             -0.1083              0.1188            443.2238
          0.26000000             -0.1083              0.1213            339.8129
          0.26000000             -0.1083              0.1238            292.1418
          0.26000000             -0.1083              0.1261            183.0129
          0.26000000             -0.1083              0.1284            130.9812
          0.26000000             -0.1083              0.1306             73.1323
          0.26000000             -0.1083              0.1327             38.4213
          0.26000000             -0.1083              0.1348             16.3589
          0.26000000             -0.1083              0.1368              5.0361
          0.26000000             -0.1083              0.1387              0.6600
          0.26000000             -0.1083              0.1405              0.0000
          0.26000000             -0.0000              0.0000              0.0000
          0.26000000             -0.0000              0.0160            463.6591
          0.26000000             -0.0000              0.0287            767.3134
          0.26000000             -0.0000              0.0392            994.4513
          0.26000000             -0.0000              0.0481           1229.8629
          0.26000000             -0.0000              0.0559           1384.6374
          0.26000000             -0.0000              0.0628           1459.1436
          0.26000000             -0.0000              0.0691           1900.8815
          0.26000000             -0.0000              0.0747           1877.0912
          0.26000000             -0.0000              0.0799           1818.3077
          0.26000000             -0.0000              0.0846           1734.4622
          0.26000000             -0.0000              0.0890           1633.1044
          0.26000000             -0.0000              0.0931           1540.2701
          0.26000000             -0.0000              0.0970           1386.9688
          0.26000000             -0.0000              0.1006           1231.8740
          0.26000000             -0.0000              0.1040           1080.9659
          0.26000000             -0.0000              0.1073            940.5371
          0.26000000             -0.0000              0.1104           1098.9975
          0.26000000             -0.0000              0.1133            833.6056
          0.26000000             -0.0000              0.1161            637.7113
          0.26000000             -0.0000              0.1188            499.8844
          0.26000000             -0.0000              0.1213            386.7761
          0.26000000             -0.0000              0.1238            354.3696
          0.26000000             -0.0000              0.1261            218.4812
          0.26000000             -0.0000              0.1284            169.3416
          0.26000000             -0.0000              0.1306             93.5483
          0.26000000             -0.0000              0.1327             49.0497
          0.26000000             -0.0000              0.1348             20.4294
          0.26000000             -0.0000              0.1368              6.2487
          0.26000000             -0.0000              0.1387              0.8212
          0.26000000             -0.0000              0.1405              0.0000
          0.26000000              0.0922              0.0000              0.0000
          0.26000000              0.0922              0.0160            451.0366
          0.26000000              0.0922              0.0287            747.5599
          0.26000000              0.0922              0.0392            972.7822
          0.26000000              0.0922              0.0481           1218.9087
          0.26000000              0.0922              0.0559           1409.0831
          0.26000000              0.0922              0.0628           1480.2874
          0.26000000              0.0922              0.0691           1882.5267
          0.26000000              0.0922              0.0747           1889.2282
          0.26000000              0.0922              0.0799           1851.0912
          0.26000000              0.0922              0.0846           1791.7453
          0.26000000              0.0922              0.0890           1689.7211
          0.26000000              0.0922              0.0931           1615.1535
          0.26000000              0.0922              0.0970           1468.4856
          0.26000000              0.0922              0.1006           1326.5291
          0.26000000              0.0922              0.1040           1175.5926
          0.26000000              0.0922              0.1073           1027.1469
          0.26000000              0.0922              0.1104           1204.7005
          0.26000000              0.0922              0.1133            915.8248
          0.26000000              0.0922              0.1161            701.5212
          0.26000000              0.0922              0.1188            554.4147
          0.26000000              0.0922              0.1213            430.2495
          0.26000000              0.0922              0.1238            413.2034
          0.26000000              0.0922              0.1261            254.8972
          0.26000000              0.0922              0.1284            211.3185
          0.26000000              0.0922              0.1306            117.0144
          0.26000000              0.0922              0.1327             61.9981
          0.26000000              0.0922              0.1348             25.7666
          0.26000000              0.0922              0.1368              7.9745
          0.26000000              0.0922              0.1387              1.0783
          0.26000000              0.0922              0.1405              0.0000
          0.26000000              0.1725              0.0000              0.0000
          0.26000000              0.1725              0.0160            438.2373
          0.26000000              0.1725              0.0287            730.4255
          0.26000000              0.1725              0.0392            953.8603
          0.26000000              0.1725              0.0481           1198.4191
          0.26000000              0.1725              0.0559           1423.8772
          0.26000000              0.1725              0.0628           1505.8748
          0.26000000              0.1725              0.0691           1874.5321
          0.26000000              0.1725              0.0747           1893.2183
          0.26000000              0.1725              0.0799           1869.4752
          0.26000000              0.1725              0.0846           1829.5007
          0.26000000              0.1725              0.0890           1747.4503
          0.26000000              0.1725              0.0931           1668.7881
          0.26000000              0.1725              0.0970           1534.3231
          0.26000000              0.1725              0.1006           1398.4218
          0.26000000              0.1725              0.1040           1259.5582
          0.26000000              0.1725              0.1073           1109.2984
          0.26000000              0.1725              0.1104           1305.5029
          0.26000000              0.1725              0.1133            990.2881
          0.26000000              0.1725              0.1161            763.0799
          0.26000000              0.1725              0.1188            603.7375
          0.26000000              0.1725              0.1213            469.2096
          0.26000000              0.1725              0.1238            467.3019
          0.26000000              0.1725              0.1261            288.6168
          0.26000000              0.1725              0.1284            249.5380
          0.26000000              0.1725              0.1306            138.6225
          0.26000000              0.1725              0.1327             74.5912
          0.26000000              0.1725              0.1348             30.6792
          0.26000000              0.1725              0.1368              9.3193
          0.26000000              0.1725              0.1387              1.2319
          0.26000000              0.1725              0.1405              0.0000
          0.26000000              0.2436              0.0000              0.0000
          0.26000000              0.2436              0.0160            425.9773
          0.26000000              0.2436              0.0287            715.5470
          0.26000000              0.2436              0.0392            935.9646
          0.26000000              0.2436              0.0481           1178.5648
          0.26000000              0.2436              0.0559           1422.7204
          0.26000000              0.2436              0.0628           1539.3033
          0.26000000              0.2436              0.0691           1852.7131
          0.26000000              0.2436              0.0747           1904.8014
          0.26000000              0.2436              0.0799           1889.2200
          0.26000000              0.2436              0.0846           1852.3832
          0.26000000              0.2436              0.0890           1784.2363
          0.26000000              0.2436              0.0931           1720.3107
          0.26000000              0.2436              0.0970           1585.4401
          0.26000000              0.2436              0.1006           1458.5279
          0.26000000              0.2436              0.1040           1323.5184
          0.26000000              0.2436              0.1073           1184.0058
          0.26000000              0.2436              0.1104           1401.2589
          0.26000000              0.2436              0.1133           1065.2513
          0.26000000              0.2436              0.1161            819.1121
          0.26000000              0.2436              0.1188            650.8977
          0.26000000              0.2436              0.1213            506.4962
          0.26000000              0.2436              0.1238            516.6545
          0.26000000              0.2436              0.1261            318.0411
          0.26000000              0.2436              0.1284            281.5119
          0.26000000              0.2436              0.1306            157.5690
          0.26000000              0.2436              0.1327             85.5545
          0.26000000              0.2436              0.1348             35.2761
          0.26000000              0.2436              0.1368             10.6889
          0.26000000              0.2436              0.1387              1.3820
          0.26000000              0.2436              0.1405              0.0000
          0.26000000              0.3074              0.0000              0.0000
          0.26000000              0.3074              0.0160            414.4579
          0.26000000              0.3074              0.0287            701.7538
          0.26000000              0.3074              0.0392            922.2236
          0.26000000              0.3074              0.0481           1158.7689
          0.26000000              0.3074              0.0559           1413.1131
          0.26000000              0.3074              0.0628           1560.9530
          0.26000000              0.3074              0.0691           1844.3322
          0.26000000              0.3074              0.0747           1910.2351
          0.26000000              0.3074              0.0799           1920.3522
          0.26000000              0.3074              0.0846           1871.7806
          0.26000000              0.3074              0.0890           1816.1576
          0.26000000              0.3074              0.0931           1760.9854
          0.26000000              0.3074              0.0970           1630.5434
          0.26000000              0.3074              0.1006           1505.9720
          0.26000000              0.3074              0.1040           1379.6086
          0.26000000              0.3074              0.1073           1241.6798
          0.26000000              0.3074              0.1104           1490.5742
          0.26000000              0.3074              0.1133           1141.0864
          0.26000000              0.3074              0.1161            874.6409
          0.26000000              0.3074              0.1188            694.5273
          0.26000000              0.3074              0.1213            542.2640
          0.26000000              0.3074              0.1238            562.4319
          0.26000000              0.3074              0.1261            345.1842
          0.26000000              0.3074              0.1284            308.2463
          0.26000000              0.3074              0.1306            172.8903
          0.26000000              0.3074              0.1327             94.6570
          0.26000000              0.3074              0.1348             39.7446
          0.26000000              0.3074              0.1368             12.3283
          0.26000000              0.3074              0.1387              1.6128
          0.26000000              0.3074              0.1405              0.0000
          0.26000000              0.3652              0.0000              0.0000
          0.26000000              0.3652              0.0160            403.5283
          0.26000000              0.3652              0.0287            689.6206
          0.26000000              0.3652              0.0392            909.2832
          0.26000000              0.3652              0.0481           1142.5541
          0.26000000              0.3652              0.0559           1397.6396
          0.26000000              0.3652              0.0628           1569.2420
          0.26000000              0.3652              0.0691           1842.0620
          0.26000000              0.3652              0.0747           1922.3862
          0.26000000              0.3652              0.0799           1945.7514
          0.26000000              0.3652              0.0846           1913.0416
          0.26000000              0.3652              0.0890           1836.7265
          0.26000000              0.3652              0.0931           1790.2346
          0.26000000              0.3652              0.0970           1671.5187
          0.26000000              0.3652              0.1006           1551.0538
          0.26000000              0.3652              0.1040           1423.5394
          0.26000000              0.3652              0.1073           1293.9836
          0.26000000              0.3652              0.1104           1567.8427
          0.26000000              0.3652              0.1133           1210.6521
          0.26000000              0.3652              0.1161            934.3850
          0.26000000              0.3652              0.1188            737.1150
          0.26000000              0.3652              0.1213            575.9592
          0.26000000              0.3652              0.1238            602.5148
          0.26000000              0.3652              0.1261            369.5959
          0.26000000              0.3652              0.1284            329.0875
          0.26000000              0.3652              0.1306            184.2767
          0.26000000              0.3652              0.1327            101.1672
          0.26000000              0.3652              0.1348             42.7391
          0.26000000              0.3652              0.1368             13.5111
          0.26000000              0.3652              0.1387              1.8047
          0.26000000              0.3652              0.1405              0.0000
          0.26000000              0.4181              0.0000              0.0000
          0.26000000              0.4181              0.0160            393.8748
          0.26000000              0.4181              0.0287            676.3715
          0.26000000              0.4181              0.0392            895.6264
          0.26000000              0.4181              0.0481           1129.7929
          0.26000000              0.4181              0.0559           1377.9549
          0.26000000              0.4181              0.0628           1567.2241
          0.26000000              0.4181              0.0691           1833.7773
          0.26000000              0.4181              0.0747           1934.5706
          0.26000000              0.4181              0.0799           1971.7637
          0.26000000              0.4181              0.0846           1952.3564
          0.26000000              0.4181              0.0890           1875.4678
          0.26000000              0.4181              0.0931           1814.7306
          0.26000000              0.4181              0.0970           1698.5878
          0.26000000              0.4181              0.1006           1591.2017
          0.26000000              0.4181              0.1040           1464.3769
          0.26000000              0.4181              0.1073           1334.5093
          0.26000000              0.4181              0.1104           1631.0190
          0.26000000              0.4181              0.1133           1276.2792
          0.26000000              0.4181              0.1161            992.5367
          0.26000000              0.4181              0.1188            787.2631
          0.26000000              0.4181              0.1213            609.0512
          0.26000000              0.4181              0.1238            639.5220
          0.26000000              0.4181              0.1261            391.9707
          0.26000000              0.4181              0.1284            345.8638
          0.26000000              0.4181              0.1306            193.2172
          0.26000000              0.4181              0.1327            106.1697
          0.26000000              0.4181              0.1348             44.7808
          0.26000000              0.4181              0.1368             14.1508
          0.26000000              0.4181              0.1387              1.9368
          0.26000000              0.4181              0.1405              0.0000
          0.26000000              0.4669              0.0000              0.0000
          0.26000000              0.4669              0.0160            384.7097
          0.26000000              0.4669              0.0287            662.8558
          0.26000000              0.4669              0.0392            881.0155
          0.26000000              0.4669              0.0481           1119.5995
          0.26000000              0.4669              0.0559           1361.3250
          0.26000000              0.4669              0.0628           1556.6549
          0.26000000              0.4669              0.0691           1822.4122
          0.26000000              0.4669              0.0747           1950.4184
          0.26000000              0.4669              0.0799           2003.1902
          0.26000000              0.4669              0.0846           1985.2195
          0.26000000              0.4669              0.0890           1916.8656
          0.26000000              0.4669              0.0931           1848.1122
          0.26000000              0.4669              0.0970           1725.8479
          0.26000000              0.4669              0.1006           1618.3060
          0.26000000              0.4669              0.1040           1500.7487
          0.26000000              0.4669              0.1073           1370.6649
          0.26000000              0.4669              0.1104           1685.0389
          0.26000000              0.4669              0.1133           1327.8106
          0.26000000              0.4669              0.1161           1048.0947
          0.26000000              0.4669              0.1188            835.0846
          0.26000000              0.4669              0.1213            650.5958
          0.26000000              0.4669              0.1238            672.6174
          0.26000000              0.4669              0.1261            412.2248
          0.26000000              0.4669              0.1284            360.3650
          0.26000000              0.4669              0.1306            201.4303
          0.26000000              0.4669              0.1327            110.1702
          0.26000000              0.4669              0.1348             46.5724
          0.26000000              0.4669              0.1368             14.7522
          0.26000000              0.4669              0.1387              1.9938
          0.26000000              0.4669              0.1405              0.0000
          0.26000000              0.5121              0.0000              0.0000
          0.26000000              0.5121              0.0160            376.1649
          0.26000000              0.5121              0.0287            648.4483
          0.26000000              0.5121              0.0392            865.1956
          0.26000000              0.5121              0.0481           1109.0291
          0.26000000              0.5121              0.0559           1350.8400
          0.26000000              0.5121              0.0628           1542.5108
          0.26000000              0.5121              0.0691           1805.8933
          0.26000000              0.5121              0.0747           1962.3152
          0.26000000              0.5121              0.0799           2035.5498
          0.26000000              0.5121              0.0846           2030.7439
          0.26000000              0.5121              0.0890           1955.9385
          0.26000000              0.5121              0.0931           1895.7216
          0.26000000              0.5121              0.0970           1752.0928
          0.26000000              0.5121              0.1006           1643.0907
          0.26000000              0.5121              0.1040           1533.8010
          0.26000000              0.5121              0.1073           1404.4124
          0.26000000              0.5121              0.1104           1737.4099
          0.26000000              0.5121              0.1133           1377.2118
          0.26000000              0.5121              0.1161           1094.7065
          0.26000000              0.5121              0.1188            882.2558
          0.26000000              0.5121              0.1213            691.2819
          0.26000000              0.5121              0.1238            708.9075
          0.26000000              0.5121              0.1261            431.3105
          0.26000000              0.5121              0.1284            374.1508
          0.26000000              0.5121              0.1306            208.8297
          0.26000000              0.5121              0.1327            114.2979
          0.26000000              0.5121              0.1348             48.3067
          0.26000000              0.5121              0.1368             15.2284
          0.26000000              0.5121              0.1387              2.0459
          0.26000000              0.5121              0.1405              0.0000
          0.26000000              0.5542              0.0000              0.0000
          0.26000000              0.5542              0.0160            368.0356
          0.26000000              0.5542              0.0287            633.4492
          0.26000000              0.5542              0.0392            847.9754
          0.26000000              0.5542              0.0481           1097.5504
          0.26000000              0.5542              0.0559           1338.7016
          0.26000000              0.5542              0.0628           1532.1559
          0.26000000              0.5542              0.0691           1777.8595
          0.26000000              0.5542              0.0747           1967.4689
          0.26000000              0.5542              0.0799           2067.9476
          0.26000000              0.5542              0.0846           2078.1864
          0.26000000              0.5542              0.0890           2002.4827
          0.26000000              0.5542              0.0931           1942.0407
          0.26000000              0.5542              0.0970           1797.3531
          0.26000000              0.5542              0.1006           1668.7704
          0.26000000              0.5542              0.1040           1557.0383
          0.26000000              0.5542              0.1073           1436.3462
          0.26000000              0.5542              0.1104           1778.5396
          0.26000000              0.5542              0.1133           1423.6166
          0.26000000              0.5542              0.1161           1130.4709
          0.26000000              0.5542              0.1188            924.7811
          0.26000000              0.5542              0.1213            734.3393
          0.26000000              0.5542              0.1238            750.6659
          0.26000000              0.5542              0.1261            450.6251
          0.26000000              0.5542              0.1284            386.3706
          0.26000000              0.5542              0.1306            215.8095
          0.26000000              0.5542              0.1327            118.0432
          0.26000000              0.5542              0.1348             49.7506
          0.26000000              0.5542              0.1368             15.5092
          0.26000000              0.5542              0.1387              2.1110
          0.26000000              0.5542              0.1405              0.0000
          0.26000000              0.5937              0.0000              0.0000
          0.26000000              0.5937              0.0160            360.2520
          0.26000000              0.5937              0.0287            618.2209
          0.26000000              0.5937              0.0392            832.6775
          0.26000000              0.5937              0.0481           1085.6611
          0.26000000              0.5937              0.0559           1326.2944
          0.26000000              0.5937              0.0628           1521.4426
          0.26000000              0.5937              0.0691           1751.7085
          0.26000000              0.5937              0.0747           1963.1946
          0.26000000              0.5937              0.0799           2097.1685
          0.26000000              0.5937              0.0846           2128.5210
          0.26000000              0.5937              0.0890           2056.7613
          0.26000000              0.5937              0.0931           1988.9905
          0.26000000              0.5937              0.0970           1850.6218
          0.26000000              0.5937              0.1006           1701.7334
          0.26000000              0.5937              0.1040           1584.9412
          0.26000000              0.5937              0.1073           1462.3917
          0.26000000              0.5937              0.1104           1810.9527
          0.26000000              0.5937              0.1133           1460.8087
          0.26000000              0.5937              0.1161           1168.0850
          0.26000000              0.5937              0.1188            959.2235
          0.26000000              0.5937              0.1213            772.3244
          0.26000000              0.5937              0.1238            792.7984
          0.26000000              0.5937              0.1261            478.5974
          0.26000000              0.5937              0.1284            398.1289
          0.26000000              0.5937              0.1306            222.6656
          0.26000000              0.5937              0.1327            121.6839
          0.26000000              0.5937              0.1348             51.3074
          0.26000000              0.5937              0.1368             16.0268
          0.26000000              0.5937              0.1387              2.1338
          0.26000000              0.5937              0.1405              0.0000
          0.26000000              0.6308              0.0000              0.0000
          0.26000000              0.6308              0.0160            352.7994
          0.26000000              0.6308              0.0287            602.9023
          0.26000000              0.6308              0.0392            817.9209
          0.26000000              0.6308              0.0481           1072.7328
          0.26000000              0.6308              0.0559           1315.8099
          0.26000000              0.6308              0.0628           1509.2235
          0.26000000              0.6308              0.0691           1732.6257
          0.26000000              0.6308              0.0747           1951.4178
          0.26000000              0.6308              0.0799           2124.1854
          0.26000000              0.6308              0.0846           2179.8039
          0.26000000              0.6308              0.0890           2117.2290
          0.26000000              0.6308              0.0931           2041.7502
          0.26000000              0.6308              0.0970           1901.9092
          0.26000000              0.6308              0.1006           1745.6386
          0.26000000              0.6308              0.1040           1616.2086
          0.26000000              0.6308              0.1073           1487.7407
          0.26000000              0.6308              0.1104           1844.7577
          0.26000000              0.6308              0.1133           1491.6197
          0.26000000              0.6308              0.1161           1204.3580
          0.26000000              0.6308              0.1188            988.5482
          0.26000000              0.6308              0.1213            804.9741
          0.26000000              0.6308              0.1238            832.9519
          0.26000000              0.6308              0.1261            509.0346
          0.26000000              0.6308              0.1284            415.9474
          0.26000000              0.6308              0.1306            229.5507
          0.26000000              0.6308              0.1327            125.3961
          0.26000000              0.6308              0.1348             53.1375
          0.26000000              0.6308              0.1368             16.7692
          0.26000000              0.6308              0.1387              2.2752
          0.26000000              0.6308              0.1405              0.0000
          0.26000000              0.6658              0.0000              0.0000
          0.26000000              0.6658              0.0160            345.5936
          0.26000000              0.6658              0.0287            587.5678
          0.26000000              0.6658              0.0392            801.8563
          0.26000000              0.6658              0.0481           1058.2299
          0.26000000              0.6658              0.0559           1305.6183
          0.26000000              0.6658              0.0628           1498.5941
          0.26000000              0.6658              0.0691           1715.9629
          0.26000000              0.6658              0.0747           1941.9177
          0.26000000              0.6658              0.0799           2140.4096
          0.26000000              0.6658              0.0846           2225.5882
          0.26000000              0.6658              0.0890           2181.5711
          0.26000000              0.6658              0.0931           2104.7072
          0.26000000              0.6658              0.0970           1956.6192
          0.26000000              0.6658              0.1006           1797.0948
          0.26000000              0.6658              0.1040           1655.9586
          0.26000000              0.6658              0.1073           1517.1755
          0.26000000              0.6658              0.1104           1870.1302
          0.26000000              0.6658              0.1133           1516.8633
          0.26000000              0.6658              0.1161           1235.3291
          0.26000000              0.6658              0.1188           1021.3489
          0.26000000              0.6658              0.1213            827.4080
          0.26000000              0.6658              0.1238            869.1394
          0.26000000              0.6658              0.1261            542.0300
          0.26000000              0.6658              0.1284            441.1753
          0.26000000              0.6658              0.1306            236.7526
          0.26000000              0.6658              0.1327            128.9903
          0.26000000              0.6658              0.1348             54.6481
          0.26000000              0.6658              0.1368             17.2602
          0.26000000              0.6658              0.1387              2.3028
          0.26000000              0.6658              0.1405              0.0000
          0.26000000              0.6990              0.0000              0.0000
          0.26000000              0.6990              0.0160            338.6130
          0.26000000              0.6990              0.0287            572.3848
          0.26000000              0.6990              0.0392            785.2039
          0.26000000              0.6990              0.0481           1041.8356
          0.26000000              0.6990              0.0559           1295.0469
          0.26000000              0.6990              0.0628           1489.0695
          0.26000000              0.6990              0.0691           1703.4166
          0.26000000              0.6990              0.0747           1930.8155
          0.26000000              0.6990              0.0799           2144.9525
          0.26000000              0.6990              0.0846           2271.6400
          0.26000000              0.6990              0.0890           2247.9439
          0.26000000              0.6990              0.0931           2171.8376
          0.26000000              0.6990              0.0970           2016.1960
          0.26000000              0.6990              0.1006           1851.8082
          0.26000000              0.6990              0.1040           1705.0367
          0.26000000              0.6990              0.1073           1552.9388
          0.26000000              0.6990              0.1104           1895.6683
          0.26000000              0.6990              0.1133           1536.9244
          0.26000000              0.6990              0.1161           1256.5034
          0.26000000              0.6990              0.1188           1046.5791
          0.26000000              0.6990              0.1213            852.8755
          0.26000000              0.6990              0.1238            896.1741
          0.26000000              0.6990              0.1261            571.8305
          0.26000000              0.6990              0.1284            469.1945
          0.26000000              0.6990              0.1306            253.6719
          0.26000000              0.6990              0.1327            132.1160
          0.26000000              0.6990              0.1348             56.0124
          0.26000000              0.6990              0.1368             17.5600
          0.26000000              0.6990              0.1387              2.3386
          0.26000000              0.6990              0.1405              0.0000
          0.26000000              0.7304              0.0000              0.0000
          0.26000000              0.7304              0.0160            331.8359
          0.26000000              0.7304              0.0287            557.2642
          0.26000000              0.7304              0.0392            767.6494
          0.26000000              0.7304              0.0481           1023.7909
          0.26000000              0.7304              0.0559           1283.7936
          0.26000000              0.7304              0.0628           1477.6087
          0.26000000              0.7304              0.0691           1694.6410
          0.26000000              0.7304              0.0747           1924.2080
          0.26000000              0.7304              0.0799           2147.9809
          0.26000000              0.7304              0.0846           2305.8713
          0.26000000              0.7304              0.0890           2314.3851
          0.26000000              0.7304              0.0931           2246.1907
          0.26000000              0.7304              0.0970           2086.2029
          0.26000000              0.7304              0.1006           1911.2732
          0.26000000              0.7304              0.1040           1759.3046
          0.26000000              0.7304              0.1073           1599.2054
          0.26000000              0.7304              0.1104           1922.6632
          0.26000000              0.7304              0.1133           1558.5911
          0.26000000              0.7304              0.1161           1274.6722
          0.26000000              0.7304              0.1188           1065.6833
          0.26000000              0.7304              0.1213            874.4579
          0.26000000              0.7304              0.1238            920.0348
          0.26000000              0.7304              0.1261            596.8022
          0.26000000              0.7304              0.1284            498.5250
          0.26000000              0.7304              0.1306            274.6190
          0.26000000              0.7304              0.1327            138.2341
          0.26000000              0.7304              0.1348             57.1858
          0.26000000              0.7304              0.1368             18.0066
          0.26000000              0.7304              0.1387              2.4035
          0.26000000              0.7304              0.1405              0.0000
          0.26000000              0.7604              0.0000              0.0000
          0.26000000              0.7604              0.0160            325.5110
          0.26000000              0.7604              0.0287            543.2111
          0.26000000              0.7604              0.0392            749.5796
          0.26000000              0.7604              0.0481           1004.0812
          0.26000000              0.7604              0.0559           1271.2531
          0.26000000              0.7604              0.0628           1467.3099
          0.26000000              0.7604              0.0691           1685.1875
          0.26000000              0.7604              0.0747           1919.6898
          0.26000000              0.7604              0.0799           2151.4414
          0.26000000              0.7604              0.0846           2330.3485
          0.26000000              0.7604              0.0890           2372.2395
          0.26000000              0.7604              0.0931           2322.2851
          0.26000000              0.7604              0.0970           2164.4333
          0.26000000              0.7604              0.1006           1983.5976
          0.26000000              0.7604              0.1040           1820.7811
          0.26000000              0.7604              0.1073           1650.9241
          0.26000000              0.7604              0.1104           1953.9369
          0.26000000              0.7604              0.1133           1584.0961
          0.26000000              0.7604              0.1161           1288.3356
          0.26000000              0.7604              0.1188           1077.7009
          0.26000000              0.7604              0.1213            891.5009
          0.26000000              0.7604              0.1238            945.0626
          0.26000000              0.7604              0.1261            611.5038
          0.26000000              0.7604              0.1284            525.2227
          0.26000000              0.7604              0.1306            299.7347
          0.26000000              0.7604              0.1327            155.2461
          0.26000000              0.7604              0.1348             58.6035
          0.26000000              0.7604              0.1368             18.4220
          0.26000000              0.7604              0.1387              2.5226
          0.26000000              0.7604              0.1405              0.0000
          0.26000000              0.7889              0.0000              0.0000
          0.26000000              0.7889              0.0160            319.5526
          0.26000000              0.7889              0.0287            529.5288
          0.26000000              0.7889              0.0392            730.9173
          0.26000000              0.7889              0.0481            985.2582
          0.26000000              0.7889              0.0559           1257.1091
          0.26000000              0.7889              0.0628           1458.1297
          0.26000000              0.7889              0.0691           1674.7975
          0.26000000              0.7889              0.0747           1917.1715
          0.26000000              0.7889              0.0799           2156.6156
          0.26000000              0.7889              0.0846           2349.4793
          0.26000000              0.7889              0.0890           2417.4836
          0.26000000              0.7889              0.0931           2396.0268
          0.26000000              0.7889              0.0970           2242.9585
          0.26000000              0.7889              0.1006           2066.4201
          0.26000000              0.7889              0.1040           1892.1958
          0.26000000              0.7889              0.1073           1707.8541
          0.26000000              0.7889              0.1104           1984.8165
          0.26000000              0.7889              0.1133           1614.4204
          0.26000000              0.7889              0.1161           1303.8085
          0.26000000              0.7889              0.1188           1085.8155
          0.26000000              0.7889              0.1213            896.7097
          0.26000000              0.7889              0.1238            965.3074
          0.26000000              0.7889              0.1261            628.1094
          0.26000000              0.7889              0.1284            544.0168
          0.26000000              0.7889              0.1306            323.5169
          0.26000000              0.7889              0.1327            176.1359
          0.26000000              0.7889              0.1348             64.9827
          0.26000000              0.7889              0.1368             18.8334
          0.26000000              0.7889              0.1387              2.5806
          0.26000000              0.7889              0.1405              0.0000
          0.26000000              0.8163              0.0000              0.0000
          0.26000000              0.8163              0.0160            313.7136
          0.26000000              0.8163              0.0287            516.6750
          0.26000000              0.8163              0.0392            711.9001
          0.26000000              0.8163              0.0481            965.2979
          0.26000000              0.8163              0.0559           1240.1397
          0.26000000              0.8163              0.0628           1447.2265
          0.26000000              0.8163              0.0691           1666.9947
          0.26000000              0.8163              0.0747           1914.0963
          0.26000000              0.8163              0.0799           2163.1437
          0.26000000              0.8163              0.0846           2362.2552
          0.26000000              0.8163              0.0890           2452.3855
          0.26000000              0.8163              0.0931           2456.9867
          0.26000000              0.8163              0.0970           2319.7901
          0.26000000              0.8163              0.1006           2157.8877
          0.26000000              0.8163              0.1040           1972.1547
          0.26000000              0.8163              0.1073           1774.0394
          0.26000000              0.8163              0.1104           2018.1418
          0.26000000              0.8163              0.1133           1650.3194
          0.26000000              0.8163              0.1161           1324.8706
          0.26000000              0.8163              0.1188           1093.1499
          0.26000000              0.8163              0.1213            899.1256
          0.26000000              0.8163              0.1238            977.9451
          0.26000000              0.8163              0.1261            643.1460
          0.26000000              0.8163              0.1284            557.8085
          0.26000000              0.8163              0.1306            345.1690
          0.26000000              0.8163              0.1327            200.9278
          0.26000000              0.8163              0.1348             82.6795
          0.26000000              0.8163              0.1368             19.2461
          0.26000000              0.8163              0.1387              2.6656
          0.26000000              0.8163              0.1405              0.0000
          0.26000000              0.8424              0.0000              0.0000
          0.26000000              0.8424              0.0160            308.2069
          0.26000000              0.8424              0.0287            503.9967
          0.26000000              0.8424              0.0392            692.3809
          0.26000000              0.8424              0.0481            944.7870
          0.26000000              0.8424              0.0559           1219.0517
          0.26000000              0.8424              0.0628           1434.7679
          0.26000000              0.8424              0.0691           1657.9086
          0.26000000              0.8424              0.0747           1909.6369
          0.26000000              0.8424              0.0799           2171.7804
          0.26000000              0.8424              0.0846           2373.6806
          0.26000000              0.8424              0.0890           2475.0113
          0.26000000              0.8424              0.0931           2501.6403
          0.26000000              0.8424              0.0970           2403.0466
          0.26000000              0.8424              0.1006           2256.6765
          0.26000000              0.8424              0.1040           2061.7496
          0.26000000              0.8424              0.1073           1849.4262
          0.26000000              0.8424              0.1104           2044.0411
          0.26000000              0.8424              0.1133           1678.9272
          0.26000000              0.8424              0.1161           1353.7672
          0.26000000              0.8424              0.1188           1105.0537
          0.26000000              0.8424              0.1213            896.3984
          0.26000000              0.8424              0.1238            983.6682
          0.26000000              0.8424              0.1261            651.3289
          0.26000000              0.8424              0.1284            577.7803
          0.26000000              0.8424              0.1306            354.8681
          0.26000000              0.8424              0.1327            225.5959
          0.26000000              0.8424              0.1348            107.1667
          0.26000000              0.8424              0.1368             25.2853
          0.26000000              0.8424              0.1387              2.7307
          0.26000000              0.8424              0.1405              0.0000
          0.26000000              0.8675              0.0000              0.0000
          0.26000000              0.8675              0.0160            302.8863
          0.26000000              0.8675              0.0287            491.4881
          0.26000000              0.8675              0.0392            672.4635
          0.26000000              0.8675              0.0481            922.8594
          0.26000000              0.8675              0.0559           1192.7559
          0.26000000              0.8675              0.0628           1419.5162
          0.26000000              0.8675              0.0691           1649.9144
          0.26000000              0.8675              0.0747           1908.9480
          0.26000000              0.8675              0.0799           2178.4391
          0.26000000              0.8675              0.0846           2385.8279
          0.26000000              0.8675              0.0890           2489.8293
          0.26000000              0.8675              0.0931           2531.5453
          0.26000000              0.8675              0.0970           2481.4663
          0.26000000              0.8675              0.1006           2353.0562
          0.26000000              0.8675              0.1040           2157.3149
          0.26000000              0.8675              0.1073           1941.4406
          0.26000000              0.8675              0.1104           2064.3263
          0.26000000              0.8675              0.1133           1702.5035
          0.26000000              0.8675              0.1161           1379.5768
          0.26000000              0.8675              0.1188           1121.7519
          0.26000000              0.8675              0.1213            894.5447
          0.26000000              0.8675              0.1238            985.8809
          0.26000000              0.8675              0.1261            649.0400
          0.26000000              0.8675              0.1284            590.8179
          0.26000000              0.8675              0.1306            370.9896
          0.26000000              0.8675              0.1327            243.4305
          0.26000000              0.8675              0.1348            136.4337
          0.26000000              0.8675              0.1368             45.2256
          0.26000000              0.8675              0.1387              2.8399
          0.26000000              0.8675              0.1405              0.0000
          0.26000000              0.8917              0.0000              0.0000
          0.26000000              0.8917              0.0160            297.5914
          0.26000000              0.8917              0.0287            479.0392
          0.26000000              0.8917              0.0392            653.0193
          0.26000000              0.8917              0.0481            900.2813
          0.26000000              0.8917              0.0559           1167.8018
          0.26000000              0.8917              0.0628           1400.1395
          0.26000000              0.8917              0.0691           1641.7188
          0.26000000              0.8917              0.0747           1909.9399
          0.26000000              0.8917              0.0799           2184.0718
          0.26000000              0.8917              0.0846           2396.2089
          0.26000000              0.8917              0.0890           2501.3121
          0.26000000              0.8917              0.0931           2565.7001
          0.26000000              0.8917              0.0970           2544.0274
          0.26000000              0.8917              0.1006           2436.3027
          0.26000000              0.8917              0.1040           2257.1779
          0.26000000              0.8917              0.1073           2046.3667
          0.26000000              0.8917              0.1104           2092.7513
          0.26000000              0.8917              0.1133           1729.7129
          0.26000000              0.8917              0.1161           1403.5823
          0.26000000              0.8917              0.1188           1138.5602
          0.26000000              0.8917              0.1213            897.0011
          0.26000000              0.8917              0.1238            990.5169
          0.26000000              0.8917              0.1261            639.8994
          0.26000000              0.8917              0.1284            595.4568
          0.26000000              0.8917              0.1306            384.0398
          0.26000000              0.8917              0.1327            252.8842
          0.26000000              0.8917              0.1348            165.0217
          0.26000000              0.8917              0.1368             76.5822
          0.26000000              0.8917              0.1387              5.0273
          0.26000000              0.8917              0.1405              0.0000
          0.26000000              0.9149              0.0000              0.0000
          0.26000000              0.9149              0.0160            292.3167
          0.26000000              0.9149              0.0287            466.8919
          0.26000000              0.9149              0.0392            634.1769
          0.26000000              0.9149              0.0481            875.5362
          0.26000000              0.9149              0.0559           1141.8718
          0.26000000              0.9149              0.0628           1376.6290
          0.26000000              0.9149              0.0691           1636.6448
          0.26000000              0.9149              0.0747           1909.3768
          0.26000000              0.9149              0.0799           2187.6187
          0.26000000              0.9149              0.0846           2402.2766
          0.26000000              0.9149              0.0890           2515.9506
          0.26000000              0.9149              0.0931           2599.2032
          0.26000000              0.9149              0.0970           2589.1255
          0.26000000              0.9149              0.1006           2502.5894
          0.26000000              0.9149              0.1040           2359.9347
          0.26000000              0.9149              0.1073           2151.5373
          0.26000000              0.9149              0.1104           2125.1133
          0.26000000              0.9149              0.1133           1763.6044
          0.26000000              0.9149              0.1161           1426.7302
          0.26000000              0.9149              0.1188           1148.9719
          0.26000000              0.9149              0.1213            899.1613
          0.26000000              0.9149              0.1238           1002.7763
          0.26000000              0.9149              0.1261            627.3001
          0.26000000              0.9149              0.1284            589.4831
          0.26000000              0.9149              0.1306            387.8023
          0.26000000              0.9149              0.1327            271.6510
          0.26000000              0.9149              0.1348            178.2727
          0.26000000              0.9149              0.1368            114.6448
          0.26000000              0.9149              0.1387             22.3412
          0.26000000              0.9149              0.1405              0.0000
          0.26000000              0.9373              0.0000              0.0000
          0.26000000              0.9373              0.0160            287.3694
          0.26000000              0.9373              0.0287            455.0258
          0.26000000              0.9373              0.0392            616.1908
          0.26000000              0.9373              0.0481            848.8619
          0.26000000              0.9373              0.0559           1114.5438
          0.26000000              0.9373              0.0628           1349.7984
          0.26000000              0.9373              0.0691           1630.8255
          0.26000000              0.9373              0.0747           1910.8808
          0.26000000              0.9373              0.0799           2188.2355
          0.26000000              0.9373              0.0846           2405.6004
          0.26000000              0.9373              0.0890           2539.0288
          0.26000000              0.9373              0.0931           2625.5611
          0.26000000              0.9373              0.0970           2619.0169
          0.26000000              0.9373              0.1006           2556.8538
          0.26000000              0.9373              0.1040           2446.4971
          0.26000000              0.9373              0.1073           2245.6986
          0.26000000              0.9373              0.1104           2148.9661
          0.26000000              0.9373              0.1133           1801.1490
          0.26000000              0.9373              0.1161           1456.8753
          0.26000000              0.9373              0.1188           1159.2479
          0.26000000              0.9373              0.1213            896.5172
          0.26000000              0.9373              0.1238           1011.3717
          0.26000000              0.9373              0.1261            619.6759
          0.26000000              0.9373              0.1284            583.6344
          0.26000000              0.9373              0.1306            376.8132
          0.26000000              0.9373              0.1327            278.8231
          0.26000000              0.9373              0.1348            196.3392
          0.26000000              0.9373              0.1368            151.4803
          0.26000000              0.9373              0.1387             58.2167
          0.26000000              0.9373              0.1405              0.0000
          0.26000000              0.9589              0.0000              0.0000
          0.26000000              0.9589              0.0160            282.5182
          0.26000000              0.9589              0.0287            442.8761
          0.26000000              0.9589              0.0392            597.7238
          0.26000000              0.9589              0.0481            821.5213
          0.26000000              0.9589              0.0559           1086.2053
          0.26000000              0.9589              0.0628           1328.6657
          0.26000000              0.9589              0.0691           1616.5643
          0.26000000              0.9589              0.0747           1908.7665
          0.26000000              0.9589              0.0799           2181.8895
          0.26000000              0.9589              0.0846           2425.5763
          0.26000000              0.9589              0.0890           2561.8019
          0.26000000              0.9589              0.0931           2641.6744
          0.26000000              0.9589              0.0970           2642.2293
          0.26000000              0.9589              0.1006           2609.8053
          0.26000000              0.9589              0.1040           2505.5350
          0.26000000              0.9589              0.1073           2329.9288
          0.26000000              0.9589              0.1104           2177.6941
          0.26000000              0.9589              0.1133           1831.4444
          0.26000000              0.9589              0.1161           1485.3536
          0.26000000              0.9589              0.1188           1169.3806
          0.26000000              0.9589              0.1213            893.3545
          0.26000000              0.9589              0.1238            986.2491
          0.26000000              0.9589              0.1261            613.3107
          0.26000000              0.9589              0.1284            583.6468
          0.26000000              0.9589              0.1306            358.4402
          0.26000000              0.9589              0.1327            265.8699
          0.26000000              0.9589              0.1348            210.5121
          0.26000000              0.9589              0.1368            170.9221
          0.26000000              0.9589              0.1387            118.0456
          0.26000000              0.9589              0.1405              0.0000
          0.26000000              0.9798              0.0000              0.0000
          0.26000000              0.9798              0.0160            277.8632
          0.26000000              0.9798              0.0287            430.2919
          0.26000000              0.9798              0.0392            577.8485
          0.26000000              0.9798              0.0481            796.1139
          0.26000000              0.9798              0.0559           1060.9425
          0.26000000              0.9798              0.0628           1309.5517
          0.26000000              0.9798              0.0691           1590.5599
          0.26000000              0.9798              0.0747           1896.5459
          0.26000000              0.9798              0.0799           2193.3589
          0.26000000              0.9798              0.0846           2442.1926
          0.26000000              0.9798              0.0890           2577.8776
          0.26000000              0.9798              0.0931           2657.0036
          0.26000000              0.9798              0.0970           2677.0323
          0.26000000              0.9798              0.1006           2639.2012
          0.26000000              0.9798              0.1040           2550.1948
          0.26000000              0.9798              0.1073           2390.2256
          0.26000000              0.9798              0.1104           2175.2874
          0.26000000              0.9798              0.1133           1860.5623
          0.26000000              0.9798              0.1161           1513.1254
          0.26000000              0.9798              0.1188           1178.9620
          0.26000000              0.9798              0.1213            889.5159
          0.26000000              0.9798              0.1238            941.5057
          0.26000000              0.9798              0.1261            575.2507
          0.26000000              0.9798              0.1284            593.2746
          0.26000000              0.9798              0.1306            339.5429
          0.26000000              0.9798              0.1327            231.3145
          0.26000000              0.9798              0.1348            192.7449
          0.26000000              0.9798              0.1368            203.4293
          0.26000000              0.9798              0.1387            184.1240
          0.26000000              0.9798              0.1405              0.0000
          0.26000000              1.0000              0.0000              0.0000
          0.26000000              1.0000              0.0160            273.7917
          0.26000000              1.0000              0.0287            416.2199
          0.26000000              1.0000              0.0392            554.1588
          0.26000000              1.0000              0.0481            780.1822
          0.26000000              1.0000              0.0559           1039.5645
          0.26000000              1.0000              0.0628           1269.4276
          0.26000000              1.0000              0.0691           1567.8622
          0.26000000              1.0000              0.0747           1903.8204
          0.26000000              1.0000              0.0799           2181.9593
          0.26000000              1.0000              0.0846           2452.4670
          0.26000000              1.0000              0.0890           2603.4032
          0.26000000              1.0000              0.0931           2667.5258
          0.26000000              1.0000              0.0970           2703.6818
          0.26000000              1.0000              0.1006           2663.8425
          0.26000000              1.0000              0.1040           2577.0541
          0.26000000              1.0000              0.1073           2421.2573
          0.26000000              1.0000              0.1104           2156.6714
          0.26000000              1.0000              0.1133           1867.1703
          0.26000000              1.0000              0.1161           1529.9411
          0.26000000              1.0000              0.1188           1196.2024
          0.26000000              1.0000              0.1213            888.5153
          0.26000000              1.0000              0.1238            870.6468
          0.26000000              1.0000              0.1261            500.6283
          0.26000000              1.0000              0.1284            542.7546
          0.26000000              1.0000              0.1306            299.7862
          0.26000000              1.0000              0.1327            175.8508
          0.26000000              1.0000              0.1348            106.4820
          0.26000000              1.0000              0.1368            176.6716
          0.26000000              1.0000              0.1387            265.2289
          0.26000000              1.0000              0.1405              0.0000
