0.2     -1     0      0
0.2     -1     0.0105352      130.302
0.2     -1     0.0188729      162.864
0.2     -1     0.0257736      175.381
0.2     -1     0.0316604      170.191
0.2     -1     0.0367935      161.871
0.2     -1     0.0413442      146.513
0.2     -1     0.0454313      132.569
0.2     -1     0.0491405      115.411
0.2     -1     0.0525359      99.417
0.2     -1     0.0556665      85.0313
0.2     -1     0.0585705      72.971
0.2     -1     0.0612786      74.138
0.2     -1     0.0638155      61.3866
0.2     -1     0.0662017      46.6955
0.2     -1     0.0684539      36.8166
0.2     -1     0.0705866      29.0803
0.2     -1     0.0726116      23.2738
0.2     -1     0.0745394      19.9623
0.2     -1     0.0763789      13.8887
0.2     -1     0.0781378      9.58781
0.2     -1     0.0798228      6.9436
0.2     -1     0.08144      4.5673
0.2     -1     0.0829946      2.9223
0.2     -1     0.0844912      1.73504
0.2     -1     0.0859341      0.963951
0.2     -1     0.0873269      0.483292
0.2     -1     0.088673      0.201789
0.2     -1     0.0899754      0.0601587
0.2     -1     0.0912369      0.00800686
0.2     -1     0.09246      8.44612e-07
0.2     -0.634788     0      0
0.2     -0.634788     0.0105352      146.843
0.2     -0.634788     0.0188729      196.332
0.2     -0.634788     0.0257736      223.108
0.2     -0.634788     0.0316604      221.179
0.2     -0.634788     0.0367935      210.944
0.2     -0.634788     0.0413442      196.661
0.2     -0.634788     0.0454313      182.581
0.2     -0.634788     0.0491405      163.704
0.2     -0.634788     0.0525359      146.012
0.2     -0.634788     0.0556665      128.665
0.2     -0.634788     0.0585705      112.052
0.2     -0.634788     0.0612786      119.797
0.2     -0.634788     0.0638155      100.275
0.2     -0.634788     0.0662017      77.2891
0.2     -0.634788     0.0684539      61.9395
0.2     -0.634788     0.0705866      50.1497
0.2     -0.634788     0.0726116      41.1067
0.2     -0.634788     0.0745394      40.5107
0.2     -0.634788     0.0763789      28.4919
0.2     -0.634788     0.0781378      19.7788
0.2     -0.634788     0.0798228      16.1831
0.2     -0.634788     0.08144      10.9931
0.2     -0.634788     0.0829946      7.65821
0.2     -0.634788     0.0844912      4.58354
0.2     -0.634788     0.0859341      2.49835
0.2     -0.634788     0.0873269      1.25258
0.2     -0.634788     0.088673      0.527981
0.2     -0.634788     0.0899754      0.16014
0.2     -0.634788     0.0912369      0.0216849
0.2     -0.634788     0.09246      2.29622e-06
0.2     -0.406307     0      0
0.2     -0.406307     0.0105352      158.909
0.2     -0.406307     0.0188729      220.238
0.2     -0.406307     0.0257736      257.981
0.2     -0.406307     0.0316604      265.704
0.2     -0.406307     0.0367935      257.62
0.2     -0.406307     0.0413442      240.041
0.2     -0.406307     0.0454313      225.295
0.2     -0.406307     0.0491405      204.902
0.2     -0.406307     0.0525359      184.464
0.2     -0.406307     0.0556665      165.381
0.2     -0.406307     0.0585705      147.024
0.2     -0.406307     0.0612786      163.944
0.2     -0.406307     0.0638155      138.134
0.2     -0.406307     0.0662017      106.255
0.2     -0.406307     0.0684539      85.4304
0.2     -0.406307     0.0705866      69.9891
0.2     -0.406307     0.0726116      57.9248
0.2     -0.406307     0.0745394      61.0744
0.2     -0.406307     0.0763789      43.1674
0.2     -0.406307     0.0781378      30.0079
0.2     -0.406307     0.0798228      26.062
0.2     -0.406307     0.08144      17.9937
0.2     -0.406307     0.0829946      13.0752
0.2     -0.406307     0.0844912      7.89058
0.2     -0.406307     0.0859341      4.31787
0.2     -0.406307     0.0873269      2.18571
0.2     -0.406307     0.088673      0.923027
0.2     -0.406307     0.0899754      0.277498
0.2     -0.406307     0.0912369      0.0371523
0.2     -0.406307     0.09246      4.05993e-06
0.2     -0.239626     0      0
0.2     -0.239626     0.0105352      168.036
0.2     -0.239626     0.0188729      238.697
0.2     -0.239626     0.0257736      291.513
0.2     -0.239626     0.0316604      302.682
0.2     -0.239626     0.0367935      299.751
0.2     -0.239626     0.0413442      282.379
0.2     -0.239626     0.0454313      265.962
0.2     -0.239626     0.0491405      241.96
0.2     -0.239626     0.0525359      219.562
0.2     -0.239626     0.0556665      198.841
0.2     -0.239626     0.0585705      178.194
0.2     -0.239626     0.0612786      205.232
0.2     -0.239626     0.0638155      174.687
0.2     -0.239626     0.0662017      135.373
0.2     -0.239626     0.0684539      108.646
0.2     -0.239626     0.0705866      89.3577
0.2     -0.239626     0.0726116      74.3398
0.2     -0.239626     0.0745394      81.6631
0.2     -0.239626     0.0763789      57.8278
0.2     -0.239626     0.0781378      40.1645
0.2     -0.239626     0.0798228      35.7435
0.2     -0.239626     0.08144      24.9781
0.2     -0.239626     0.0829946      18.5667
0.2     -0.239626     0.0844912      11.4168
0.2     -0.239626     0.0859341      6.36033
0.2     -0.239626     0.0873269      3.31261
0.2     -0.239626     0.088673      1.45235
0.2     -0.239626     0.0899754      0.457258
0.2     -0.239626     0.0912369      0.0639755
0.2     -0.239626     0.09246      6.95067e-06
0.2     -0.108332     0      0
0.2     -0.108332     0.0105352      175.585
0.2     -0.108332     0.0188729      252.742
0.2     -0.108332     0.0257736      320.493
0.2     -0.108332     0.0316604      340.313
0.2     -0.108332     0.0367935      339.791
0.2     -0.108332     0.0413442      321.317
0.2     -0.108332     0.0454313      304.94
0.2     -0.108332     0.0491405      278.755
0.2     -0.108332     0.0525359      253.875
0.2     -0.108332     0.0556665      229.965
0.2     -0.108332     0.0585705      207.834
0.2     -0.108332     0.0612786      243.08
0.2     -0.108332     0.0638155      209.899
0.2     -0.108332     0.0662017      164.235
0.2     -0.108332     0.0684539      132.747
0.2     -0.108332     0.0705866      108.667
0.2     -0.108332     0.0726116      90.5245
0.2     -0.108332     0.0745394      102.057
0.2     -0.108332     0.0763789      72.1322
0.2     -0.108332     0.0781378      49.9689
0.2     -0.108332     0.0798228      44.7113
0.2     -0.108332     0.08144      31.369
0.2     -0.108332     0.0829946      23.287
0.2     -0.108332     0.0844912      14.3818
0.2     -0.108332     0.0859341      8.04545
0.2     -0.108332     0.0873269      4.20348
0.2     -0.108332     0.088673      1.83999
0.2     -0.108332     0.0899754      0.574672
0.2     -0.108332     0.0912369      0.0795879
0.2     -0.108332     0.09246      8.72678e-06
0.2     -2e-20     0      0
0.2     -2e-20     0.0105352      182.058
0.2     -2e-20     0.0188729      265.366
0.2     -2e-20     0.0257736      343.627
0.2     -2e-20     0.0316604      376.754
0.2     -2e-20     0.0367935      380.218
0.2     -2e-20     0.0413442      360.757
0.2     -2e-20     0.0454313      342.638
0.2     -2e-20     0.0491405      314.213
0.2     -2e-20     0.0525359      287.145
0.2     -2e-20     0.0556665      261.778
0.2     -2e-20     0.0585705      236.795
0.2     -2e-20     0.0612786      279.917
0.2     -2e-20     0.0638155      243.754
0.2     -2e-20     0.0662017      192.213
0.2     -2e-20     0.0684539      156.834
0.2     -2e-20     0.0705866      129.216
0.2     -2e-20     0.0726116      107.472
0.2     -2e-20     0.0745394      122.297
0.2     -2e-20     0.0763789      86.0214
0.2     -2e-20     0.0781378      59.628
0.2     -2e-20     0.0798228      53.2751
0.2     -2e-20     0.08144      37.2988
0.2     -2e-20     0.0829946      27.5722
0.2     -2e-20     0.0844912      17.0013
0.2     -2e-20     0.0859341      9.51789
0.2     -2e-20     0.0873269      4.96255
0.2     -2e-20     0.088673      2.1636
0.2     -2e-20     0.0899754      0.681229
0.2     -2e-20     0.0912369      0.0941981
0.2     -2e-20     0.09246      1.03036e-05
0.2     0.0922185     0      0
0.2     0.0922185     0.0105352      187.657
0.2     0.0922185     0.0188729      276.869
0.2     0.0922185     0.0257736      362.874
0.2     0.0922185     0.0316604      410.37
0.2     0.0922185     0.0367935      420.29
0.2     0.0922185     0.0413442      400.897
0.2     0.0922185     0.0454313      382.316
0.2     0.0922185     0.0491405      349.663
0.2     0.0922185     0.0525359      320.335
0.2     0.0922185     0.0556665      292.293
0.2     0.0922185     0.0585705      266.083
0.2     0.0922185     0.0612786      316.599
0.2     0.0922185     0.0638155      276.033
0.2     0.0922185     0.0662017      220.157
0.2     0.0922185     0.0684539      180.409
0.2     0.0922185     0.0705866      149.978
0.2     0.0922185     0.0726116      125.456
0.2     0.0922185     0.0745394      143.652
0.2     0.0922185     0.0763789      100.072
0.2     0.0922185     0.0781378      69.285
0.2     0.0922185     0.0798228      61.6289
0.2     0.0922185     0.08144      43.088
0.2     0.0922185     0.0829946      31.7718
0.2     0.0922185     0.0844912      19.518
0.2     0.0922185     0.0859341      10.9074
0.2     0.0922185     0.0873269      5.67867
0.2     0.0922185     0.088673      2.48419
0.2     0.0922185     0.0899754      0.780372
0.2     0.0922185     0.0912369      0.109087
0.2     0.0922185     0.09246      1.18537e-05
0.2     0.172502     0      0
0.2     0.172502     0.0105352      192.597
0.2     0.172502     0.0188729      287.244
0.2     0.172502     0.0257736      380.279
0.2     0.172502     0.0316604      440.041
0.2     0.172502     0.0367935      459.359
0.2     0.172502     0.0413442      441.344
0.2     0.172502     0.0454313      422.96
0.2     0.172502     0.0491405      387.66
0.2     0.172502     0.0525359      353.437
0.2     0.172502     0.0556665      323.314
0.2     0.172502     0.0585705      295.045
0.2     0.172502     0.0612786      352.778
0.2     0.172502     0.0638155      308.879
0.2     0.172502     0.0662017      246.853
0.2     0.172502     0.0684539      203.941
0.2     0.172502     0.0705866      171.03
0.2     0.172502     0.0726116      143.637
0.2     0.172502     0.0745394      166.824
0.2     0.172502     0.0763789      115.506
0.2     0.172502     0.0781378      78.8882
0.2     0.172502     0.0798228      69.9922
0.2     0.172502     0.08144      48.9279
0.2     0.172502     0.0829946      36.0012
0.2     0.172502     0.0844912      22.1037
0.2     0.172502     0.0859341      12.3068
0.2     0.172502     0.0873269      6.39765
0.2     0.172502     0.088673      2.7972
0.2     0.172502     0.0899754      0.882952
0.2     0.172502     0.0912369      0.122931
0.2     0.172502     0.09246      1.33808e-05
0.2     0.243589     0      0
0.2     0.243589     0.0105352      196.995
0.2     0.243589     0.0188729      296.979
0.2     0.243589     0.0257736      395.603
0.2     0.243589     0.0316604      466.483
0.2     0.243589     0.0367935      496.66
0.2     0.243589     0.0413442      482.127
0.2     0.243589     0.0454313      463.763
0.2     0.243589     0.0491405      427.92
0.2     0.243589     0.0525359      387.936
0.2     0.243589     0.0556665      354.068
0.2     0.243589     0.0585705      323.075
0.2     0.243589     0.0612786      389.619
0.2     0.243589     0.0638155      341.17
0.2     0.243589     0.0662017      274.727
0.2     0.243589     0.0684539      227.613
0.2     0.243589     0.0705866      191.054
0.2     0.243589     0.0726116      163.056
0.2     0.243589     0.0745394      189.93
0.2     0.243589     0.0763789      132.533
0.2     0.243589     0.0781378      89.9684
0.2     0.243589     0.0798228      78.5207
0.2     0.243589     0.08144      54.8382
0.2     0.243589     0.0829946      40.3794
0.2     0.243589     0.0844912      24.8053
0.2     0.243589     0.0859341      13.8162
0.2     0.243589     0.0873269      7.17666
0.2     0.243589     0.088673      3.13624
0.2     0.243589     0.0899754      0.985425
0.2     0.243589     0.0912369      0.137355
0.2     0.243589     0.09246      1.5065e-05
0.2     0.307372     0      0
0.2     0.307372     0.0105352      201.004
0.2     0.307372     0.0188729      306.131
0.2     0.307372     0.0257736      409.586
0.2     0.307372     0.0316604      491.028
0.2     0.307372     0.0367935      531.885
0.2     0.307372     0.0413442      524.061
0.2     0.307372     0.0454313      505.947
0.2     0.307372     0.0491405      468.308
0.2     0.307372     0.0525359      425.585
0.2     0.307372     0.0556665      387.029
0.2     0.307372     0.0585705      352.612
0.2     0.307372     0.0612786      424.063
0.2     0.307372     0.0638155      374.963
0.2     0.307372     0.0662017      301.838
0.2     0.307372     0.0684539      252.288
0.2     0.307372     0.0705866      211.863
0.2     0.307372     0.0726116      181.251
0.2     0.307372     0.0745394      214.306
0.2     0.307372     0.0763789      150.355
0.2     0.307372     0.0781378      102.936
0.2     0.307372     0.0798228      88.3373
0.2     0.307372     0.08144      60.9245
0.2     0.307372     0.0829946      44.868
0.2     0.307372     0.0844912      27.5818
0.2     0.307372     0.0859341      15.4032
0.2     0.307372     0.0873269      8.0044
0.2     0.307372     0.088673      3.50202
0.2     0.307372     0.0899754      1.09174
0.2     0.307372     0.0912369      0.151036
0.2     0.307372     0.09246      1.65731e-05
0.2     0.365212     0      0
0.2     0.365212     0.0105352      204.647
0.2     0.365212     0.0188729      314.575
0.2     0.365212     0.0257736      422.767
0.2     0.365212     0.0316604      512.944
0.2     0.365212     0.0367935      564.781
0.2     0.365212     0.0413442      565.542
0.2     0.365212     0.0454313      548.676
0.2     0.365212     0.0491405      509.363
0.2     0.365212     0.0525359      463.926
0.2     0.365212     0.0556665      422.313
0.2     0.365212     0.0585705      383.261
0.2     0.365212     0.0612786      460.303
0.2     0.365212     0.0638155      407.457
0.2     0.365212     0.0662017      328.48
0.2     0.365212     0.0684539      277.187
0.2     0.365212     0.0705866      233.534
0.2     0.365212     0.0726116      199.655
0.2     0.365212     0.0745394      237.566
0.2     0.365212     0.0763789      169.464
0.2     0.365212     0.0781378      116.98
0.2     0.365212     0.0798228      100.27
0.2     0.365212     0.08144      67.8141
0.2     0.365212     0.0829946      49.4726
0.2     0.365212     0.0844912      30.4682
0.2     0.365212     0.0859341      17.0632
0.2     0.365212     0.0873269      8.90224
0.2     0.365212     0.088673      3.91462
0.2     0.365212     0.0899754      1.22965
0.2     0.365212     0.0912369      0.17258
0.2     0.365212     0.09246      1.95373e-05
0.2     0.418124     0      0
0.2     0.418124     0.0105352      208.104
0.2     0.418124     0.0188729      322.439
0.2     0.418124     0.0257736      435.225
0.2     0.418124     0.0316604      533.134
0.2     0.418124     0.0367935      595.951
0.2     0.418124     0.0413442      606.243
0.2     0.418124     0.0454313      592.599
0.2     0.418124     0.0491405      551.811
0.2     0.418124     0.0525359      502.856
0.2     0.418124     0.0556665      459.09
0.2     0.418124     0.0585705      416.617
0.2     0.418124     0.0612786      496.327
0.2     0.418124     0.0638155      439.519
0.2     0.418124     0.0662017      356.051
0.2     0.418124     0.0684539      300.714
0.2     0.418124     0.0705866      255.565
0.2     0.418124     0.0726116      218.445
0.2     0.418124     0.0745394      260.561
0.2     0.418124     0.0763789      188.367
0.2     0.418124     0.0781378      131.92
0.2     0.418124     0.0798228      113.176
0.2     0.418124     0.08144      76.9761
0.2     0.418124     0.0829946      54.4436
0.2     0.418124     0.0844912      33.3963
0.2     0.418124     0.0859341      18.7387
0.2     0.418124     0.0873269      9.79161
0.2     0.418124     0.088673      4.31233
0.2     0.418124     0.0899754      1.364
0.2     0.418124     0.0912369      0.190478
0.2     0.418124     0.09246      2.11236e-05
0.2     0.466881     0      0
0.2     0.466881     0.0105352      211.3
0.2     0.466881     0.0188729      329.861
0.2     0.466881     0.0257736      447.345
0.2     0.466881     0.0316604      551.883
0.2     0.466881     0.0367935      624.485
0.2     0.466881     0.0413442      645.773
0.2     0.466881     0.0454313      637.189
0.2     0.466881     0.0491405      595.295
0.2     0.466881     0.0525359      542.841
0.2     0.466881     0.0556665      497.593
0.2     0.466881     0.0585705      452.013
0.2     0.466881     0.0612786      534.05
0.2     0.466881     0.0638155      473.044
0.2     0.466881     0.0662017      382.375
0.2     0.466881     0.0684539      324.752
0.2     0.466881     0.0705866      276.481
0.2     0.466881     0.0726116      238.215
0.2     0.466881     0.0745394      283.793
0.2     0.466881     0.0763789      206.33
0.2     0.466881     0.0781378      147.185
0.2     0.466881     0.0798228      127.228
0.2     0.466881     0.08144      87.2372
0.2     0.466881     0.0829946      61.1227
0.2     0.466881     0.0844912      36.4077
0.2     0.466881     0.0859341      20.4213
0.2     0.466881     0.0873269      10.6821
0.2     0.466881     0.088673      4.69971
0.2     0.466881     0.0899754      1.48423
0.2     0.466881     0.0912369      0.205303
0.2     0.466881     0.09246      2.27147e-05
0.2     0.512089     0      0
0.2     0.512089     0.0105352      214.255
0.2     0.512089     0.0188729      336.869
0.2     0.512089     0.0257736      459.142
0.2     0.512089     0.0316604      569.858
0.2     0.512089     0.0367935      651.001
0.2     0.512089     0.0413442      682.859
0.2     0.512089     0.0454313      681.318
0.2     0.512089     0.0491405      640.114
0.2     0.512089     0.0525359      584.782
0.2     0.512089     0.0556665      537.596
0.2     0.512089     0.0585705      488.701
0.2     0.512089     0.0612786      572.946
0.2     0.512089     0.0638155      506.396
0.2     0.512089     0.0662017      410.866
0.2     0.512089     0.0684539      347.665
0.2     0.512089     0.0705866      296.522
0.2     0.512089     0.0726116      257.104
0.2     0.512089     0.0745394      308.837
0.2     0.512089     0.0763789      223.665
0.2     0.512089     0.0781378      161.598
0.2     0.512089     0.0798228      141.939
0.2     0.512089     0.08144      98.5183
0.2     0.512089     0.0829946      69.8152
0.2     0.512089     0.0844912      40.4831
0.2     0.512089     0.0859341      22.1416
0.2     0.512089     0.0873269      11.5666
0.2     0.512089     0.088673      5.10255
0.2     0.512089     0.0899754      1.60001
0.2     0.512089     0.0912369      0.223591
0.2     0.512089     0.09246      2.43835e-05
0.2     0.55423     0      0
0.2     0.55423     0.0105352      216.993
0.2     0.55423     0.0188729      343.788
0.2     0.55423     0.0257736      470.817
0.2     0.55423     0.0316604      587.32
0.2     0.55423     0.0367935      675.452
0.2     0.55423     0.0413442      717.025
0.2     0.55423     0.0454313      724.681
0.2     0.55423     0.0491405      685.103
0.2     0.55423     0.0525359      629.712
0.2     0.55423     0.0556665      579.723
0.2     0.55423     0.0585705      526.86
0.2     0.55423     0.0612786      612.234
0.2     0.55423     0.0638155      541.285
0.2     0.55423     0.0662017      439.837
0.2     0.55423     0.0684539      370.129
0.2     0.55423     0.0705866      317.27
0.2     0.55423     0.0726116      275.44
0.2     0.55423     0.0745394      333.591
0.2     0.55423     0.0763789      241.823
0.2     0.55423     0.0781378      174.872
0.2     0.55423     0.0798228      156.355
0.2     0.55423     0.08144      110.866
0.2     0.55423     0.0829946      79.0584
0.2     0.55423     0.0844912      46.8431
0.2     0.55423     0.0859341      24.0304
0.2     0.55423     0.0873269      12.4748
0.2     0.55423     0.088673      5.4853
0.2     0.55423     0.0899754      1.73598
0.2     0.55423     0.0912369      0.246505
0.2     0.55423     0.09246      2.67832e-05
0.2     0.593693     0      0
0.2     0.593693     0.0105352      219.558
0.2     0.593693     0.0188729      350.445
0.2     0.593693     0.0257736      482.117
0.2     0.593693     0.0316604      604.274
0.2     0.593693     0.0367935      698.087
0.2     0.593693     0.0413442      749.315
0.2     0.593693     0.0454313      765.775
0.2     0.593693     0.0491405      729.104
0.2     0.593693     0.0525359      677.598
0.2     0.593693     0.0556665      623.886
0.2     0.593693     0.0585705      566.777
0.2     0.593693     0.0612786      651.337
0.2     0.593693     0.0638155      577.813
0.2     0.593693     0.0662017      469.782
0.2     0.593693     0.0684539      393.912
0.2     0.593693     0.0705866      336.673
0.2     0.593693     0.0726116      293.136
0.2     0.593693     0.0745394      358.042
0.2     0.593693     0.0763789      260.588
0.2     0.593693     0.0781378      188.195
0.2     0.593693     0.0798228      169.543
0.2     0.593693     0.08144      123.282
0.2     0.593693     0.0829946      89.8986
0.2     0.593693     0.0844912      54.1433
0.2     0.593693     0.0859341      27.8252
0.2     0.593693     0.0873269      13.3849
0.2     0.593693     0.088673      5.91438
0.2     0.593693     0.0899754      1.87193
0.2     0.593693     0.0912369      0.266232
0.2     0.593693     0.09246      2.8927e-05
0.2     0.630798     0      0
0.2     0.630798     0.0105352      221.946
0.2     0.630798     0.0188729      356.784
0.2     0.630798     0.0257736      493.607
0.2     0.630798     0.0316604      620.691
0.2     0.630798     0.0367935      720.688
0.2     0.630798     0.0413442      779.454
0.2     0.630798     0.0454313      803.971
0.2     0.630798     0.0491405      772.902
0.2     0.630798     0.0525359      726.494
0.2     0.630798     0.0556665      669.923
0.2     0.630798     0.0585705      608.217
0.2     0.630798     0.0612786      689.449
0.2     0.630798     0.0638155      616.244
0.2     0.630798     0.0662017      501.338
0.2     0.630798     0.0684539      417.838
0.2     0.630798     0.0705866      356.962
0.2     0.630798     0.0726116      309.961
0.2     0.630798     0.0745394      380.432
0.2     0.630798     0.0763789      278.523
0.2     0.630798     0.0781378      202.749
0.2     0.630798     0.0798228      181.563
0.2     0.630798     0.08144      134.909
0.2     0.630798     0.0829946      100.838
0.2     0.630798     0.0844912      62.9912
0.2     0.630798     0.0859341      33.8237
0.2     0.630798     0.0873269      14.834
0.2     0.630798     0.088673      6.31554
0.2     0.630798     0.0899754      2.00923
0.2     0.630798     0.0912369      0.287931
0.2     0.630798     0.09246      3.07882e-05
0.2     0.665812     0      0
0.2     0.665812     0.0105352      224.254
0.2     0.665812     0.0188729      362.803
0.2     0.665812     0.0257736      504.725
0.2     0.665812     0.0316604      636.372
0.2     0.665812     0.0367935      742.23
0.2     0.665812     0.0413442      806.992
0.2     0.665812     0.0454313      839.206
0.2     0.665812     0.0491405      818.702
0.2     0.665812     0.0525359      776.017
0.2     0.665812     0.0556665      717.546
0.2     0.665812     0.0585705      652.15
0.2     0.665812     0.0612786      726.351
0.2     0.665812     0.0638155      654.148
0.2     0.665812     0.0662017      533.344
0.2     0.665812     0.0684539      443.2
0.2     0.665812     0.0705866      377.455
0.2     0.665812     0.0726116      326.106
0.2     0.665812     0.0745394      403.419
0.2     0.665812     0.0763789      295.417
0.2     0.665812     0.0781378      216.045
0.2     0.665812     0.0798228      195.058
0.2     0.665812     0.08144      144.946
0.2     0.665812     0.0829946      112.046
0.2     0.665812     0.0844912      72.7181
0.2     0.665812     0.0859341      41.0813
0.2     0.665812     0.0873269      18.8018
0.2     0.665812     0.088673      6.74586
0.2     0.665812     0.0899754      2.14119
0.2     0.665812     0.0912369      0.309531
0.2     0.665812     0.09246      3.29321e-05
0.2     0.698958     0      0
0.2     0.698958     0.0105352      226.383
0.2     0.698958     0.0188729      368.54
0.2     0.698958     0.0257736      515.417
0.2     0.698958     0.0316604      651.613
0.2     0.698958     0.0367935      762.994
0.2     0.698958     0.0413442      832.595
0.2     0.698958     0.0454313      871.983
0.2     0.698958     0.0491405      864.298
0.2     0.698958     0.0525359      826.409
0.2     0.698958     0.0556665      766.491
0.2     0.698958     0.0585705      698.388
0.2     0.698958     0.0612786      763.555
0.2     0.698958     0.0638155      691.696
0.2     0.698958     0.0662017      564.693
0.2     0.698958     0.0684539      471.394
0.2     0.698958     0.0705866      398.201
0.2     0.698958     0.0726116      342.846
0.2     0.698958     0.0745394      425.121
0.2     0.698958     0.0763789      311.347
0.2     0.698958     0.0781378      228.864
0.2     0.698958     0.0798228      209.768
0.2     0.698958     0.08144      154.865
0.2     0.698958     0.0829946      121.775
0.2     0.698958     0.0844912      82.8645
0.2     0.698958     0.0859341      50.4083
0.2     0.698958     0.0873269      24.9808
0.2     0.698958     0.088673      7.85566
0.2     0.698958     0.0899754      2.28742
0.2     0.698958     0.0912369      0.328152
0.2     0.698958     0.09246      3.48802e-05
0.2     0.730425     0      0
0.2     0.730425     0.0105352      228.374
0.2     0.730425     0.0188729      373.935
0.2     0.730425     0.0257736      525.761
0.2     0.730425     0.0316604      666.249
0.2     0.730425     0.0367935      782.941
0.2     0.730425     0.0413442      856.882
0.2     0.730425     0.0454313      904.255
0.2     0.730425     0.0491405      907.512
0.2     0.730425     0.0525359      875.477
0.2     0.730425     0.0556665      816.647
0.2     0.730425     0.0585705      746.184
0.2     0.730425     0.0612786      803.014
0.2     0.730425     0.0638155      727.139
0.2     0.730425     0.0662017      595.363
0.2     0.730425     0.0684539      499.471
0.2     0.730425     0.0705866      421.014
0.2     0.730425     0.0726116      359.989
0.2     0.730425     0.0745394      447.505
0.2     0.730425     0.0763789      326.22
0.2     0.730425     0.0781378      239.78
0.2     0.730425     0.0798228      222.894
0.2     0.730425     0.08144      167.031
0.2     0.730425     0.0829946      129.733
0.2     0.730425     0.0844912      92.7924
0.2     0.730425     0.0859341      60.3657
0.2     0.730425     0.0873269      32.794
0.2     0.730425     0.088673      11.8989
0.2     0.730425     0.0899754      2.47016
0.2     0.730425     0.0912369      0.35604
0.2     0.730425     0.09246      3.81287e-05
0.2     0.760374     0      0
0.2     0.760374     0.0105352      230.288
0.2     0.760374     0.0188729      378.991
0.2     0.760374     0.0257736      535.821
0.2     0.760374     0.0316604      680.343
0.2     0.760374     0.0367935      802.234
0.2     0.760374     0.0413442      880.113
0.2     0.760374     0.0454313      936.327
0.2     0.760374     0.0491405      948.123
0.2     0.760374     0.0525359      922.255
0.2     0.760374     0.0556665      867.082
0.2     0.760374     0.0585705      796.98
0.2     0.760374     0.0612786      840.752
0.2     0.760374     0.0638155      762.683
0.2     0.760374     0.0662017      627.14
0.2     0.760374     0.0684539      527.317
0.2     0.760374     0.0705866      444.85
0.2     0.760374     0.0726116      377.487
0.2     0.760374     0.0745394      470.868
0.2     0.760374     0.0763789      340.137
0.2     0.760374     0.0781378      249.501
0.2     0.760374     0.0798228      234.777
0.2     0.760374     0.08144      178.245
0.2     0.760374     0.0829946      140.057
0.2     0.760374     0.0844912      100.544
0.2     0.760374     0.0859341      71.1791
0.2     0.760374     0.0873269      42.6385
0.2     0.760374     0.088673      18.5971
0.2     0.760374     0.0899754      3.01238
0.2     0.760374     0.0912369      0.378519
0.2     0.760374     0.09246      4.08142e-05
0.2     0.788947     0      0
0.2     0.788947     0.0105352      232.041
0.2     0.788947     0.0188729      383.703
0.2     0.788947     0.0257736      545.523
0.2     0.788947     0.0316604      694.283
0.2     0.788947     0.0367935      821.098
0.2     0.788947     0.0413442      904.168
0.2     0.788947     0.0454313      966.601
0.2     0.788947     0.0491405      985.344
0.2     0.788947     0.0525359      966.895
0.2     0.788947     0.0556665      916.398
0.2     0.788947     0.0585705      851.429
0.2     0.788947     0.0612786      881.688
0.2     0.788947     0.0638155      797.273
0.2     0.788947     0.0662017      658.813
0.2     0.788947     0.0684539      554.777
0.2     0.788947     0.0705866      468.114
0.2     0.788947     0.0726116      395.841
0.2     0.788947     0.0745394      495.716
0.2     0.788947     0.0763789      354.331
0.2     0.788947     0.0781378      257.812
0.2     0.788947     0.0798228      245.123
0.2     0.788947     0.08144      188.118
0.2     0.788947     0.0829946      151.916
0.2     0.788947     0.0844912      107.511
0.2     0.788947     0.0859341      80.5673
0.2     0.788947     0.0873269      53.4665
0.2     0.788947     0.088673      27.682
0.2     0.788947     0.0899754      6.32294
0.2     0.788947     0.0912369      0.3999
0.2     0.788947     0.09246      4.38443e-05
0.2     0.816262     0      0
0.2     0.816262     0.0105352      233.635
0.2     0.816262     0.0188729      388.531
0.2     0.816262     0.0257736      554.81
0.2     0.816262     0.0316604      707.92
0.2     0.816262     0.0367935      839.492
0.2     0.816262     0.0413442      930.864
0.2     0.816262     0.0454313      995.476
0.2     0.816262     0.0491405      1019.54
0.2     0.816262     0.0525359      1008.79
0.2     0.816262     0.0556665      966.107
0.2     0.816262     0.0585705      905.55
0.2     0.816262     0.0612786      921.381
0.2     0.816262     0.0638155      835.35
0.2     0.816262     0.0662017      690.236
0.2     0.816262     0.0684539      582.689
0.2     0.816262     0.0705866      490.518
0.2     0.816262     0.0726116      414.11
0.2     0.816262     0.0745394      523.284
0.2     0.816262     0.0763789      369.803
0.2     0.816262     0.0781378      265.44
0.2     0.816262     0.0798228      253.809
0.2     0.816262     0.08144      196.911
0.2     0.816262     0.0829946      161.468
0.2     0.816262     0.0844912      117.558
0.2     0.816262     0.0859341      87.2111
0.2     0.816262     0.0873269      64.663
0.2     0.816262     0.088673      39.5137
0.2     0.816262     0.0899754      12.8403
0.2     0.816262     0.0912369      0.433949
0.2     0.816262     0.09246      4.6688e-05
0.2     0.842428     0      0
0.2     0.842428     0.0105352      235.313
0.2     0.842428     0.0188729      393.282
0.2     0.842428     0.0257736      563.716
0.2     0.842428     0.0316604      720.858
0.2     0.842428     0.0367935      858.031
0.2     0.842428     0.0413442      956.874
0.2     0.842428     0.0454313      1024
0.2     0.842428     0.0491405      1051.58
0.2     0.842428     0.0525359      1046.83
0.2     0.842428     0.0556665      1017.14
0.2     0.842428     0.0585705      957.671
0.2     0.842428     0.0612786      960.243
0.2     0.842428     0.0638155      873.026
0.2     0.842428     0.0662017      723.918
0.2     0.842428     0.0684539      610.139
0.2     0.842428     0.0705866      512.713
0.2     0.842428     0.0726116      431.19
0.2     0.842428     0.0745394      550.973
0.2     0.842428     0.0763789      386.271
0.2     0.842428     0.0781378      272.925
0.2     0.842428     0.0798228      261.928
0.2     0.842428     0.08144      202.883
0.2     0.842428     0.0829946      170.019
0.2     0.842428     0.0844912      127.014
0.2     0.842428     0.0859341      94.8305
0.2     0.842428     0.0873269      74.2005
0.2     0.842428     0.088673      52.9504
0.2     0.842428     0.0899754      22.6025
0.2     0.842428     0.0912369      1.77186
0.2     0.842428     0.09246      4.99363e-05
0.2     0.867536     0      0
0.2     0.867536     0.0105352      236.812
0.2     0.867536     0.0188729      397.665
0.2     0.867536     0.0257736      572.403
0.2     0.867536     0.0316604      733.799
0.2     0.867536     0.0367935      879.367
0.2     0.867536     0.0413442      981.56
0.2     0.867536     0.0454313      1051.16
0.2     0.867536     0.0491405      1081.75
0.2     0.867536     0.0525359      1084.52
0.2     0.867536     0.0556665      1063.85
0.2     0.867536     0.0585705      1007.2
0.2     0.867536     0.0612786      995.385
0.2     0.867536     0.0638155      911.221
0.2     0.867536     0.0662017      757.476
0.2     0.867536     0.0684539      639.603
0.2     0.867536     0.0705866      533.858
0.2     0.867536     0.0726116      447.747
0.2     0.867536     0.0745394      574.52
0.2     0.867536     0.0763789      404.78
0.2     0.867536     0.0781378      281.302
0.2     0.867536     0.0798228      269.848
0.2     0.867536     0.08144      207.732
0.2     0.867536     0.0829946      175.623
0.2     0.867536     0.0844912      134.131
0.2     0.867536     0.0859341      105.12
0.2     0.867536     0.0873269      79.9933
0.2     0.867536     0.088673      67.4631
0.2     0.867536     0.0899754      36.5933
0.2     0.867536     0.0912369      6.84733
0.2     0.867536     0.09246      5.37353e-05
0.2     0.891668     0      0
0.2     0.891668     0.0105352      238.129
0.2     0.891668     0.0188729      401.842
0.2     0.891668     0.0257736      580.547
0.2     0.891668     0.0316604      746.156
0.2     0.891668     0.0367935      901.193
0.2     0.891668     0.0413442      1004.81
0.2     0.891668     0.0454313      1076.86
0.2     0.891668     0.0491405      1110.56
0.2     0.891668     0.0525359      1122.7
0.2     0.891668     0.0556665      1106.04
0.2     0.891668     0.0585705      1053.82
0.2     0.891668     0.0612786      1034.69
0.2     0.891668     0.0638155      943.562
0.2     0.891668     0.0662017      792.066
0.2     0.891668     0.0684539      667.802
0.2     0.891668     0.0705866      556.758
0.2     0.891668     0.0726116      463.807
0.2     0.891668     0.0745394      594.386
0.2     0.891668     0.0763789      421.153
0.2     0.891668     0.0781378      291.964
0.2     0.891668     0.0798228      278.814
0.2     0.891668     0.08144      211.883
0.2     0.891668     0.0829946      179.379
0.2     0.891668     0.0844912      139.536
0.2     0.891668     0.0859341      113.704
0.2     0.891668     0.0873269      88.9056
0.2     0.891668     0.088673      78.6204
0.2     0.891668     0.0899754      53.983
0.2     0.891668     0.0912369      16.2413
0.2     0.891668     0.09246      5.83041e-05
0.2     0.914898     0      0
0.2     0.914898     0.0105352      239.238
0.2     0.914898     0.0188729      405.737
0.2     0.914898     0.0257736      588.11
0.2     0.914898     0.0316604      761.917
0.2     0.914898     0.0367935      921.94
0.2     0.914898     0.0413442      1026.99
0.2     0.914898     0.0454313      1101.73
0.2     0.914898     0.0491405      1141.23
0.2     0.914898     0.0525359      1158.19
0.2     0.914898     0.0556665      1144.66
0.2     0.914898     0.0585705      1099.26
0.2     0.914898     0.0612786      1068.74
0.2     0.914898     0.0638155      979.595
0.2     0.914898     0.0662017      822.716
0.2     0.914898     0.0684539      697.091
0.2     0.914898     0.0705866      578.466
0.2     0.914898     0.0726116      481.105
0.2     0.914898     0.0745394      602.702
0.2     0.914898     0.0763789      431.645
0.2     0.914898     0.0781378      301.936
0.2     0.914898     0.0798228      291.082
0.2     0.914898     0.08144      216.385
0.2     0.914898     0.0829946      181.719
0.2     0.914898     0.0844912      140.693
0.2     0.914898     0.0859341      119.462
0.2     0.914898     0.0873269      100.88
0.2     0.914898     0.088673      86.4868
0.2     0.914898     0.0899754      74.2337
0.2     0.914898     0.0912369      31.6218
0.2     0.914898     0.09246      0.0231111
0.2     0.937291     0      0
0.2     0.937291     0.0105352      240.107
0.2     0.937291     0.0188729      409.303
0.2     0.937291     0.0257736      595.108
0.2     0.937291     0.0316604      778.14
0.2     0.937291     0.0367935      941.275
0.2     0.937291     0.0413442      1048.85
0.2     0.937291     0.0454313      1125.86
0.2     0.937291     0.0491405      1173.15
0.2     0.937291     0.0525359      1191.62
0.2     0.937291     0.0556665      1180.59
0.2     0.937291     0.0585705      1142.26
0.2     0.937291     0.0612786      1094.58
0.2     0.937291     0.0638155      1011.67
0.2     0.937291     0.0662017      856.591
0.2     0.937291     0.0684539      723.585
0.2     0.937291     0.0705866      600.659
0.2     0.937291     0.0726116      498.075
0.2     0.937291     0.0745394      613.357
0.2     0.937291     0.0763789      435.826
0.2     0.937291     0.0781378      304.942
0.2     0.937291     0.0798228      305.463
0.2     0.937291     0.08144      222.871
0.2     0.937291     0.0829946      184.078
0.2     0.937291     0.0844912      138.898
0.2     0.937291     0.0859341      117.904
0.2     0.937291     0.0873269      107.51
0.2     0.937291     0.088673      101.647
0.2     0.937291     0.0899754      91.5017
0.2     0.937291     0.0912369      53.3266
0.2     0.937291     0.09246      0.0307734
0.2     0.958905     0      0
0.2     0.958905     0.0105352      240.735
0.2     0.958905     0.0188729      412.235
0.2     0.958905     0.0257736      603.486
0.2     0.958905     0.0316604      794.043
0.2     0.958905     0.0367935      959.556
0.2     0.958905     0.0413442      1071.22
0.2     0.958905     0.0454313      1154.16
0.2     0.958905     0.0491405      1203.25
0.2     0.958905     0.0525359      1222.56
0.2     0.958905     0.0556665      1217.02
0.2     0.958905     0.0585705      1180.44
0.2     0.958905     0.0612786      1119.47
0.2     0.958905     0.0638155      1036.73
0.2     0.958905     0.0662017      886.879
0.2     0.958905     0.0684539      753.964
0.2     0.958905     0.0705866      621.76
0.2     0.958905     0.0726116      514.84
0.2     0.958905     0.0745394      609.534
0.2     0.958905     0.0763789      437.453
0.2     0.958905     0.0781378      305.741
0.2     0.958905     0.0798228      317.56
0.2     0.958905     0.08144      230.968
0.2     0.958905     0.0829946      187.616
0.2     0.958905     0.0844912      133.735
0.2     0.958905     0.0859341      110.726
0.2     0.958905     0.0873269      105.433
0.2     0.958905     0.088673      115.351
0.2     0.958905     0.0899754      107.22
0.2     0.958905     0.0912369      82.5304
0.2     0.958905     0.09246      0.0457699
0.2     0.979792     0      0
0.2     0.979792     0.0105352      241.092
0.2     0.979792     0.0188729      413.951
0.2     0.979792     0.0257736      613.452
0.2     0.979792     0.0316604      807.549
0.2     0.979792     0.0367935      976.774
0.2     0.979792     0.0413442      1094.86
0.2     0.979792     0.0454313      1181.77
0.2     0.979792     0.0491405      1231.85
0.2     0.979792     0.0525359      1255.39
0.2     0.979792     0.0556665      1249.43
0.2     0.979792     0.0585705      1216.01
0.2     0.979792     0.0612786      1141.67
0.2     0.979792     0.0638155      1059.2
0.2     0.979792     0.0662017      913.198
0.2     0.979792     0.0684539      781.658
0.2     0.979792     0.0705866      646.466
0.2     0.979792     0.0726116      532.779
0.2     0.979792     0.0745394      611.151
0.2     0.979792     0.0763789      426.911
0.2     0.979792     0.0781378      296.703
0.2     0.979792     0.0798228      308.716
0.2     0.979792     0.08144      228.34
0.2     0.979792     0.0829946      196.092
0.2     0.979792     0.0844912      127.213
0.2     0.979792     0.0859341      93.2665
0.2     0.979792     0.0873269      92.9265
0.2     0.979792     0.088673      118.695
0.2     0.979792     0.0899754      133.53
0.2     0.979792     0.0912369      110.91
0.2     0.979792     0.09246      0.0805882
0.2     1     0      0
0.2     1     0.0105352      241.628
0.2     1     0.0188729      416.383
0.2     1     0.0257736      626.593
0.2     1     0.0316604      816.32
0.2     1     0.0367935      996.236
0.2     1     0.0413442      1122.95
0.2     1     0.0454313      1203.29
0.2     1     0.0491405      1264.52
0.2     1     0.0525359      1286.1
0.2     1     0.0556665      1283.58
0.2     1     0.0585705      1248.64
0.2     1     0.0612786      1163.58
0.2     1     0.0638155      1081.93
0.2     1     0.0662017      940.207
0.2     1     0.0684539      808.511
0.2     1     0.0705866      670.18
0.2     1     0.0726116      554.003
0.2     1     0.0745394      601.979
0.2     1     0.0763789      425.396
0.2     1     0.0781378      283.021
0.2     1     0.0798228      311.76
0.2     1     0.08144      218.534
0.2     1     0.0829946      187.817
0.2     1     0.0844912      118.591
0.2     1     0.0859341      67.4257
0.2     1     0.0873269      54.698
0.2     1     0.088673      95.772
0.2     1     0.0899754      154.794
0.2     1     0.0912369      156.479
0.2     1     0.09246      0.12221
