0.13	-1	0	0
0.13	-1	0.000856284	4.85515
0.13	-1	0.00153396	5.07793
0.13	-1	0.00209483	4.55022
0.13	-1	0.00257331	3.89024
0.13	-1	0.00299052	3.20114
0.13	-1	0.00336039	2.56846
0.13	-1	0.00369258	2.09025
0.13	-1	0.00399406	1.70091
0.13	-1	0.00427004	1.39485
0.13	-1	0.00452448	1.14493
0.13	-1	0.00476052	0.936133
0.13	-1	0.00498063	0.760532
0.13	-1	0.00518682	0.613116
0.13	-1	0.00538077	0.489195
0.13	-1	0.00556383	0.386746
0.13	-1	0.00573716	0.302424
0.13	-1	0.00590175	0.232978
0.13	-1	0.00605844	0.175079
0.13	-1	0.00620795	0.129865
0.13	-1	0.00635091	0.0942129
0.13	-1	0.00648787	0.0660596
0.13	-1	0.00661931	0.0445008
0.13	-1	0.00674567	0.0289521
0.13	-1	0.00686731	0.0176408
0.13	-1	0.00698458	0.0100419
0.13	-1	0.00709779	0.00491635
0.13	-1	0.0072072	0.00207634
0.13	-1	0.00731306	0.000581421
0.13	-1	0.00741559	7.10564e-05
0.13	-1	0.007515	0
0.13	-0.634788	0	0
0.13	-0.634788	0.000856284	5.12551
0.13	-0.634788	0.00153396	5.52817
0.13	-0.634788	0.00209483	5.00999
0.13	-0.634788	0.00257331	4.35823
0.13	-0.634788	0.00299052	3.64531
0.13	-0.634788	0.00336039	2.9256
0.13	-0.634788	0.00369258	2.33963
0.13	-0.634788	0.00399406	1.88021
0.13	-0.634788	0.00427004	1.51651
0.13	-0.634788	0.00452448	1.2324
0.13	-0.634788	0.00476052	1.00441
0.13	-0.634788	0.00498063	0.81864
0.13	-0.634788	0.00518682	0.663186
0.13	-0.634788	0.00538077	0.532899
0.13	-0.634788	0.00556383	0.424495
0.13	-0.634788	0.00573716	0.333333
0.13	-0.634788	0.00590175	0.258164
0.13	-0.634788	0.00605844	0.197489
0.13	-0.634788	0.00620795	0.147429
0.13	-0.634788	0.00635091	0.10764
0.13	-0.634788	0.00648787	0.0766842
0.13	-0.634788	0.00661931	0.0525489
0.13	-0.634788	0.00674567	0.0343743
0.13	-0.634788	0.00686731	0.0212605
0.13	-0.634788	0.00698458	0.0120121
0.13	-0.634788	0.00709779	0.00608674
0.13	-0.634788	0.0072072	0.00254556
0.13	-0.634788	0.00731306	0.000709991
0.13	-0.634788	0.00741559	8.64846e-05
0.13	-0.634788	0.007515	0
0.13	-0.406307	0	0
0.13	-0.406307	0.000856284	5.28403
0.13	-0.406307	0.00153396	5.82688
0.13	-0.406307	0.00209483	5.35613
0.13	-0.406307	0.00257331	4.6877
0.13	-0.406307	0.00299052	3.96254
0.13	-0.406307	0.00336039	3.22406
0.13	-0.406307	0.00369258	2.60005
0.13	-0.406307	0.00399406	2.07685
0.13	-0.406307	0.00427004	1.64929
0.13	-0.406307	0.00452448	1.32114
0.13	-0.406307	0.00476052	1.05632
0.13	-0.406307	0.00498063	0.848627
0.13	-0.406307	0.00518682	0.683687
0.13	-0.406307	0.00538077	0.546862
0.13	-0.406307	0.00556383	0.43516
0.13	-0.406307	0.00573716	0.341892
0.13	-0.406307	0.00590175	0.264473
0.13	-0.406307	0.00605844	0.202031
0.13	-0.406307	0.00620795	0.151058
0.13	-0.406307	0.00635091	0.110162
0.13	-0.406307	0.00648787	0.0782349
0.13	-0.406307	0.00661931	0.0535526
0.13	-0.406307	0.00674567	0.0350623
0.13	-0.406307	0.00686731	0.0216951
0.13	-0.406307	0.00698458	0.0122041
0.13	-0.406307	0.00709779	0.00618376
0.13	-0.406307	0.0072072	0.00256758
0.13	-0.406307	0.00731306	0.000727419
0.13	-0.406307	0.00741559	8.89291e-05
0.13	-0.406307	0.007515	0
0.13	-0.239626	0	0
0.13	-0.239626	0.000856284	5.40217
0.13	-0.239626	0.00153396	6.03734
0.13	-0.239626	0.00209483	5.62534
0.13	-0.239626	0.00257331	4.97932
0.13	-0.239626	0.00299052	4.22825
0.13	-0.239626	0.00336039	3.47688
0.13	-0.239626	0.00369258	2.83257
0.13	-0.239626	0.00399406	2.27412
0.13	-0.239626	0.00427004	1.81533
0.13	-0.239626	0.00452448	1.4423
0.13	-0.239626	0.00476052	1.13239
0.13	-0.239626	0.00498063	0.897713
0.13	-0.239626	0.00518682	0.7088
0.13	-0.239626	0.00538077	0.559464
0.13	-0.239626	0.00556383	0.441674
0.13	-0.239626	0.00573716	0.345555
0.13	-0.239626	0.00590175	0.267472
0.13	-0.239626	0.00605844	0.203771
0.13	-0.239626	0.00620795	0.152454
0.13	-0.239626	0.00635091	0.111165
0.13	-0.239626	0.00648787	0.0789621
0.13	-0.239626	0.00661931	0.0541531
0.13	-0.239626	0.00674567	0.0352863
0.13	-0.239626	0.00686731	0.0217574
0.13	-0.239626	0.00698458	0.01236
0.13	-0.239626	0.00709779	0.00617382
0.13	-0.239626	0.0072072	0.00255915
0.13	-0.239626	0.00731306	0.000735169
0.13	-0.239626	0.00741559	8.98816e-05
0.13	-0.239626	0.007515	0
0.13	-0.108332	0	0
0.13	-0.108332	0.000856284	5.49244
0.13	-0.108332	0.00153396	6.19372
0.13	-0.108332	0.00209483	5.84471
0.13	-0.108332	0.00257331	5.22011
0.13	-0.108332	0.00299052	4.47357
0.13	-0.108332	0.00336039	3.70037
0.13	-0.108332	0.00369258	3.04672
0.13	-0.108332	0.00399406	2.46848
0.13	-0.108332	0.00427004	1.98719
0.13	-0.108332	0.00452448	1.57373
0.13	-0.108332	0.00476052	1.24419
0.13	-0.108332	0.00498063	0.971953
0.13	-0.108332	0.00518682	0.754386
0.13	-0.108332	0.00538077	0.586961
0.13	-0.108332	0.00556383	0.455595
0.13	-0.108332	0.00573716	0.351661
0.13	-0.108332	0.00590175	0.270488
0.13	-0.108332	0.00605844	0.205459
0.13	-0.108332	0.00620795	0.153611
0.13	-0.108332	0.00635091	0.11204
0.13	-0.108332	0.00648787	0.0796913
0.13	-0.108332	0.00661931	0.0544817
0.13	-0.108332	0.00674567	0.0355817
0.13	-0.108332	0.00686731	0.0219367
0.13	-0.108332	0.00698458	0.0123543
0.13	-0.108332	0.00709779	0.00620059
0.13	-0.108332	0.0072072	0.00255445
0.13	-0.108332	0.00731306	0.000742417
0.13	-0.108332	0.00741559	9.07733e-05
0.13	-0.108332	0.007515	0
0.13	-2e-20	0	0
0.13	-2e-20	0.000856284	5.56687
0.13	-2e-20	0.00153396	6.31848
0.13	-2e-20	0.00209483	6.02705
0.13	-2e-20	0.00257331	5.43385
0.13	-2e-20	0.00299052	4.69741
0.13	-2e-20	0.00336039	3.90917
0.13	-2e-20	0.00369258	3.24262
0.13	-2e-20	0.00399406	2.65588
0.13	-2e-20	0.00427004	2.15284
0.13	-2e-20	0.00452448	1.73013
0.13	-2e-20	0.00476052	1.35677
0.13	-2e-20	0.00498063	1.06352
0.13	-2e-20	0.00518682	0.82633
0.13	-2e-20	0.00538077	0.634228
0.13	-2e-20	0.00556383	0.483757
0.13	-2e-20	0.00573716	0.366772
0.13	-2e-20	0.00590175	0.277937
0.13	-2e-20	0.00605844	0.208911
0.13	-2e-20	0.00620795	0.15518
0.13	-2e-20	0.00635091	0.113053
0.13	-2e-20	0.00648787	0.0802571
0.13	-2e-20	0.00661931	0.0548523
0.13	-2e-20	0.00674567	0.0358909
0.13	-2e-20	0.00686731	0.0220491
0.13	-2e-20	0.00698458	0.0124639
0.13	-2e-20	0.00709779	0.00622899
0.13	-2e-20	0.0072072	0.00257796
0.13	-2e-20	0.00731306	0.000749304
0.13	-2e-20	0.00741559	9.16214e-05
0.13	-2e-20	0.007515	0
0.13	0.0922185	0	0
0.13	0.0922185	0.000856284	5.63102
0.13	0.0922185	0.00153396	6.42795
0.13	0.0922185	0.00209483	6.18428
0.13	0.0922185	0.00257331	5.6233
0.13	0.0922185	0.00299052	4.88718
0.13	0.0922185	0.00336039	4.11704
0.13	0.0922185	0.00369258	3.43212
0.13	0.0922185	0.00399406	2.83512
0.13	0.0922185	0.00427004	2.32063
0.13	0.0922185	0.00452448	1.87433
0.13	0.0922185	0.00476052	1.49284
0.13	0.0922185	0.00498063	1.17006
0.13	0.0922185	0.00518682	0.906553
0.13	0.0922185	0.00538077	0.697063
0.13	0.0922185	0.00556383	0.530603
0.13	0.0922185	0.00573716	0.39571
0.13	0.0922185	0.00590175	0.293353
0.13	0.0922185	0.00605844	0.216918
0.13	0.0922185	0.00620795	0.158964
0.13	0.0922185	0.00635091	0.114736
0.13	0.0922185	0.00648787	0.0807927
0.13	0.0922185	0.00661931	0.0552436
0.13	0.0922185	0.00674567	0.0361364
0.13	0.0922185	0.00686731	0.0222671
0.13	0.0922185	0.00698458	0.0125703
0.13	0.0922185	0.00709779	0.00631139
0.13	0.0922185	0.0072072	0.00260051
0.13	0.0922185	0.00731306	0.000755913
0.13	0.0922185	0.00741559	9.24361e-05
0.13	0.0922185	0.007515	0
0.13	0.172502	0	0
0.13	0.172502	0.000856284	5.68564
0.13	0.172502	0.00153396	6.51836
0.13	0.172502	0.00209483	6.31588
0.13	0.172502	0.00257331	5.78817
0.13	0.172502	0.00299052	5.07657
0.13	0.172502	0.00336039	4.29844
0.13	0.172502	0.00369258	3.62304
0.13	0.172502	0.00399406	3.01023
0.13	0.172502	0.00427004	2.48767
0.13	0.172502	0.00452448	2.02544
0.13	0.172502	0.00476052	1.61784
0.13	0.172502	0.00498063	1.28704
0.13	0.172502	0.00518682	1.00516
0.13	0.172502	0.00538077	0.774385
0.13	0.172502	0.00556383	0.584706
0.13	0.172502	0.00573716	0.439635
0.13	0.172502	0.00590175	0.322538
0.13	0.172502	0.00605844	0.23348
0.13	0.172502	0.00620795	0.166313
0.13	0.172502	0.00635091	0.118655
0.13	0.172502	0.00648787	0.082251
0.13	0.172502	0.00661931	0.0558188
0.13	0.172502	0.00674567	0.0364338
0.13	0.172502	0.00686731	0.0224588
0.13	0.172502	0.00698458	0.0126899
0.13	0.172502	0.00709779	0.0063768
0.13	0.172502	0.0072072	0.00262932
0.13	0.172502	0.00731306	0.000762307
0.13	0.172502	0.00741559	9.32248e-05
0.13	0.172502	0.007515	0
0.13	0.243589	0	0
0.13	0.243589	0.000856284	5.73366
0.13	0.243589	0.00153396	6.59989
0.13	0.243589	0.00209483	6.43764
0.13	0.243589	0.00257331	5.93917
0.13	0.243589	0.00299052	5.25001
0.13	0.243589	0.00336039	4.46578
0.13	0.243589	0.00369258	3.79846
0.13	0.243589	0.00399406	3.18373
0.13	0.243589	0.00427004	2.6503
0.13	0.243589	0.00452448	2.18046
0.13	0.243589	0.00476052	1.75532
0.13	0.243589	0.00498063	1.39684
0.13	0.243589	0.00518682	1.1077
0.13	0.243589	0.00538077	0.861564
0.13	0.243589	0.00556383	0.65867
0.13	0.243589	0.00573716	0.491068
0.13	0.243589	0.00590175	0.36055
0.13	0.243589	0.00605844	0.25961
0.13	0.243589	0.00620795	0.182648
0.13	0.243589	0.00635091	0.126452
0.13	0.243589	0.00648787	0.0861758
0.13	0.243589	0.00661931	0.0575448
0.13	0.243589	0.00674567	0.0369245
0.13	0.243589	0.00686731	0.0226404
0.13	0.243589	0.00698458	0.0128541
0.13	0.243589	0.00709779	0.00643681
0.13	0.243589	0.0072072	0.00267051
0.13	0.243589	0.00731306	0.000768528
0.13	0.243589	0.00741559	9.39928e-05
0.13	0.243589	0.007515	0
0.13	0.307372	0	0
0.13	0.307372	0.000856284	5.77555
0.13	0.307372	0.00153396	6.67554
0.13	0.307372	0.00209483	6.54586
0.13	0.307372	0.00257331	6.07324
0.13	0.307372	0.00299052	5.40348
0.13	0.307372	0.00336039	4.64124
0.13	0.307372	0.00369258	3.9568
0.13	0.307372	0.00399406	3.35377
0.13	0.307372	0.00427004	2.8119
0.13	0.307372	0.00452448	2.33039
0.13	0.307372	0.00476052	1.8966
0.13	0.307372	0.00498063	1.52459
0.13	0.307372	0.00518682	1.20905
0.13	0.307372	0.00538077	0.951534
0.13	0.307372	0.00556383	0.736152
0.13	0.307372	0.00573716	0.557393
0.13	0.307372	0.00590175	0.409239
0.13	0.307372	0.00605844	0.293933
0.13	0.307372	0.00620795	0.207024
0.13	0.307372	0.00635091	0.140897
0.13	0.307372	0.00648787	0.0942042
0.13	0.307372	0.00661931	0.0610711
0.13	0.307372	0.00674567	0.0385545
0.13	0.307372	0.00686731	0.0230959
0.13	0.307372	0.00698458	0.0130128
0.13	0.307372	0.00709779	0.00650448
0.13	0.307372	0.0072072	0.00270398
0.13	0.307372	0.00731306	0.0007813
0.13	0.307372	0.00741559	9.47439e-05
0.13	0.307372	0.007515	0
0.13	0.365212	0	0
0.13	0.365212	0.000856284	5.81219
0.13	0.365212	0.00153396	6.74221
0.13	0.365212	0.00209483	6.63961
0.13	0.365212	0.00257331	6.19804
0.13	0.365212	0.00299052	5.54729
0.13	0.365212	0.00336039	4.80057
0.13	0.365212	0.00369258	4.1236
0.13	0.365212	0.00399406	3.51096
0.13	0.365212	0.00427004	2.97256
0.13	0.365212	0.00452448	2.48187
0.13	0.365212	0.00476052	2.03286
0.13	0.365212	0.00498063	1.65343
0.13	0.365212	0.00518682	1.32536
0.13	0.365212	0.00538077	1.04677
0.13	0.365212	0.00556383	0.818027
0.13	0.365212	0.00573716	0.626706
0.13	0.365212	0.00590175	0.465707
0.13	0.365212	0.00605844	0.338306
0.13	0.365212	0.00620795	0.23861
0.13	0.365212	0.00635091	0.163305
0.13	0.365212	0.00648787	0.107398
0.13	0.365212	0.00661931	0.0681343
0.13	0.365212	0.00674567	0.0419283
0.13	0.365212	0.00686731	0.0244577
0.13	0.365212	0.00698458	0.0134117
0.13	0.365212	0.00709779	0.00661792
0.13	0.365212	0.0072072	0.00273255
0.13	0.365212	0.00731306	0.000806433
0.13	0.365212	0.00741559	9.54811e-05
0.13	0.365212	0.007515	0
0.13	0.418124	0	0
0.13	0.418124	0.000856284	5.84384
0.13	0.418124	0.00153396	6.80489
0.13	0.418124	0.00209483	6.72214
0.13	0.418124	0.00257331	6.31428
0.13	0.418124	0.00299052	5.68064
0.13	0.418124	0.00336039	4.9448
0.13	0.418124	0.00369258	4.28592
0.13	0.418124	0.00399406	3.66373
0.13	0.418124	0.00427004	3.12579
0.13	0.418124	0.00452448	2.62969
0.13	0.418124	0.00476052	2.17139
0.13	0.418124	0.00498063	1.77735
0.13	0.418124	0.00518682	1.44284
0.13	0.418124	0.00538077	1.1526
0.13	0.418124	0.00556383	0.905854
0.13	0.418124	0.00573716	0.703944
0.13	0.418124	0.00590175	0.527568
0.13	0.418124	0.00605844	0.387835
0.13	0.418124	0.00620795	0.277113
0.13	0.418124	0.00635091	0.191316
0.13	0.418124	0.00648787	0.126522
0.13	0.418124	0.00661931	0.0803136
0.13	0.418124	0.00674567	0.0480408
0.13	0.418124	0.00686731	0.027394
0.13	0.418124	0.00698458	0.0146832
0.13	0.418124	0.00709779	0.00694871
0.13	0.418124	0.0072072	0.00275369
0.13	0.418124	0.00731306	0.000811695
0.13	0.418124	0.00741559	9.62066e-05
0.13	0.418124	0.007515	0
0.13	0.466881	0	0
0.13	0.466881	0.000856284	5.87352
0.13	0.466881	0.00153396	6.86511
0.13	0.466881	0.00209483	6.80559
0.13	0.466881	0.00257331	6.41984
0.13	0.466881	0.00299052	5.80631
0.13	0.466881	0.00336039	5.08217
0.13	0.466881	0.00369258	4.43736
0.13	0.466881	0.00399406	3.82638
0.13	0.466881	0.00427004	3.27361
0.13	0.466881	0.00452448	2.77898
0.13	0.466881	0.00476052	2.30852
0.13	0.466881	0.00498063	1.90471
0.13	0.466881	0.00518682	1.55571
0.13	0.466881	0.00538077	1.26034
0.13	0.466881	0.00556383	1.00207
0.13	0.466881	0.00573716	0.7833
0.13	0.466881	0.00590175	0.59793
0.13	0.466881	0.00605844	0.444455
0.13	0.466881	0.00620795	0.320646
0.13	0.466881	0.00635091	0.225446
0.13	0.466881	0.00648787	0.151858
0.13	0.466881	0.00661931	0.0969064
0.13	0.466881	0.00674567	0.0584287
0.13	0.466881	0.00686731	0.0327069
0.13	0.466881	0.00698458	0.017072
0.13	0.466881	0.00709779	0.00799482
0.13	0.466881	0.0072072	0.0029879
0.13	0.466881	0.00731306	0.000818708
0.13	0.466881	0.00741559	9.69225e-05
0.13	0.466881	0.007515	0
0.13	0.512089	0	0
0.13	0.512089	0.000856284	5.90087
0.13	0.512089	0.00153396	6.91865
0.13	0.512089	0.00209483	6.88171
0.13	0.512089	0.00257331	6.51485
0.13	0.512089	0.00299052	5.9274
0.13	0.512089	0.00336039	5.21153
0.13	0.512089	0.00369258	4.57636
0.13	0.512089	0.00399406	3.98031
0.13	0.512089	0.00427004	3.42495
0.13	0.512089	0.00452448	2.92216
0.13	0.512089	0.00476052	2.44838
0.13	0.512089	0.00498063	2.03591
0.13	0.512089	0.00518682	1.67499
0.13	0.512089	0.00538077	1.36284
0.13	0.512089	0.00556383	1.10075
0.13	0.512089	0.00573716	0.871098
0.13	0.512089	0.00590175	0.669322
0.13	0.512089	0.00605844	0.506747
0.13	0.512089	0.00620795	0.373182
0.13	0.512089	0.00635091	0.264575
0.13	0.512089	0.00648787	0.180769
0.13	0.512089	0.00661931	0.119296
0.13	0.512089	0.00674567	0.073225
0.13	0.512089	0.00686731	0.041608
0.13	0.512089	0.00698458	0.0213483
0.13	0.512089	0.00709779	0.00996711
0.13	0.512089	0.0072072	0.00384018
0.13	0.512089	0.00731306	0.000992181
0.13	0.512089	0.00741559	9.95969e-05
0.13	0.512089	0.007515	0
0.13	0.55423	0	0
0.13	0.55423	0.000856284	5.9259
0.13	0.55423	0.00153396	6.9668
0.13	0.55423	0.00209483	6.95337
0.13	0.55423	0.00257331	6.60165
0.13	0.55423	0.00299052	6.03819
0.13	0.55423	0.00336039	5.33607
0.13	0.55423	0.00369258	4.71057
0.13	0.55423	0.00399406	4.12568
0.13	0.55423	0.00427004	3.57891
0.13	0.55423	0.00452448	3.06297
0.13	0.55423	0.00476052	2.58392
0.13	0.55423	0.00498063	2.16414
0.13	0.55423	0.00518682	1.79963
0.13	0.55423	0.00538077	1.47631
0.13	0.55423	0.00556383	1.19837
0.13	0.55423	0.00573716	0.962529
0.13	0.55423	0.00590175	0.74658
0.13	0.55423	0.00605844	0.571259
0.13	0.55423	0.00620795	0.428987
0.13	0.55423	0.00635091	0.311287
0.13	0.55423	0.00648787	0.216381
0.13	0.55423	0.00661931	0.144754
0.13	0.55423	0.00674567	0.0918656
0.13	0.55423	0.00686731	0.0542194
0.13	0.55423	0.00698458	0.0285526
0.13	0.55423	0.00709779	0.0135184
0.13	0.55423	0.0072072	0.00541763
0.13	0.55423	0.00731306	0.00159944
0.13	0.55423	0.00741559	0.000192643
0.13	0.55423	0.007515	0
0.13	0.593693	0	0
0.13	0.593693	0.000856284	5.94823
0.13	0.593693	0.00153396	7.01071
0.13	0.593693	0.00209483	7.02145
0.13	0.593693	0.00257331	6.68928
0.13	0.593693	0.00299052	6.14009
0.13	0.593693	0.00336039	5.4585
0.13	0.593693	0.00369258	4.83888
0.13	0.593693	0.00399406	4.26121
0.13	0.593693	0.00427004	3.72592
0.13	0.593693	0.00452448	3.21316
0.13	0.593693	0.00476052	2.71957
0.13	0.593693	0.00498063	2.29222
0.13	0.593693	0.00518682	1.91933
0.13	0.593693	0.00538077	1.5937
0.13	0.593693	0.00556383	1.30376
0.13	0.593693	0.00573716	1.05415
0.13	0.593693	0.00590175	0.83032
0.13	0.593693	0.00605844	0.641908
0.13	0.593693	0.00620795	0.487023
0.13	0.593693	0.00635091	0.359468
0.13	0.593693	0.00648787	0.25644
0.13	0.593693	0.00661931	0.175522
0.13	0.593693	0.00674567	0.114226
0.13	0.593693	0.00686731	0.069438
0.13	0.593693	0.00698458	0.0387663
0.13	0.593693	0.00709779	0.0189349
0.13	0.593693	0.0072072	0.00775982
0.13	0.593693	0.00731306	0.00246663
0.13	0.593693	0.00741559	0.000363556
0.13	0.593693	0.007515	0
0.13	0.630798	0	0
0.13	0.630798	0.000856284	5.97023
0.13	0.630798	0.00153396	7.05159
0.13	0.630798	0.00209483	7.0858
0.13	0.630798	0.00257331	6.77117
0.13	0.630798	0.00299052	6.23438
0.13	0.630798	0.00336039	5.57157
0.13	0.630798	0.00369258	4.96657
0.13	0.630798	0.00399406	4.39469
0.13	0.630798	0.00427004	3.86544
0.13	0.630798	0.00452448	3.3589
0.13	0.630798	0.00476052	2.85758
0.13	0.630798	0.00498063	2.42267
0.13	0.630798	0.00518682	2.03875
0.13	0.630798	0.00538077	1.70721
0.13	0.630798	0.00556383	1.41418
0.13	0.630798	0.00573716	1.152
0.13	0.630798	0.00590175	0.913146
0.13	0.630798	0.00605844	0.716759
0.13	0.630798	0.00620795	0.55193
0.13	0.630798	0.00635091	0.413169
0.13	0.630798	0.00648787	0.298504
0.13	0.630798	0.00661931	0.208438
0.13	0.630798	0.00674567	0.13843
0.13	0.630798	0.00686731	0.0871234
0.13	0.630798	0.00698458	0.0505112
0.13	0.630798	0.00709779	0.0255443
0.13	0.630798	0.0072072	0.0107048
0.13	0.630798	0.00731306	0.00318654
0.13	0.630798	0.00741559	0.000407438
0.13	0.630798	0.007515	0
0.13	0.665812	0	0
0.13	0.665812	0.000856284	5.99058
0.13	0.665812	0.00153396	7.09081
0.13	0.665812	0.00209483	7.14528
0.13	0.665812	0.00257331	6.85217
0.13	0.665812	0.00299052	6.32355
0.13	0.665812	0.00336039	5.67733
0.13	0.665812	0.00369258	5.08985
0.13	0.665812	0.00399406	4.52584
0.13	0.665812	0.00427004	3.99718
0.13	0.665812	0.00452448	3.49886
0.13	0.665812	0.00476052	2.99795
0.13	0.665812	0.00498063	2.55028
0.13	0.665812	0.00518682	2.16294
0.13	0.665812	0.00538077	1.81673
0.13	0.665812	0.00556383	1.52033
0.13	0.665812	0.00573716	1.25426
0.13	0.665812	0.00590175	1.00129
0.13	0.665812	0.00605844	0.791817
0.13	0.665812	0.00620795	0.61712
0.13	0.665812	0.00635091	0.469447
0.13	0.665812	0.00648787	0.345139
0.13	0.665812	0.00661931	0.244684
0.13	0.665812	0.00674567	0.166144
0.13	0.665812	0.00686731	0.106412
0.13	0.665812	0.00698458	0.0633158
0.13	0.665812	0.00709779	0.0336295
0.13	0.665812	0.0072072	0.0145986
0.13	0.665812	0.00731306	0.00430681
0.13	0.665812	0.00741559	0.000534602
0.13	0.665812	0.007515	0
0.13	0.698958	0	0
0.13	0.698958	0.000856284	6.0089
0.13	0.698958	0.00153396	7.12635
0.13	0.698958	0.00209483	7.19954
0.13	0.698958	0.00257331	6.92653
0.13	0.698958	0.00299052	6.41453
0.13	0.698958	0.00336039	5.77632
0.13	0.698958	0.00369258	5.20648
0.13	0.698958	0.00399406	4.65429
0.13	0.698958	0.00427004	4.12801
0.13	0.698958	0.00452448	3.63233
0.13	0.698958	0.00476052	3.13512
0.13	0.698958	0.00498063	2.68596
0.13	0.698958	0.00518682	2.28579
0.13	0.698958	0.00538077	1.93424
0.13	0.698958	0.00556383	1.62351
0.13	0.698958	0.00573716	1.35439
0.13	0.698958	0.00590175	1.09498
0.13	0.698958	0.00605844	0.871665
0.13	0.698958	0.00620795	0.685812
0.13	0.698958	0.00635091	0.525679
0.13	0.698958	0.00648787	0.392623
0.13	0.698958	0.00661931	0.283423
0.13	0.698958	0.00674567	0.194564
0.13	0.698958	0.00686731	0.127115
0.13	0.698958	0.00698458	0.0775309
0.13	0.698958	0.00709779	0.0424303
0.13	0.698958	0.0072072	0.0192286
0.13	0.698958	0.00731306	0.00602384
0.13	0.698958	0.00741559	0.000759632
0.13	0.698958	0.007515	0
0.13	0.730425	0	0
0.13	0.730425	0.000856284	6.02546
0.13	0.730425	0.00153396	7.15872
0.13	0.730425	0.00209483	7.24879
0.13	0.730425	0.00257331	6.99824
0.13	0.730425	0.00299052	6.50022
0.13	0.730425	0.00336039	5.87187
0.13	0.730425	0.00369258	5.31582
0.13	0.730425	0.00399406	4.77778
0.13	0.730425	0.00427004	4.26188
0.13	0.730425	0.00452448	3.76209
0.13	0.730425	0.00476052	3.2665
0.13	0.730425	0.00498063	2.81901
0.13	0.730425	0.00518682	2.41341
0.13	0.730425	0.00538077	2.05432
0.13	0.730425	0.00556383	1.73243
0.13	0.730425	0.00573716	1.45205
0.13	0.730425	0.00590175	1.18624
0.13	0.730425	0.00605844	0.955603
0.13	0.730425	0.00620795	0.758356
0.13	0.730425	0.00635091	0.58807
0.13	0.730425	0.00648787	0.442958
0.13	0.730425	0.00661931	0.323374
0.13	0.730425	0.00674567	0.226029
0.13	0.730425	0.00686731	0.14937
0.13	0.730425	0.00698458	0.0924833
0.13	0.730425	0.00709779	0.0516809
0.13	0.730425	0.0072072	0.0243884
0.13	0.730425	0.00731306	0.00825257
0.13	0.730425	0.00741559	0.00124053
0.13	0.730425	0.007515	0
0.13	0.760374	0	0
0.13	0.760374	0.000856284	6.04053
0.13	0.760374	0.00153396	7.18992
0.13	0.760374	0.00209483	7.29985
0.13	0.760374	0.00257331	7.06573
0.13	0.760374	0.00299052	6.58466
0.13	0.760374	0.00336039	5.9635
0.13	0.760374	0.00369258	5.42172
0.13	0.760374	0.00399406	4.89783
0.13	0.760374	0.00427004	4.3908
0.13	0.760374	0.00452448	3.89436
0.13	0.760374	0.00476052	3.3922
0.13	0.760374	0.00498063	2.94801
0.13	0.760374	0.00518682	2.54151
0.13	0.760374	0.00538077	2.17233
0.13	0.760374	0.00556383	1.84866
0.13	0.760374	0.00573716	1.55135
0.13	0.760374	0.00590175	1.27492
0.13	0.760374	0.00605844	1.03779
0.13	0.760374	0.00620795	0.831749
0.13	0.760374	0.00635091	0.651781
0.13	0.760374	0.00648787	0.494846
0.13	0.760374	0.00661931	0.36495
0.13	0.760374	0.00674567	0.257516
0.13	0.760374	0.00686731	0.172775
0.13	0.760374	0.00698458	0.107713
0.13	0.760374	0.00709779	0.0606155
0.13	0.760374	0.0072072	0.028753
0.13	0.760374	0.00731306	0.00989211
0.13	0.760374	0.00741559	0.0014649
0.13	0.760374	0.007515	0
0.13	0.788947	0	0
0.13	0.788947	0.000856284	6.05445
0.13	0.788947	0.00153396	7.2201
0.13	0.788947	0.00209483	7.3465
0.13	0.788947	0.00257331	7.12781
0.13	0.788947	0.00299052	6.66344
0.13	0.788947	0.00336039	6.0547
0.13	0.788947	0.00369258	5.52417
0.13	0.788947	0.00399406	5.01091
0.13	0.788947	0.00427004	4.51493
0.13	0.788947	0.00452448	4.0275
0.13	0.788947	0.00476052	3.51923
0.13	0.788947	0.00498063	3.07173
0.13	0.788947	0.00518682	2.66708
0.13	0.788947	0.00538077	2.29552
0.13	0.788947	0.00556383	1.96082
0.13	0.788947	0.00573716	1.66193
0.13	0.788947	0.00590175	1.36824
0.13	0.788947	0.00605844	1.12146
0.13	0.788947	0.00620795	0.906244
0.13	0.788947	0.00635091	0.713589
0.13	0.788947	0.00648787	0.547081
0.13	0.788947	0.00661931	0.406954
0.13	0.788947	0.00674567	0.289608
0.13	0.788947	0.00686731	0.194472
0.13	0.788947	0.00698458	0.121905
0.13	0.788947	0.00709779	0.0683193
0.13	0.788947	0.0072072	0.0319259
0.13	0.788947	0.00731306	0.0107681
0.13	0.788947	0.00741559	0.00149162
0.13	0.788947	0.007515	0
0.13	0.816262	0	0
0.13	0.816262	0.000856284	6.06785
0.13	0.816262	0.00153396	7.24844
0.13	0.816262	0.00209483	7.38969
0.13	0.816262	0.00257331	7.18552
0.13	0.816262	0.00299052	6.73963
0.13	0.816262	0.00336039	6.14185
0.13	0.816262	0.00369258	5.6214
0.13	0.816262	0.00399406	5.12235
0.13	0.816262	0.00427004	4.63489
0.13	0.816262	0.00452448	4.15688
0.13	0.816262	0.00476052	3.65315
0.13	0.816262	0.00498063	3.19484
0.13	0.816262	0.00518682	2.78834
0.13	0.816262	0.00538077	2.4155
0.13	0.816262	0.00556383	2.07469
0.13	0.816262	0.00573716	1.76833
0.13	0.816262	0.00590175	1.46535
0.13	0.816262	0.00605844	1.20631
0.13	0.816262	0.00620795	0.981772
0.13	0.816262	0.00635091	0.778137
0.13	0.816262	0.00648787	0.600261
0.13	0.816262	0.00661931	0.448638
0.13	0.816262	0.00674567	0.319469
0.13	0.816262	0.00686731	0.216587
0.13	0.816262	0.00698458	0.135682
0.13	0.816262	0.00709779	0.0752994
0.13	0.816262	0.0072072	0.0347687
0.13	0.816262	0.00731306	0.0111916
0.13	0.816262	0.00741559	0.00150671
0.13	0.816262	0.007515	0
0.13	0.842428	0	0
0.13	0.842428	0.000856284	6.07943
0.13	0.842428	0.00153396	7.27421
0.13	0.842428	0.00209483	7.43029
0.13	0.842428	0.00257331	7.24357
0.13	0.842428	0.00299052	6.8111
0.13	0.842428	0.00336039	6.22641
0.13	0.842428	0.00369258	5.71674
0.13	0.842428	0.00399406	5.23092
0.13	0.842428	0.00427004	4.75224
0.13	0.842428	0.00452448	4.28065
0.13	0.842428	0.00476052	3.78441
0.13	0.842428	0.00498063	3.32485
0.13	0.842428	0.00518682	2.90707
0.13	0.842428	0.00538077	2.53417
0.13	0.842428	0.00556383	2.18917
0.13	0.842428	0.00573716	1.87204
0.13	0.842428	0.00590175	1.5622
0.13	0.842428	0.00605844	1.28849
0.13	0.842428	0.00620795	1.05621
0.13	0.842428	0.00635091	0.844501
0.13	0.842428	0.00648787	0.653349
0.13	0.842428	0.00661931	0.490046
0.13	0.842428	0.00674567	0.351366
0.13	0.842428	0.00686731	0.238154
0.13	0.842428	0.00698458	0.148949
0.13	0.842428	0.00709779	0.082876
0.13	0.842428	0.0072072	0.0377869
0.13	0.842428	0.00731306	0.0117967
0.13	0.842428	0.00741559	0.00152181
0.13	0.842428	0.007515	0
0.13	0.867536	0	0
0.13	0.867536	0.000856284	6.09102
0.13	0.867536	0.00153396	7.2975
0.13	0.867536	0.00209483	7.47065
0.13	0.867536	0.00257331	7.29849
0.13	0.867536	0.00299052	6.87794
0.13	0.867536	0.00336039	6.30775
0.13	0.867536	0.00369258	5.80921
0.13	0.867536	0.00399406	5.3341
0.13	0.867536	0.00427004	4.86739
0.13	0.867536	0.00452448	4.40082
0.13	0.867536	0.00476052	3.90992
0.13	0.867536	0.00498063	3.45611
0.13	0.867536	0.00518682	3.03234
0.13	0.867536	0.00538077	2.64993
0.13	0.867536	0.00556383	2.30412
0.13	0.867536	0.00573716	1.98125
0.13	0.867536	0.00590175	1.65657
0.13	0.867536	0.00605844	1.37498
0.13	0.867536	0.00620795	1.12926
0.13	0.867536	0.00635091	0.908468
0.13	0.867536	0.00648787	0.707339
0.13	0.867536	0.00661931	0.531982
0.13	0.867536	0.00674567	0.383038
0.13	0.867536	0.00686731	0.260091
0.13	0.867536	0.00698458	0.163085
0.13	0.867536	0.00709779	0.0905544
0.13	0.867536	0.0072072	0.0413224
0.13	0.867536	0.00731306	0.0130159
0.13	0.867536	0.00741559	0.00167289
0.13	0.867536	0.007515	0
0.13	0.891668	0	0
0.13	0.891668	0.000856284	6.10181
0.13	0.891668	0.00153396	7.31905
0.13	0.891668	0.00209483	7.50924
0.13	0.891668	0.00257331	7.3495
0.13	0.891668	0.00299052	6.94106
0.13	0.891668	0.00336039	6.38619
0.13	0.891668	0.00369258	5.89726
0.13	0.891668	0.00399406	5.43256
0.13	0.891668	0.00427004	4.97966
0.13	0.891668	0.00452448	4.52212
0.13	0.891668	0.00476052	4.03103
0.13	0.891668	0.00498063	3.58282
0.13	0.891668	0.00518682	3.16199
0.13	0.891668	0.00538077	2.76849
0.13	0.891668	0.00556383	2.41636
0.13	0.891668	0.00573716	2.09081
0.13	0.891668	0.00590175	1.756
0.13	0.891668	0.00605844	1.463
0.13	0.891668	0.00620795	1.20525
0.13	0.891668	0.00635091	0.972986
0.13	0.891668	0.00648787	0.760891
0.13	0.891668	0.00661931	0.575685
0.13	0.891668	0.00674567	0.416648
0.13	0.891668	0.00686731	0.28362
0.13	0.891668	0.00698458	0.178982
0.13	0.891668	0.00709779	0.0995814
0.13	0.891668	0.0072072	0.0459055
0.13	0.891668	0.00731306	0.0149971
0.13	0.891668	0.00741559	0.00217757
0.13	0.891668	0.007515	0
0.13	0.914898	0	0
0.13	0.914898	0.000856284	6.11168
0.13	0.914898	0.00153396	7.3386
0.13	0.914898	0.00209483	7.54563
0.13	0.914898	0.00257331	7.39875
0.13	0.914898	0.00299052	7.0051
0.13	0.914898	0.00336039	6.45934
0.13	0.914898	0.00369258	5.98445
0.13	0.914898	0.00399406	5.53112
0.13	0.914898	0.00427004	5.08655
0.13	0.914898	0.00452448	4.63932
0.13	0.914898	0.00476052	4.1542
0.13	0.914898	0.00498063	3.70429
0.13	0.914898	0.00518682	3.28811
0.13	0.914898	0.00538077	2.89348
0.13	0.914898	0.00556383	2.52814
0.13	0.914898	0.00573716	2.19769
0.13	0.914898	0.00590175	1.85545
0.13	0.914898	0.00605844	1.55021
0.13	0.914898	0.00620795	1.28299
0.13	0.914898	0.00635091	1.03778
0.13	0.914898	0.00648787	0.816262
0.13	0.914898	0.00661931	0.620975
0.13	0.914898	0.00674567	0.449818
0.13	0.914898	0.00686731	0.308108
0.13	0.914898	0.00698458	0.194821
0.13	0.914898	0.00709779	0.109437
0.13	0.914898	0.0072072	0.0507236
0.13	0.914898	0.00731306	0.0167099
0.13	0.914898	0.00741559	0.00238825
0.13	0.914898	0.007515	0
0.13	0.937291	0	0
0.13	0.937291	0.000856284	6.12163
0.13	0.937291	0.00153396	7.35776
0.13	0.937291	0.00209483	7.57931
0.13	0.937291	0.00257331	7.44787
0.13	0.937291	0.00299052	7.0645
0.13	0.937291	0.00336039	6.52784
0.13	0.937291	0.00369258	6.0692
0.13	0.937291	0.00399406	5.62631
0.13	0.937291	0.00427004	5.18806
0.13	0.937291	0.00452448	4.75346
0.13	0.937291	0.00476052	4.27397
0.13	0.937291	0.00498063	3.82904
0.13	0.937291	0.00518682	3.40972
0.13	0.937291	0.00538077	3.01677
0.13	0.937291	0.00556383	2.64901
0.13	0.937291	0.00573716	2.30379
0.13	0.937291	0.00590175	1.95349
0.13	0.937291	0.00605844	1.63977
0.13	0.937291	0.00620795	1.35877
0.13	0.937291	0.00635091	1.10374
0.13	0.937291	0.00648787	0.870948
0.13	0.937291	0.00661931	0.665367
0.13	0.937291	0.00674567	0.483857
0.13	0.937291	0.00686731	0.33268
0.13	0.937291	0.00698458	0.210876
0.13	0.937291	0.00709779	0.119177
0.13	0.937291	0.0072072	0.0555948
0.13	0.937291	0.00731306	0.0183686
0.13	0.937291	0.00741559	0.00250632
0.13	0.937291	0.007515	0
0.13	0.958905	0	0
0.13	0.958905	0.000856284	6.13148
0.13	0.958905	0.00153396	7.37491
0.13	0.958905	0.00209483	7.61067
0.13	0.958905	0.00257331	7.4956
0.13	0.958905	0.00299052	7.12332
0.13	0.958905	0.00336039	6.59538
0.13	0.958905	0.00369258	6.14938
0.13	0.958905	0.00399406	5.7176
0.13	0.958905	0.00427004	5.29171
0.13	0.958905	0.00452448	4.86275
0.13	0.958905	0.00476052	4.38919
0.13	0.958905	0.00498063	3.95126
0.13	0.958905	0.00518682	3.53502
0.13	0.958905	0.00538077	3.13813
0.13	0.958905	0.00556383	2.76825
0.13	0.958905	0.00573716	2.41874
0.13	0.958905	0.00590175	2.05253
0.13	0.958905	0.00605844	1.72828
0.13	0.958905	0.00620795	1.43971
0.13	0.958905	0.00635091	1.17009
0.13	0.958905	0.00648787	0.926562
0.13	0.958905	0.00661931	0.709599
0.13	0.958905	0.00674567	0.517674
0.13	0.958905	0.00686731	0.357758
0.13	0.958905	0.00698458	0.227841
0.13	0.958905	0.00709779	0.129375
0.13	0.958905	0.0072072	0.0609432
0.13	0.958905	0.00731306	0.0202544
0.13	0.958905	0.00741559	0.00283218
0.13	0.958905	0.007515	0
0.13	0.979792	0	0
0.13	0.979792	0.000856284	6.14157
0.13	0.979792	0.00153396	7.38993
0.13	0.979792	0.00209483	7.63873
0.13	0.979792	0.00257331	7.53969
0.13	0.979792	0.00299052	7.18229
0.13	0.979792	0.00336039	6.66093
0.13	0.979792	0.00369258	6.22538
0.13	0.979792	0.00399406	5.80812
0.13	0.979792	0.00427004	5.39064
0.13	0.979792	0.00452448	4.96915
0.13	0.979792	0.00476052	4.50157
0.13	0.979792	0.00498063	4.06878
0.13	0.979792	0.00518682	3.65704
0.13	0.979792	0.00538077	3.26286
0.13	0.979792	0.00556383	2.88819
0.13	0.979792	0.00573716	2.53161
0.13	0.979792	0.00590175	2.15496
0.13	0.979792	0.00605844	1.81811
0.13	0.979792	0.00620795	1.51982
0.13	0.979792	0.00635091	1.23824
0.13	0.979792	0.00648787	0.980364
0.13	0.979792	0.00661931	0.752634
0.13	0.979792	0.00674567	0.551219
0.13	0.979792	0.00686731	0.381815
0.13	0.979792	0.00698458	0.243371
0.13	0.979792	0.00709779	0.138695
0.13	0.979792	0.0072072	0.0652526
0.13	0.979792	0.00731306	0.0213357
0.13	0.979792	0.00741559	0.0029094
0.13	0.979792	0.007515	0
0.13	1	0	0
0.13	1	0.000856284	6.1518
0.13	1	0.00153396	7.40484
0.13	1	0.00209483	7.66501
0.13	1	0.00257331	7.58091
0.13	1	0.00299052	7.2397
0.13	1	0.00336039	6.7288
0.13	1	0.00369258	6.29658
0.13	1	0.00399406	5.89647
0.13	1	0.00427004	5.49467
0.13	1	0.00452448	5.07627
0.13	1	0.00476052	4.61452
0.13	1	0.00498063	4.18182
0.13	1	0.00518682	3.77183
0.13	1	0.00538077	3.38274
0.13	1	0.00556383	3.0136
0.13	1	0.00573716	2.65092
0.13	1	0.00590175	2.26235
0.13	1	0.00605844	1.91046
0.13	1	0.00620795	1.59822
0.13	1	0.00635091	1.30581
0.13	1	0.00648787	1.03199
0.13	1	0.00661931	0.795882
0.13	1	0.00674567	0.581725
0.13	1	0.00686731	0.40229
0.13	1	0.00698458	0.257977
0.13	1	0.00709779	0.146591
0.13	1	0.0072072	0.0681325
0.13	1	0.00731306	0.0217909
0.13	1	0.00741559	0.00295829
0.13	1	0.007515	0
