0.35     -1     0      0
0.35     -1     0.0382485      355.41
0.35     -1     0.068519      579.369
0.35     -1     0.093572      723.541
0.35     -1     0.114944      1004.52
0.35     -1     0.133581      1285.47
0.35     -1     0.150102      1621.83
0.35     -1     0.16494      1772.97
0.35     -1     0.178407      1788.43
0.35     -1     0.190734      1751.54
0.35     -1     0.202099      1628.74
0.35     -1     0.212643      1464.91
0.35     -1     0.222475      1243.5
0.35     -1     0.231685      969.472
0.35     -1     0.240348      769.142
0.35     -1     0.248525      605.25
0.35     -1     0.256268      472.701
0.35     -1     0.26362      353.723
0.35     -1     0.270618      245.349
0.35     -1     0.277297      153.58
0.35     -1     0.283683      94.0629
0.35     -1     0.2898      58.2014
0.35     -1     0.295672      34.2217
0.35     -1     0.301315      21.5491
0.35     -1     0.306749      13.7393
0.35     -1     0.311987      7.9511
0.35     -1     0.317044      3.99866
0.35     -1     0.321931      1.57483
0.35     -1     0.32666      0.423158
0.35     -1     0.33124      0.0546045
0.35     -1     0.33568      0
0.35     -0.634788     0      0
0.35     -0.634788     0.0382485      327.438
0.35     -0.634788     0.068519      569.254
0.35     -0.634788     0.093572      712.429
0.35     -0.634788     0.114944      932.327
0.35     -0.634788     0.133581      1252.43
0.35     -0.634788     0.150102      1571.12
0.35     -0.634788     0.16494      1871.74
0.35     -0.634788     0.178407      1973.93
0.35     -0.634788     0.190734      1965.69
0.35     -0.634788     0.202099      1966.94
0.35     -0.634788     0.212643      1937.91
0.35     -0.634788     0.222475      1856.56
0.35     -0.634788     0.231685      1573.67
0.35     -0.634788     0.240348      1276.23
0.35     -0.634788     0.248525      1067.02
0.35     -0.634788     0.256268      881.019
0.35     -0.634788     0.26362      767.472
0.35     -0.634788     0.270618      562.735
0.35     -0.634788     0.277297      414.597
0.35     -0.634788     0.283683      285.3
0.35     -0.634788     0.2898      190.924
0.35     -0.634788     0.295672      116.628
0.35     -0.634788     0.301315      64.6614
0.35     -0.634788     0.306749      35.7732
0.35     -0.634788     0.311987      16.5154
0.35     -0.634788     0.317044      8.43211
0.35     -0.634788     0.321931      3.77849
0.35     -0.634788     0.32666      1.20458
0.35     -0.634788     0.33124      0.163285
0.35     -0.634788     0.33568      0
0.35     -0.406307     0      0
0.35     -0.406307     0.0382485      305.629
0.35     -0.406307     0.068519      555.992
0.35     -0.406307     0.093572      696.996
0.35     -0.406307     0.114944      891.685
0.35     -0.406307     0.133581      1189.63
0.35     -0.406307     0.150102      1539.48
0.35     -0.406307     0.16494      1878.01
0.35     -0.406307     0.178407      2055.45
0.35     -0.406307     0.190734      2091.45
0.35     -0.406307     0.202099      2145.63
0.35     -0.406307     0.212643      2193.46
0.35     -0.406307     0.222475      2210.01
0.35     -0.406307     0.231685      1981.69
0.35     -0.406307     0.240348      1747.76
0.35     -0.406307     0.248525      1484.46
0.35     -0.406307     0.256268      1231.8
0.35     -0.406307     0.26362      1282.25
0.35     -0.406307     0.270618      933.23
0.35     -0.406307     0.277297      702.431
0.35     -0.406307     0.283683      521.151
0.35     -0.406307     0.2898      377.861
0.35     -0.406307     0.295672      247.112
0.35     -0.406307     0.301315      150.902
0.35     -0.406307     0.306749      104.064
0.35     -0.406307     0.311987      42.2395
0.35     -0.406307     0.317044      16.8595
0.35     -0.406307     0.321931      5.28748
0.35     -0.406307     0.32666      1.54922
0.35     -0.406307     0.33124      0.206552
0.35     -0.406307     0.33568      0
0.35     -0.239626     0      0
0.35     -0.239626     0.0382485      287.266
0.35     -0.239626     0.068519      541.123
0.35     -0.239626     0.093572      682.127
0.35     -0.239626     0.114944      859.632
0.35     -0.239626     0.133581      1128.77
0.35     -0.239626     0.150102      1498.26
0.35     -0.239626     0.16494      1833.13
0.35     -0.239626     0.178407      2123.16
0.35     -0.239626     0.190734      2188.2
0.35     -0.239626     0.202099      2259.03
0.35     -0.239626     0.212643      2392.42
0.35     -0.239626     0.222475      2454.81
0.35     -0.239626     0.231685      2282.53
0.35     -0.239626     0.240348      2109.29
0.35     -0.239626     0.248525      1901.92
0.35     -0.239626     0.256268      1621.99
0.35     -0.239626     0.26362      1784.31
0.35     -0.239626     0.270618      1337.64
0.35     -0.239626     0.277297      1009.23
0.35     -0.239626     0.283683      772.106
0.35     -0.239626     0.2898      592.681
0.35     -0.239626     0.295672      415.898
0.35     -0.239626     0.301315      277.735
0.35     -0.239626     0.306749      207.159
0.35     -0.239626     0.311987      93.3665
0.35     -0.239626     0.317044      45.1673
0.35     -0.239626     0.321931      16.0451
0.35     -0.239626     0.32666      3.08467
0.35     -0.239626     0.33124      0.28186
0.35     -0.239626     0.33568      0
0.35     -0.108332     0      0
0.35     -0.108332     0.0382485      271.15
0.35     -0.108332     0.068519      525.295
0.35     -0.108332     0.093572      666.545
0.35     -0.108332     0.114944      834.078
0.35     -0.108332     0.133581      1079.68
0.35     -0.108332     0.150102      1438.77
0.35     -0.108332     0.16494      1802.63
0.35     -0.108332     0.178407      2104.34
0.35     -0.108332     0.190734      2266.23
0.35     -0.108332     0.202099      2378.21
0.35     -0.108332     0.212643      2512.5
0.35     -0.108332     0.222475      2668.6
0.35     -0.108332     0.231685      2517.86
0.35     -0.108332     0.240348      2397.57
0.35     -0.108332     0.248525      2257.9
0.35     -0.108332     0.256268      1997.13
0.35     -0.108332     0.26362      2294.55
0.35     -0.108332     0.270618      1719.34
0.35     -0.108332     0.277297      1324.86
0.35     -0.108332     0.283683      1034.3
0.35     -0.108332     0.2898      810.848
0.35     -0.108332     0.295672      597.484
0.35     -0.108332     0.301315      422.673
0.35     -0.108332     0.306749      336.806
0.35     -0.108332     0.311987      167.412
0.35     -0.108332     0.317044      90.648
0.35     -0.108332     0.321931      38.2482
0.35     -0.108332     0.32666      11.7941
0.35     -0.108332     0.33124      1.33653
0.35     -0.108332     0.33568      0
0.35     -2e-20     0      0
0.35     -2e-20     0.0382485      256.677
0.35     -2e-20     0.068519      509.19
0.35     -2e-20     0.093572      651.619
0.35     -2e-20     0.114944      807.814
0.35     -2e-20     0.133581      1031.09
0.35     -2e-20     0.150102      1373.29
0.35     -2e-20     0.16494      1766.15
0.35     -2e-20     0.178407      2058.55
0.35     -2e-20     0.190734      2316.15
0.35     -2e-20     0.202099      2454.39
0.35     -2e-20     0.212643      2627.48
0.35     -2e-20     0.222475      2776.15
0.35     -2e-20     0.231685      2707.36
0.35     -2e-20     0.240348      2620.71
0.35     -2e-20     0.248525      2560.39
0.35     -2e-20     0.256268      2347.67
0.35     -2e-20     0.26362      2761.26
0.35     -2e-20     0.270618      2124.01
0.35     -2e-20     0.277297      1626.68
0.35     -2e-20     0.283683      1296.47
0.35     -2e-20     0.2898      1039.61
0.35     -2e-20     0.295672      785.066
0.35     -2e-20     0.301315      574.18
0.35     -2e-20     0.306749      468.528
0.35     -2e-20     0.311987      253.544
0.35     -2e-20     0.317044      144.97
0.35     -2e-20     0.321931      66.0986
0.35     -2e-20     0.32666      21.6083
0.35     -2e-20     0.33124      3.29681
0.35     -2e-20     0.33568      0
0.35     0.0922185     0      0
0.35     0.0922185     0.0382485      243.47
0.35     0.0922185     0.068519      493.163
0.35     0.0922185     0.093572      636.048
0.35     0.0922185     0.114944      786.099
0.35     0.0922185     0.133581      994.489
0.35     0.0922185     0.150102      1312.65
0.35     0.0922185     0.16494      1728.48
0.35     0.0922185     0.178407      2022.67
0.35     0.0922185     0.190734      2286.98
0.35     0.0922185     0.202099      2549.74
0.35     0.0922185     0.212643      2741.27
0.35     0.0922185     0.222475      2915.72
0.35     0.0922185     0.231685      2834.57
0.35     0.0922185     0.240348      2812.21
0.35     0.0922185     0.248525      2782.34
0.35     0.0922185     0.256268      2643.98
0.35     0.0922185     0.26362      3197.68
0.35     0.0922185     0.270618      2515.39
0.35     0.0922185     0.277297      1956.93
0.35     0.0922185     0.283683      1552.72
0.35     0.0922185     0.2898      1266.63
0.35     0.0922185     0.295672      980.077
0.35     0.0922185     0.301315      733.784
0.35     0.0922185     0.306749      613.402
0.35     0.0922185     0.311987      343.046
0.35     0.0922185     0.317044      205.406
0.35     0.0922185     0.321931      99.7313
0.35     0.0922185     0.32666      34.672
0.35     0.0922185     0.33124      4.92879
0.35     0.0922185     0.33568      0
0.35     0.172502     0      0
0.35     0.172502     0.0382485      231.273
0.35     0.172502     0.068519      477.287
0.35     0.172502     0.093572      620.874
0.35     0.172502     0.114944      764.516
0.35     0.172502     0.133581      961.798
0.35     0.172502     0.150102      1257.42
0.35     0.172502     0.16494      1667.49
0.35     0.172502     0.178407      1996.9
0.35     0.172502     0.190734      2242.02
0.35     0.172502     0.202099      2583.45
0.35     0.172502     0.212643      2846.09
0.35     0.172502     0.222475      3013.2
0.35     0.172502     0.231685      2961.43
0.35     0.172502     0.240348      2943.22
0.35     0.172502     0.248525      3001.69
0.35     0.172502     0.256268      2882.29
0.35     0.172502     0.26362      3567.68
0.35     0.172502     0.270618      2894.71
0.35     0.172502     0.277297      2292.07
0.35     0.172502     0.283683      1828.6
0.35     0.172502     0.2898      1490.35
0.35     0.172502     0.295672      1170.45
0.35     0.172502     0.301315      892.058
0.35     0.172502     0.306749      776.355
0.35     0.172502     0.311987      436.847
0.35     0.172502     0.317044      260.484
0.35     0.172502     0.321931      129.996
0.35     0.172502     0.32666      47.2389
0.35     0.172502     0.33124      7.47591
0.35     0.172502     0.33568      0
0.35     0.243589     0      0
0.35     0.243589     0.0382485      219.903
0.35     0.243589     0.068519      461.574
0.35     0.243589     0.093572      605.573
0.35     0.243589     0.114944      743.02
0.35     0.243589     0.133581      931.812
0.35     0.243589     0.150102      1205.23
0.35     0.243589     0.16494      1589.29
0.35     0.243589     0.178407      1962.06
0.35     0.243589     0.190734      2198.87
0.35     0.243589     0.202099      2533.59
0.35     0.243589     0.212643      2935.85
0.35     0.243589     0.222475      3141.93
0.35     0.243589     0.231685      3067.82
0.35     0.243589     0.240348      3059.02
0.35     0.243589     0.248525      3139.79
0.35     0.243589     0.256268      3090.25
0.35     0.243589     0.26362      3878.87
0.35     0.243589     0.270618      3234.84
0.35     0.243589     0.277297      2622.3
0.35     0.243589     0.283683      2122.07
0.35     0.243589     0.2898      1719.1
0.35     0.243589     0.295672      1354.37
0.35     0.243589     0.301315      1053.22
0.35     0.243589     0.306749      953.014
0.35     0.243589     0.311987      534.64
0.35     0.243589     0.317044      316.816
0.35     0.243589     0.321931      153.418
0.35     0.243589     0.32666      54.2589
0.35     0.243589     0.33124      8.1212
0.35     0.243589     0.33568      0
0.35     0.307372     0      0
0.35     0.307372     0.0382485      209.23
0.35     0.307372     0.068519      446.043
0.35     0.307372     0.093572      590.162
0.35     0.307372     0.114944      723.722
0.35     0.307372     0.133581      902.73
0.35     0.307372     0.150102      1160.75
0.35     0.307372     0.16494      1518.9
0.35     0.307372     0.178407      1905.79
0.35     0.307372     0.190734      2169.75
0.35     0.307372     0.202099      2484.28
0.35     0.307372     0.212643      2955.18
0.35     0.307372     0.222475      3247.76
0.35     0.307372     0.231685      3186.57
0.35     0.307372     0.240348      3170.98
0.35     0.307372     0.248525      3276.08
0.35     0.307372     0.256268      3252.17
0.35     0.307372     0.26362      4126.99
0.35     0.307372     0.270618      3538.81
0.35     0.307372     0.277297      2941.1
0.35     0.307372     0.283683      2411.9
0.35     0.307372     0.2898      1970.22
0.35     0.307372     0.295672      1544.72
0.35     0.307372     0.301315      1207.61
0.35     0.307372     0.306749      1141.7
0.35     0.307372     0.311987      640.984
0.35     0.307372     0.317044      382.291
0.35     0.307372     0.321931      179.148
0.35     0.307372     0.32666      59.416
0.35     0.307372     0.33124      8.75537
0.35     0.307372     0.33568      0
0.35     0.365212     0      0
0.35     0.365212     0.0382485      199.146
0.35     0.365212     0.068519      430.671
0.35     0.365212     0.093572      574.647
0.35     0.365212     0.114944      706.31
0.35     0.365212     0.133581      874.15
0.35     0.365212     0.150102      1117.57
0.35     0.365212     0.16494      1458.91
0.35     0.365212     0.178407      1832.23
0.35     0.365212     0.190734      2131.82
0.35     0.365212     0.202099      2431.16
0.35     0.365212     0.212643      2925.13
0.35     0.365212     0.222475      3312.26
0.35     0.365212     0.231685      3302.61
0.35     0.365212     0.240348      3296.13
0.35     0.365212     0.248525      3389.79
0.35     0.365212     0.256268      3371.15
0.35     0.365212     0.26362      4329.02
0.35     0.365212     0.270618      3780.63
0.35     0.365212     0.277297      3236.14
0.35     0.365212     0.283683      2703.85
0.35     0.365212     0.2898      2230.26
0.35     0.365212     0.295672      1751.84
0.35     0.365212     0.301315      1363.93
0.35     0.365212     0.306749      1337.77
0.35     0.365212     0.311987      754.558
0.35     0.365212     0.317044      459.367
0.35     0.365212     0.321931      213.551
0.35     0.365212     0.32666      67.9252
0.35     0.365212     0.33124      9.6204
0.35     0.365212     0.33568      0
0.35     0.418124     0      0
0.35     0.418124     0.0382485      189.57
0.35     0.418124     0.068519      415.46
0.35     0.418124     0.093572      558.917
0.35     0.418124     0.114944      688.744
0.35     0.418124     0.133581      846.151
0.35     0.418124     0.150102      1078.96
0.35     0.418124     0.16494      1399.11
0.35     0.418124     0.178407      1753.33
0.35     0.418124     0.190734      2077.01
0.35     0.418124     0.202099      2395.61
0.35     0.418124     0.212643      2883.1
0.35     0.418124     0.222475      3327.77
0.35     0.418124     0.231685      3391.84
0.35     0.418124     0.240348      3404.76
0.35     0.418124     0.248525      3536.91
0.35     0.418124     0.256268      3508.04
0.35     0.418124     0.26362      4472.24
0.35     0.418124     0.270618      3997.78
0.35     0.418124     0.277297      3479.38
0.35     0.418124     0.283683      2985.84
0.35     0.418124     0.2898      2488.95
0.35     0.418124     0.295672      1970.72
0.35     0.418124     0.301315      1531.49
0.35     0.418124     0.306749      1532.27
0.35     0.418124     0.311987      869.51
0.35     0.418124     0.317044      546.987
0.35     0.418124     0.321931      255.823
0.35     0.418124     0.32666      85.1837
0.35     0.418124     0.33124      11.9318
0.35     0.418124     0.33568      0
0.35     0.466881     0      0
0.35     0.466881     0.0382485      180.441
0.35     0.466881     0.068519      400.427
0.35     0.466881     0.093572      543.384
0.35     0.466881     0.114944      671.304
0.35     0.466881     0.133581      820.413
0.35     0.466881     0.150102      1041.29
0.35     0.466881     0.16494      1344.78
0.35     0.466881     0.178407      1679.76
0.35     0.466881     0.190734      2006.33
0.35     0.466881     0.202099      2351.16
0.35     0.466881     0.212643      2838.74
0.35     0.466881     0.222475      3304.94
0.35     0.466881     0.231685      3458.34
0.35     0.466881     0.240348      3509.47
0.35     0.466881     0.248525      3657.09
0.35     0.466881     0.256268      3633.4
0.35     0.466881     0.26362      4590.25
0.35     0.466881     0.270618      4160.43
0.35     0.466881     0.277297      3695.26
0.35     0.466881     0.283683      3243.53
0.35     0.466881     0.2898      2757.19
0.35     0.466881     0.295672      2186.25
0.35     0.466881     0.301315      1712.79
0.35     0.466881     0.306749      1725.87
0.35     0.466881     0.311987      986.475
0.35     0.466881     0.317044      639.829
0.35     0.466881     0.321931      302.47
0.35     0.466881     0.32666      109.939
0.35     0.466881     0.33124      15.1626
0.35     0.466881     0.33568      0
0.35     0.512089     0      0
0.35     0.512089     0.0382485      171.703
0.35     0.512089     0.068519      385.555
0.35     0.512089     0.093572      527.776
0.35     0.512089     0.114944      654.411
0.35     0.512089     0.133581      797.56
0.35     0.512089     0.150102      1003.09
0.35     0.512089     0.16494      1291.34
0.35     0.512089     0.178407      1610.43
0.35     0.512089     0.190734      1941.85
0.35     0.512089     0.202099      2299.52
0.35     0.512089     0.212643      2793.23
0.35     0.512089     0.222475      3252.57
0.35     0.512089     0.231685      3480.78
0.35     0.512089     0.240348      3604.88
0.35     0.512089     0.248525      3770.84
0.35     0.512089     0.256268      3780.26
0.35     0.512089     0.26362      4699.42
0.35     0.512089     0.270618      4301.41
0.35     0.512089     0.277297      3885.21
0.35     0.512089     0.283683      3437.3
0.35     0.512089     0.2898      3002.24
0.35     0.512089     0.295672      2430.41
0.35     0.512089     0.301315      1896.14
0.35     0.512089     0.306749      1921.8
0.35     0.512089     0.311987      1101.51
0.35     0.512089     0.317044      735.87
0.35     0.512089     0.321931      352.747
0.35     0.512089     0.32666      138.985
0.35     0.512089     0.33124      18.7874
0.35     0.512089     0.33568      0
0.35     0.55423     0      0
0.35     0.55423     0.0382485      163.315
0.35     0.55423     0.068519      370.912
0.35     0.55423     0.093572      512.057
0.35     0.55423     0.114944      637.423
0.35     0.55423     0.133581      775.113
0.35     0.55423     0.150102      964.548
0.35     0.55423     0.16494      1240.1
0.35     0.55423     0.178407      1542.02
0.35     0.55423     0.190734      1862.68
0.35     0.55423     0.202099      2245.7
0.35     0.55423     0.212643      2748.26
0.35     0.55423     0.222475      3198.51
0.35     0.55423     0.231685      3467.87
0.35     0.55423     0.240348      3709.49
0.35     0.55423     0.248525      3891.45
0.35     0.55423     0.256268      3896.33
0.35     0.55423     0.26362      4798.34
0.35     0.55423     0.270618      4429.1
0.35     0.55423     0.277297      4036.46
0.35     0.55423     0.283683      3642.09
0.35     0.55423     0.2898      3217.63
0.35     0.55423     0.295672      2665.65
0.35     0.55423     0.301315      2097.56
0.35     0.55423     0.306749      2124.2
0.35     0.55423     0.311987      1218.2
0.35     0.55423     0.317044      830.846
0.35     0.55423     0.321931      405.209
0.35     0.55423     0.32666      170.05
0.35     0.55423     0.33124      22.899
0.35     0.55423     0.33568      0
0.35     0.593693     0      0
0.35     0.593693     0.0382485      155.238
0.35     0.593693     0.068519      356.434
0.35     0.593693     0.093572      496.272
0.35     0.593693     0.114944      620.598
0.35     0.593693     0.133581      752.772
0.35     0.593693     0.150102      929.795
0.35     0.593693     0.16494      1191.17
0.35     0.593693     0.178407      1480.17
0.35     0.593693     0.190734      1783.6
0.35     0.593693     0.202099      2180.06
0.35     0.593693     0.212643      2705.8
0.35     0.593693     0.222475      3136.16
0.35     0.593693     0.231685      3439.84
0.35     0.593693     0.240348      3730.78
0.35     0.593693     0.248525      4045.32
0.35     0.593693     0.256268      4022.29
0.35     0.593693     0.26362      4858.3
0.35     0.593693     0.270618      4588.97
0.35     0.593693     0.277297      4172.05
0.35     0.593693     0.283683      3807.64
0.35     0.593693     0.2898      3396.34
0.35     0.593693     0.295672      2880.81
0.35     0.593693     0.301315      2311.97
0.35     0.593693     0.306749      2327.6
0.35     0.593693     0.311987      1344.46
0.35     0.593693     0.317044      926.34
0.35     0.593693     0.321931      459.167
0.35     0.593693     0.32666      201.542
0.35     0.593693     0.33124      27.0402
0.35     0.593693     0.33568      0
0.35     0.630798     0      0
0.35     0.630798     0.0382485      147.452
0.35     0.630798     0.068519      342.147
0.35     0.630798     0.093572      480.352
0.35     0.630798     0.114944      603.336
0.35     0.630798     0.133581      729.824
0.35     0.630798     0.150102      899.293
0.35     0.630798     0.16494      1143.48
0.35     0.630798     0.178407      1417.63
0.35     0.630798     0.190734      1709.48
0.35     0.630798     0.202099      2100.68
0.35     0.630798     0.212643      2666.85
0.35     0.630798     0.222475      3084.98
0.35     0.630798     0.231685      3395.36
0.35     0.630798     0.240348      3727.5
0.35     0.630798     0.248525      4167.53
0.35     0.630798     0.256268      4214.73
0.35     0.630798     0.26362      4891.5
0.35     0.630798     0.270618      4726.27
0.35     0.630798     0.277297      4350.43
0.35     0.630798     0.283683      3937.08
0.35     0.630798     0.2898      3572.39
0.35     0.630798     0.295672      3060.34
0.35     0.630798     0.301315      2519.76
0.35     0.630798     0.306749      2559.32
0.35     0.630798     0.311987      1475.64
0.35     0.630798     0.317044      1027.88
0.35     0.630798     0.321931      513.291
0.35     0.630798     0.32666      232.992
0.35     0.630798     0.33124      31.0474
0.35     0.630798     0.33568      0
0.35     0.665812     0      0
0.35     0.665812     0.0382485      139.92
0.35     0.665812     0.068519      328.072
0.35     0.665812     0.093572      464.241
0.35     0.665812     0.114944      585.839
0.35     0.665812     0.133581      708.134
0.35     0.665812     0.150102      870.905
0.35     0.665812     0.16494      1095.15
0.35     0.665812     0.178407      1355.14
0.35     0.665812     0.190734      1633.38
0.35     0.665812     0.202099      2009.37
0.35     0.665812     0.212643      2601.86
0.35     0.665812     0.222475      3048.64
0.35     0.665812     0.231685      3339.27
0.35     0.665812     0.240348      3716.91
0.35     0.665812     0.248525      4206.63
0.35     0.665812     0.256268      4382.91
0.35     0.665812     0.26362      4951.5
0.35     0.665812     0.270618      4809.02
0.35     0.665812     0.277297      4539.72
0.35     0.665812     0.283683      4098.09
0.35     0.665812     0.2898      3727.89
0.35     0.665812     0.295672      3219.6
0.35     0.665812     0.301315      2711.38
0.35     0.665812     0.306749      2806.96
0.35     0.665812     0.311987      1608.85
0.35     0.665812     0.317044      1135.57
0.35     0.665812     0.321931      568.779
0.35     0.665812     0.32666      259.802
0.35     0.665812     0.33124      34.9476
0.35     0.665812     0.33568      0
0.35     0.698958     0      0
0.35     0.698958     0.0382485      132.621
0.35     0.698958     0.068519      314.171
0.35     0.698958     0.093572      447.953
0.35     0.698958     0.114944      568.007
0.35     0.698958     0.133581      687.324
0.35     0.698958     0.150102      842.678
0.35     0.698958     0.16494      1050.77
0.35     0.698958     0.178407      1297.94
0.35     0.698958     0.190734      1564.99
0.35     0.698958     0.202099      1911.36
0.35     0.698958     0.212643      2520.53
0.35     0.698958     0.222475      3011.86
0.35     0.698958     0.231685      3286.34
0.35     0.698958     0.240348      3686.77
0.35     0.698958     0.248525      4197.56
0.35     0.698958     0.256268      4503.35
0.35     0.698958     0.26362      5051.02
0.35     0.698958     0.270618      4977.57
0.35     0.698958     0.277297      4719.42
0.35     0.698958     0.283683      4293.21
0.35     0.698958     0.2898      3841.79
0.35     0.698958     0.295672      3385.76
0.35     0.698958     0.301315      2868.25
0.35     0.698958     0.306749      3044.55
0.35     0.698958     0.311987      1779.8
0.35     0.698958     0.317044      1244.08
0.35     0.698958     0.321931      624.656
0.35     0.698958     0.32666      282.756
0.35     0.698958     0.33124      38.6024
0.35     0.698958     0.33568      0
0.35     0.730425     0      0
0.35     0.730425     0.0382485      125.535
0.35     0.730425     0.068519      300.393
0.35     0.730425     0.093572      431.51
0.35     0.730425     0.114944      550.013
0.35     0.730425     0.133581      666.866
0.35     0.730425     0.150102      815.168
0.35     0.730425     0.16494      1010.75
0.35     0.730425     0.178407      1238.77
0.35     0.730425     0.190734      1492.4
0.35     0.730425     0.202099      1816.11
0.35     0.730425     0.212643      2418.43
0.35     0.730425     0.222475      2949.06
0.35     0.730425     0.231685      3251.21
0.35     0.730425     0.240348      3648.96
0.35     0.730425     0.248525      4187.04
0.35     0.730425     0.256268      4556.2
0.35     0.730425     0.26362      5119.32
0.35     0.730425     0.270618      5174.84
0.35     0.730425     0.277297      4892.7
0.35     0.730425     0.283683      4513.43
0.35     0.730425     0.2898      4023.8
0.35     0.730425     0.295672      3518.25
0.35     0.730425     0.301315      3022.81
0.35     0.730425     0.306749      3257.39
0.35     0.730425     0.311987      1957.78
0.35     0.730425     0.317044      1358.52
0.35     0.730425     0.321931      679.58
0.35     0.730425     0.32666      303.006
0.35     0.730425     0.33124      42.1103
0.35     0.730425     0.33568      0
0.35     0.760374     0      0
0.35     0.760374     0.0382485      118.644
0.35     0.760374     0.068519      286.739
0.35     0.760374     0.093572      414.993
0.35     0.760374     0.114944      531.814
0.35     0.760374     0.133581      646.369
0.35     0.760374     0.150102      787.736
0.35     0.760374     0.16494      974.96
0.35     0.760374     0.178407      1180.67
0.35     0.760374     0.190734      1413.76
0.35     0.760374     0.202099      1729.22
0.35     0.760374     0.212643      2303.19
0.35     0.760374     0.222475      2853.52
0.35     0.760374     0.231685      3221.05
0.35     0.760374     0.240348      3604.7
0.35     0.760374     0.248525      4169.56
0.35     0.760374     0.256268      4558.48
0.35     0.760374     0.26362      5112.89
0.35     0.760374     0.270618      5379.07
0.35     0.760374     0.277297      5180.3
0.35     0.760374     0.283683      4739.66
0.35     0.760374     0.2898      4237.22
0.35     0.760374     0.295672      3637.54
0.35     0.760374     0.301315      3155.06
0.35     0.760374     0.306749      3451.14
0.35     0.760374     0.311987      2129.94
0.35     0.760374     0.317044      1507.44
0.35     0.760374     0.321931      732.471
0.35     0.760374     0.32666      322.322
0.35     0.760374     0.33124      44.2878
0.35     0.760374     0.33568      0
0.35     0.788947     0      0
0.35     0.788947     0.0382485      111.932
0.35     0.788947     0.068519      273.161
0.35     0.788947     0.093572      398.425
0.35     0.788947     0.114944      513.235
0.35     0.788947     0.133581      626.211
0.35     0.788947     0.150102      761.462
0.35     0.788947     0.16494      939.574
0.35     0.788947     0.178407      1127.48
0.35     0.788947     0.190734      1341.71
0.35     0.788947     0.202099      1645.11
0.35     0.788947     0.212643      2180.47
0.35     0.788947     0.222475      2740.65
0.35     0.788947     0.231685      3157.74
0.35     0.788947     0.240348      3581.41
0.35     0.788947     0.248525      4148.61
0.35     0.788947     0.256268      4540.23
0.35     0.788947     0.26362      5064.4
0.35     0.788947     0.270618      5551.51
0.35     0.788947     0.277297      5508.68
0.35     0.788947     0.283683      5006.39
0.35     0.788947     0.2898      4484.42
0.35     0.788947     0.295672      3804.53
0.35     0.788947     0.301315      3280.16
0.35     0.788947     0.306749      3646.72
0.35     0.788947     0.311987      2276.94
0.35     0.788947     0.317044      1659.94
0.35     0.788947     0.321931      790.759
0.35     0.788947     0.32666      343.359
0.35     0.788947     0.33124      47.2618
0.35     0.788947     0.33568      0
0.35     0.816262     0      0
0.35     0.816262     0.0382485      105.393
0.35     0.816262     0.068519      259.656
0.35     0.816262     0.093572      381.735
0.35     0.816262     0.114944      494.378
0.35     0.816262     0.133581      606.517
0.35     0.816262     0.150102      737.094
0.35     0.816262     0.16494      903.665
0.35     0.816262     0.178407      1079.53
0.35     0.816262     0.190734      1267.94
0.35     0.816262     0.202099      1552.25
0.35     0.816262     0.212643      2062.52
0.35     0.816262     0.222475      2609.2
0.35     0.816262     0.231685      3053.34
0.35     0.816262     0.240348      3550.69
0.35     0.816262     0.248525      4133.81
0.35     0.816262     0.256268      4549.07
0.35     0.816262     0.26362      5013.37
0.35     0.816262     0.270618      5625.62
0.35     0.816262     0.277297      5846.39
0.35     0.816262     0.283683      5370.64
0.35     0.816262     0.2898      4760.83
0.35     0.816262     0.295672      4049.56
0.35     0.816262     0.301315      3418
0.35     0.816262     0.306749      3805.11
0.35     0.816262     0.311987      2423.55
0.35     0.816262     0.317044      1806.12
0.35     0.816262     0.321931      888.096
0.35     0.816262     0.32666      364.867
0.35     0.816262     0.33124      50.9877
0.35     0.816262     0.33568      0
0.35     0.842428     0      0
0.35     0.842428     0.0382485      99.0154
0.35     0.842428     0.068519      246.258
0.35     0.842428     0.093572      364.889
0.35     0.842428     0.114944      475.29
0.35     0.842428     0.133581      586.671
0.35     0.842428     0.150102      714.453
0.35     0.842428     0.16494      867.358
0.35     0.842428     0.178407      1032.82
0.35     0.842428     0.190734      1196.61
0.35     0.842428     0.202099      1459.33
0.35     0.842428     0.212643      1952.84
0.35     0.842428     0.222475      2461.32
0.35     0.842428     0.231685      2933.04
0.35     0.842428     0.240348      3491.04
0.35     0.842428     0.248525      4125.41
0.35     0.842428     0.256268      4565.46
0.35     0.842428     0.26362      4989.72
0.35     0.842428     0.270618      5644.41
0.35     0.842428     0.277297      6123.22
0.35     0.842428     0.283683      5799.54
0.35     0.842428     0.2898      5124.62
0.35     0.842428     0.295672      4345.45
0.35     0.842428     0.301315      3616.59
0.35     0.842428     0.306749      3960.87
0.35     0.842428     0.311987      2560.45
0.35     0.842428     0.317044      1922.95
0.35     0.842428     0.321931      997.379
0.35     0.842428     0.32666      386.284
0.35     0.842428     0.33124      53.7608
0.35     0.842428     0.33568      0
0.35     0.867536     0      0
0.35     0.867536     0.0382485      92.7821
0.35     0.867536     0.068519      232.924
0.35     0.867536     0.093572      347.964
0.35     0.867536     0.114944      455.867
0.35     0.867536     0.133581      566.503
0.35     0.867536     0.150102      690.951
0.35     0.867536     0.16494      832.921
0.35     0.867536     0.178407      985.376
0.35     0.867536     0.190734      1136.83
0.35     0.867536     0.202099      1370.03
0.35     0.867536     0.212643      1832.16
0.35     0.867536     0.222475      2316.83
0.35     0.867536     0.231685      2788.76
0.35     0.867536     0.240348      3375.17
0.35     0.867536     0.248525      4103.43
0.35     0.867536     0.256268      4583.43
0.35     0.867536     0.26362      5018.34
0.35     0.867536     0.270618      5682.86
0.35     0.867536     0.277297      6289.26
0.35     0.867536     0.283683      6217.32
0.35     0.867536     0.2898      5589.23
0.35     0.867536     0.295672      4714.38
0.35     0.867536     0.301315      3892.98
0.35     0.867536     0.306749      4135.2
0.35     0.867536     0.311987      2658.04
0.35     0.867536     0.317044      2050.79
0.35     0.867536     0.321931      1101.37
0.35     0.867536     0.32666      451.401
0.35     0.867536     0.33124      55.8495
0.35     0.867536     0.33568      0
0.35     0.891668     0      0
0.35     0.891668     0.0382485      86.6844
0.35     0.891668     0.068519      219.649
0.35     0.891668     0.093572      330.86
0.35     0.891668     0.114944      436.871
0.35     0.891668     0.133581      545.61
0.35     0.891668     0.150102      666.516
0.35     0.891668     0.16494      802.709
0.35     0.891668     0.178407      936.928
0.35     0.891668     0.190734      1080.71
0.35     0.891668     0.202099      1277.88
0.35     0.891668     0.212643      1710.16
0.35     0.891668     0.222475      2180.96
0.35     0.891668     0.231685      2622.61
0.35     0.891668     0.240348      3241.04
0.35     0.891668     0.248525      4046.46
0.35     0.891668     0.256268      4596.93
0.35     0.891668     0.26362      5078.88
0.35     0.891668     0.270618      5763.48
0.35     0.891668     0.277297      6412.25
0.35     0.891668     0.283683      6535.43
0.35     0.891668     0.2898      6098.4
0.35     0.891668     0.295672      5185.89
0.35     0.891668     0.301315      4247.19
0.35     0.891668     0.306749      4359.74
0.35     0.891668     0.311987      2762.32
0.35     0.891668     0.317044      2135.28
0.35     0.891668     0.321931      1168.21
0.35     0.891668     0.32666      539.25
0.35     0.891668     0.33124      58.3125
0.35     0.891668     0.33568      0
0.35     0.914898     0      0
0.35     0.914898     0.0382485      80.7133
0.35     0.914898     0.068519      206.413
0.35     0.914898     0.093572      313.489
0.35     0.914898     0.114944      418.037
0.35     0.914898     0.133581      524.903
0.35     0.914898     0.150102      642.078
0.35     0.914898     0.16494      772.66
0.35     0.914898     0.178407      893.213
0.35     0.914898     0.190734      1021.84
0.35     0.914898     0.202099      1200.05
0.35     0.914898     0.212643      1593.74
0.35     0.914898     0.222475      2030.47
0.35     0.914898     0.231685      2451.74
0.35     0.914898     0.240348      3082.27
0.35     0.914898     0.248525      3921.33
0.35     0.914898     0.256268      4574.73
0.35     0.914898     0.26362      5152.65
0.35     0.914898     0.270618      5874.33
0.35     0.914898     0.277297      6559.48
0.35     0.914898     0.283683      6743.42
0.35     0.914898     0.2898      6546.87
0.35     0.914898     0.295672      5764.19
0.35     0.914898     0.301315      4719.02
0.35     0.914898     0.306749      4586.46
0.35     0.914898     0.311987      2902.8
0.35     0.914898     0.317044      2190.45
0.35     0.914898     0.321931      1260.95
0.35     0.914898     0.32666      628.998
0.35     0.914898     0.33124      88.8538
0.35     0.914898     0.33568      0
0.35     0.937291     0      0
0.35     0.937291     0.0382485      74.8597
0.35     0.937291     0.068519      193.197
0.35     0.937291     0.093572      295.858
0.35     0.937291     0.114944      398.868
0.35     0.937291     0.133581      504.238
0.35     0.937291     0.150102      617.379
0.35     0.937291     0.16494      740.335
0.35     0.937291     0.178407      855.188
0.35     0.937291     0.190734      959.98
0.35     0.937291     0.202099      1123.07
0.35     0.937291     0.212643      1475.85
0.35     0.937291     0.222475      1884.74
0.35     0.937291     0.231685      2289.51
0.35     0.937291     0.240348      2893.9
0.35     0.937291     0.248525      3771.93
0.35     0.937291     0.256268      4486.37
0.35     0.937291     0.26362      5217
0.35     0.937291     0.270618      6033.6
0.35     0.937291     0.277297      6718.78
0.35     0.937291     0.283683      6963
0.35     0.937291     0.2898      6907.95
0.35     0.937291     0.295672      6333.84
0.35     0.937291     0.301315      5337.69
0.35     0.937291     0.306749      4828.3
0.35     0.937291     0.311987      3070.52
0.35     0.937291     0.317044      2262.77
0.35     0.937291     0.321931      1262.86
0.35     0.937291     0.32666      689.178
0.35     0.937291     0.33124      206.162
0.35     0.937291     0.33568      0
0.35     0.958905     0      0
0.35     0.958905     0.0382485      69.1133
0.35     0.958905     0.068519      179.98
0.35     0.958905     0.093572      277.991
0.35     0.958905     0.114944      380.24
0.35     0.958905     0.133581      483.295
0.35     0.958905     0.150102      592.101
0.35     0.958905     0.16494      709.156
0.35     0.958905     0.178407      816.297
0.35     0.958905     0.190734      906.106
0.35     0.958905     0.202099      1036.39
0.35     0.958905     0.212643      1371.32
0.35     0.958905     0.222475      1739.18
0.35     0.958905     0.231685      2105.45
0.35     0.958905     0.240348      2693.19
0.35     0.958905     0.248525      3580.87
0.35     0.958905     0.256268      4350.27
0.35     0.958905     0.26362      5222.16
0.35     0.958905     0.270618      6170.65
0.35     0.958905     0.277297      6875.13
0.35     0.958905     0.283683      7240.53
0.35     0.958905     0.2898      7185.98
0.35     0.958905     0.295672      6780.61
0.35     0.958905     0.301315      5974.86
0.35     0.958905     0.306749      5142.57
0.35     0.958905     0.311987      3247.38
0.35     0.958905     0.317044      2340.59
0.35     0.958905     0.321931      1250.07
0.35     0.958905     0.32666      752.737
0.35     0.958905     0.33124      341.561
0.35     0.958905     0.33568      0
0.35     0.979792     0      0
0.35     0.979792     0.0382485      63.4757
0.35     0.979792     0.068519      166.719
0.35     0.979792     0.093572      260.089
0.35     0.979792     0.114944      361.496
0.35     0.979792     0.133581      461.238
0.35     0.979792     0.150102      566.313
0.35     0.979792     0.16494      677.729
0.35     0.979792     0.178407      772.807
0.35     0.979792     0.190734      856.092
0.35     0.979792     0.202099      958.448
0.35     0.979792     0.212643      1252.78
0.35     0.979792     0.222475      1593.9
0.35     0.979792     0.231685      1924.83
0.35     0.979792     0.240348      2480.19
0.35     0.979792     0.248525      3354.74
0.35     0.979792     0.256268      4192.84
0.35     0.979792     0.26362      5121.84
0.35     0.979792     0.270618      6194.41
0.35     0.979792     0.277297      7189.02
0.35     0.979792     0.283683      7546.77
0.35     0.979792     0.2898      7507.13
0.35     0.979792     0.295672      7113.54
0.35     0.979792     0.301315      6412.63
0.35     0.979792     0.306749      5305.66
0.35     0.979792     0.311987      3466.31
0.35     0.979792     0.317044      2326.67
0.35     0.979792     0.321931      1216.3
0.35     0.979792     0.32666      725.622
0.35     0.979792     0.33124      448.578
0.35     0.979792     0.33568      0
0.35     1     0      0
0.35     1     0.0382485      57.9367
0.35     1     0.068519      153.319
0.35     1     0.093572      241.959
0.35     1     0.114944      343.724
0.35     1     0.133581      437.423
0.35     1     0.150102      544.879
0.35     1     0.16494      648.312
0.35     1     0.178407      729.315
0.35     1     0.190734      792.881
0.35     1     0.202099      885.084
0.35     1     0.212643      1156
0.35     1     0.222475      1439.71
0.35     1     0.231685      1715.93
0.35     1     0.240348      2224.28
0.35     1     0.248525      3072.37
0.35     1     0.256268      3996.56
0.35     1     0.26362      4997.52
0.35     1     0.270618      6221.17
0.35     1     0.277297      7371.14
0.35     1     0.283683      7910.63
0.35     1     0.2898      7923.97
0.35     1     0.295672      7472.39
0.35     1     0.301315      6609.3
0.35     1     0.306749      5314.01
0.35     1     0.311987      3688.78
0.35     1     0.317044      2177.39
0.35     1     0.321931      863.636
0.35     1     0.32666      533.94
0.35     1     0.33124      103.127
0.35     1     0.33568      0
