0.13	-1	0	0
0.13	-1	0.0131729	2.13853
0.13	-1	0.0235981	6.67917
0.13	-1	0.0322264	12.4324
0.13	-1	0.0395871	17.7207
0.13	-1	0.0460054	21.3852
0.13	-1	0.0516955	23.4925
0.13	-1	0.0568058	24.135
0.13	-1	0.0614437	24.3328
0.13	-1	0.0656892	23.2824
0.13	-1	0.0696036	22.8635
0.13	-1	0.0732347	23.4556
0.13	-1	0.0766208	25.3551
0.13	-1	0.0797929	24.1812
0.13	-1	0.0827764	23.0308
0.13	-1	0.0855926	20.6511
0.13	-1	0.0882591	18.0997
0.13	-1	0.0907912	15.4372
0.13	-1	0.0932017	13.7805
0.13	-1	0.0955017	12.4671
0.13	-1	0.0977009	11.586
0.13	-1	0.0998079	9.12161
0.13	-1	0.10183	5.85887
0.13	-1	0.103774	4.1569
0.13	-1	0.105645	3.06013
0.13	-1	0.107449	1.75869
0.13	-1	0.109191	0.888112
0.13	-1	0.110874	0.330988
0.13	-1	0.112502	0.0776621
0.13	-1	0.11408	0.00538457
0.13	-1	0.115609	0
0.13	-0.634788	0	0
0.13	-0.634788	0.0131729	2.17576
0.13	-0.634788	0.0235981	7.06989
0.13	-0.634788	0.0322264	13.5706
0.13	-0.634788	0.0395871	20.0888
0.13	-0.634788	0.0460054	25.7349
0.13	-0.634788	0.0516955	28.8684
0.13	-0.634788	0.0568058	29.4032
0.13	-0.634788	0.0614437	29.4117
0.13	-0.634788	0.0656892	28.2303
0.13	-0.634788	0.0696036	27.5092
0.13	-0.634788	0.0732347	27.6592
0.13	-0.634788	0.0766208	29.6255
0.13	-0.634788	0.0797929	27.5147
0.13	-0.634788	0.0827764	26.0932
0.13	-0.634788	0.0855926	24.1515
0.13	-0.634788	0.0882591	21.8626
0.13	-0.634788	0.0907912	19.2102
0.13	-0.634788	0.0932017	17.884
0.13	-0.634788	0.0955017	17.5008
0.13	-0.634788	0.0977009	17.7901
0.13	-0.634788	0.0998079	14.722
0.13	-0.634788	0.10183	9.7985
0.13	-0.634788	0.103774	6.9908
0.13	-0.634788	0.105645	5.63148
0.13	-0.634788	0.107449	3.45616
0.13	-0.634788	0.109191	2.04241
0.13	-0.634788	0.110874	0.943661
0.13	-0.634788	0.112502	0.264929
0.13	-0.634788	0.11408	0.0316871
0.13	-0.634788	0.115609	0
0.13	-0.406307	0	0
0.13	-0.406307	0.0131729	2.19698
0.13	-0.406307	0.0235981	7.28604
0.13	-0.406307	0.0322264	14.3836
0.13	-0.406307	0.0395871	21.5697
0.13	-0.406307	0.0460054	28.378
0.13	-0.406307	0.0516955	32.7159
0.13	-0.406307	0.0568058	33.8093
0.13	-0.406307	0.0614437	33.9484
0.13	-0.406307	0.0656892	32.7976
0.13	-0.406307	0.0696036	31.7591
0.13	-0.406307	0.0732347	31.3837
0.13	-0.406307	0.0766208	33.1956
0.13	-0.406307	0.0797929	30.927
0.13	-0.406307	0.0827764	28.6387
0.13	-0.406307	0.0855926	26.3809
0.13	-0.406307	0.0882591	24.4777
0.13	-0.406307	0.0907912	22.1029
0.13	-0.406307	0.0932017	21.0266
0.13	-0.406307	0.0955017	21.4686
0.13	-0.406307	0.0977009	23.0467
0.13	-0.406307	0.0998079	19.9069
0.13	-0.406307	0.10183	13.9225
0.13	-0.406307	0.103774	10.3691
0.13	-0.406307	0.105645	8.74587
0.13	-0.406307	0.107449	5.51818
0.13	-0.406307	0.109191	3.57493
0.13	-0.406307	0.110874	1.79197
0.13	-0.406307	0.112502	0.538283
0.13	-0.406307	0.11408	0.0695363
0.13	-0.406307	0.115609	0
0.13	-0.239626	0	0
0.13	-0.239626	0.0131729	2.2106
0.13	-0.239626	0.0235981	7.42952
0.13	-0.239626	0.0322264	14.982
0.13	-0.239626	0.0395871	22.6964
0.13	-0.239626	0.0460054	30.2755
0.13	-0.239626	0.0516955	35.7883
0.13	-0.239626	0.0568058	37.7427
0.13	-0.239626	0.0614437	37.9868
0.13	-0.239626	0.0656892	36.8183
0.13	-0.239626	0.0696036	35.6628
0.13	-0.239626	0.0732347	34.5223
0.13	-0.239626	0.0766208	36.1581
0.13	-0.239626	0.0797929	33.6873
0.13	-0.239626	0.0827764	31.5153
0.13	-0.239626	0.0855926	28.7291
0.13	-0.239626	0.0882591	26.3806
0.13	-0.239626	0.0907912	24.2622
0.13	-0.239626	0.0932017	23.4232
0.13	-0.239626	0.0955017	24.6337
0.13	-0.239626	0.0977009	27.3771
0.13	-0.239626	0.0998079	24.5547
0.13	-0.239626	0.10183	17.9113
0.13	-0.239626	0.103774	13.8752
0.13	-0.239626	0.105645	12.2485
0.13	-0.239626	0.107449	7.8696
0.13	-0.239626	0.109191	5.24212
0.13	-0.239626	0.110874	2.72079
0.13	-0.239626	0.112502	0.833525
0.13	-0.239626	0.11408	0.115504
0.13	-0.239626	0.115609	0
0.13	-0.108332	0	0
0.13	-0.108332	0.0131729	2.22105
0.13	-0.108332	0.0235981	7.53569
0.13	-0.108332	0.0322264	15.43
0.13	-0.108332	0.0395871	23.6153
0.13	-0.108332	0.0460054	31.8255
0.13	-0.108332	0.0516955	38.338
0.13	-0.108332	0.0568058	41.1945
0.13	-0.108332	0.0614437	41.566
0.13	-0.108332	0.0656892	40.3512
0.13	-0.108332	0.0696036	39.163
0.13	-0.108332	0.0732347	37.6552
0.13	-0.108332	0.0766208	38.9455
0.13	-0.108332	0.0797929	36.3562
0.13	-0.108332	0.0827764	33.9802
0.13	-0.108332	0.0855926	31.1304
0.13	-0.108332	0.0882591	28.2291
0.13	-0.108332	0.0907912	25.7562
0.13	-0.108332	0.0932017	25.409
0.13	-0.108332	0.0955017	27.166
0.13	-0.108332	0.0977009	30.9453
0.13	-0.108332	0.0998079	28.517
0.13	-0.108332	0.10183	21.6352
0.13	-0.108332	0.103774	17.4464
0.13	-0.108332	0.105645	15.835
0.13	-0.108332	0.107449	10.6542
0.13	-0.108332	0.109191	7.05785
0.13	-0.108332	0.110874	3.6922
0.13	-0.108332	0.112502	1.14686
0.13	-0.108332	0.11408	0.160176
0.13	-0.108332	0.115609	0
0.13	-2e-20	0	0
0.13	-2e-20	0.0131729	2.22896
0.13	-2e-20	0.0235981	7.61861
0.13	-2e-20	0.0322264	15.7828
0.13	-2e-20	0.0395871	24.4165
0.13	-2e-20	0.0460054	33.1141
0.13	-2e-20	0.0516955	40.3968
0.13	-2e-20	0.0568058	44.1593
0.13	-2e-20	0.0614437	44.8456
0.13	-2e-20	0.0656892	43.6417
0.13	-2e-20	0.0696036	42.4131
0.13	-2e-20	0.0732347	40.9046
0.13	-2e-20	0.0766208	41.6553
0.13	-2e-20	0.0797929	38.5043
0.13	-2e-20	0.0827764	36.288
0.13	-2e-20	0.0855926	33.2219
0.13	-2e-20	0.0882591	30.2272
0.13	-2e-20	0.0907912	27.4726
0.13	-2e-20	0.0932017	26.898
0.13	-2e-20	0.0955017	28.972
0.13	-2e-20	0.0977009	34.0163
0.13	-2e-20	0.0998079	31.9025
0.13	-2e-20	0.10183	24.8953
0.13	-2e-20	0.103774	20.8434
0.13	-2e-20	0.105645	19.751
0.13	-2e-20	0.107449	13.6743
0.13	-2e-20	0.109191	9.18594
0.13	-2e-20	0.110874	4.67095
0.13	-2e-20	0.112502	1.4686
0.13	-2e-20	0.11408	0.209644
0.13	-2e-20	0.115609	0
0.13	0.0922185	0	0
0.13	0.0922185	0.0131729	2.23519
0.13	0.0922185	0.0235981	7.68804
0.13	0.0922185	0.0322264	16.0778
0.13	0.0922185	0.0395871	25.0808
0.13	0.0922185	0.0460054	34.2518
0.13	0.0922185	0.0516955	42.1239
0.13	0.0922185	0.0568058	46.6825
0.13	0.0922185	0.0614437	47.8868
0.13	0.0922185	0.0656892	46.8012
0.13	0.0922185	0.0696036	45.5898
0.13	0.0922185	0.0732347	44.0134
0.13	0.0922185	0.0766208	44.2853
0.13	0.0922185	0.0797929	40.7674
0.13	0.0922185	0.0827764	38.1964
0.13	0.0922185	0.0855926	35.2909
0.13	0.0922185	0.0882591	32.3114
0.13	0.0922185	0.0907912	28.9138
0.13	0.0922185	0.0932017	28.0909
0.13	0.0922185	0.0955017	30.5137
0.13	0.0922185	0.0977009	36.3326
0.13	0.0922185	0.0998079	34.8272
0.13	0.0922185	0.10183	27.7204
0.13	0.0922185	0.103774	24.0395
0.13	0.0922185	0.105645	23.4978
0.13	0.0922185	0.107449	16.9661
0.13	0.0922185	0.109191	11.5474
0.13	0.0922185	0.110874	5.73341
0.13	0.0922185	0.112502	1.78654
0.13	0.0922185	0.11408	0.259064
0.13	0.0922185	0.115609	0
0.13	0.172502	0	0
0.13	0.172502	0.0131729	2.24055
0.13	0.172502	0.0235981	7.74614
0.13	0.172502	0.0322264	16.3246
0.13	0.172502	0.0395871	25.6473
0.13	0.172502	0.0460054	35.2458
0.13	0.172502	0.0516955	43.6129
0.13	0.172502	0.0568058	48.8673
0.13	0.172502	0.0614437	50.7337
0.13	0.172502	0.0656892	49.9514
0.13	0.172502	0.0696036	48.6366
0.13	0.172502	0.0732347	46.9046
0.13	0.172502	0.0766208	46.8411
0.13	0.172502	0.0797929	42.8385
0.13	0.172502	0.0827764	39.8812
0.13	0.172502	0.0855926	37.4392
0.13	0.172502	0.0882591	34.0798
0.13	0.172502	0.0907912	30.4512
0.13	0.172502	0.0932017	29.3443
0.13	0.172502	0.0955017	31.55
0.13	0.172502	0.0977009	38.0658
0.13	0.172502	0.0998079	37.3812
0.13	0.172502	0.10183	30.2344
0.13	0.172502	0.103774	26.8356
0.13	0.172502	0.105645	27.2368
0.13	0.172502	0.107449	20.4962
0.13	0.172502	0.109191	14.0986
0.13	0.172502	0.110874	7.027
0.13	0.172502	0.112502	2.07941
0.13	0.172502	0.11408	0.306467
0.13	0.172502	0.115609	0
0.13	0.243589	0	0
0.13	0.243589	0.0131729	2.24497
0.13	0.243589	0.0235981	7.79739
0.13	0.243589	0.0322264	16.5351
0.13	0.243589	0.0395871	26.1445
0.13	0.243589	0.0460054	36.1163
0.13	0.243589	0.0516955	44.9322
0.13	0.243589	0.0568058	50.7617
0.13	0.243589	0.0614437	53.411
0.13	0.243589	0.0656892	52.9277
0.13	0.243589	0.0696036	51.5964
0.13	0.243589	0.0732347	49.747
0.13	0.243589	0.0766208	49.3304
0.13	0.243589	0.0797929	44.9801
0.13	0.243589	0.0827764	41.9827
0.13	0.243589	0.0855926	39.2546
0.13	0.243589	0.0882591	35.8225
0.13	0.243589	0.0907912	31.9794
0.13	0.243589	0.0932017	30.6398
0.13	0.243589	0.0955017	32.3775
0.13	0.243589	0.0977009	39.3749
0.13	0.243589	0.0998079	39.2531
0.13	0.243589	0.10183	32.4167
0.13	0.243589	0.103774	29.2907
0.13	0.243589	0.105645	30.7994
0.13	0.243589	0.107449	23.9782
0.13	0.243589	0.109191	16.8473
0.13	0.243589	0.110874	8.51963
0.13	0.243589	0.112502	2.37423
0.13	0.243589	0.11408	0.343188
0.13	0.243589	0.115609	0
0.13	0.307372	0	0
0.13	0.307372	0.0131729	2.24866
0.13	0.307372	0.0235981	7.8422
0.13	0.307372	0.0322264	16.7143
0.13	0.307372	0.0395871	26.6231
0.13	0.307372	0.0460054	36.9056
0.13	0.307372	0.0516955	46.0981
0.13	0.307372	0.0568058	52.4334
0.13	0.307372	0.0614437	55.8683
0.13	0.307372	0.0656892	55.7617
0.13	0.307372	0.0696036	54.4353
0.13	0.307372	0.0732347	52.547
0.13	0.307372	0.0766208	51.6822
0.13	0.307372	0.0797929	47.1692
0.13	0.307372	0.0827764	43.8961
0.13	0.307372	0.0855926	40.8966
0.13	0.307372	0.0882591	37.4075
0.13	0.307372	0.0907912	33.3518
0.13	0.307372	0.0932017	31.9664
0.13	0.307372	0.0955017	33.0043
0.13	0.307372	0.0977009	40.1673
0.13	0.307372	0.0998079	40.5861
0.13	0.307372	0.10183	34.1998
0.13	0.307372	0.103774	31.6051
0.13	0.307372	0.105645	34.0979
0.13	0.307372	0.107449	27.4924
0.13	0.307372	0.109191	19.8338
0.13	0.307372	0.110874	10.1755
0.13	0.307372	0.112502	2.81797
0.13	0.307372	0.11408	0.374326
0.13	0.307372	0.115609	0
0.13	0.365212	0	0
0.13	0.365212	0.0131729	2.25177
0.13	0.365212	0.0235981	7.88193
0.13	0.365212	0.0322264	16.8769
0.13	0.365212	0.0395871	27.0542
0.13	0.365212	0.0460054	37.632
0.13	0.365212	0.0516955	47.1444
0.13	0.365212	0.0568058	53.9615
0.13	0.365212	0.0614437	58.0858
0.13	0.365212	0.0656892	58.4254
0.13	0.365212	0.0696036	57.2586
0.13	0.365212	0.0732347	55.2772
0.13	0.365212	0.0766208	53.9867
0.13	0.365212	0.0797929	49.5322
0.13	0.365212	0.0827764	45.8362
0.13	0.365212	0.0855926	42.5831
0.13	0.365212	0.0882591	38.79
0.13	0.365212	0.0907912	34.7155
0.13	0.365212	0.0932017	33.3303
0.13	0.365212	0.0955017	33.6304
0.13	0.365212	0.0977009	40.4803
0.13	0.365212	0.0998079	41.5428
0.13	0.365212	0.10183	35.4239
0.13	0.365212	0.103774	33.7432
0.13	0.365212	0.105645	37.0979
0.13	0.365212	0.107449	30.9304
0.13	0.365212	0.109191	22.8527
0.13	0.365212	0.110874	12.04
0.13	0.365212	0.112502	3.5234
0.13	0.365212	0.11408	0.404915
0.13	0.365212	0.115609	0
0.13	0.418124	0	0
0.13	0.418124	0.0131729	2.25442
0.13	0.418124	0.0235981	7.91653
0.13	0.418124	0.0322264	17.0198
0.13	0.418124	0.0395871	27.4425
0.13	0.418124	0.0460054	38.3059
0.13	0.418124	0.0516955	48.0995
0.13	0.418124	0.0568058	55.3793
0.13	0.418124	0.0614437	60.078
0.13	0.418124	0.0656892	60.9333
0.13	0.418124	0.0696036	60.0493
0.13	0.418124	0.0732347	57.9115
0.13	0.418124	0.0766208	56.3093
0.13	0.418124	0.0797929	51.8407
0.13	0.418124	0.0827764	47.7769
0.13	0.418124	0.0855926	44.1043
0.13	0.418124	0.0882591	40.0204
0.13	0.418124	0.0907912	36.1208
0.13	0.418124	0.0932017	34.6589
0.13	0.418124	0.0955017	34.1348
0.13	0.418124	0.0977009	40.4307
0.13	0.418124	0.0998079	41.9843
0.13	0.418124	0.10183	36.2861
0.13	0.418124	0.103774	35.456
0.13	0.418124	0.105645	39.9708
0.13	0.418124	0.107449	34.1888
0.13	0.418124	0.109191	25.93
0.13	0.418124	0.110874	14.141
0.13	0.418124	0.112502	4.42918
0.13	0.418124	0.11408	0.443135
0.13	0.418124	0.115609	0
0.13	0.466881	0	0
0.13	0.466881	0.0131729	2.25667
0.13	0.466881	0.0235981	7.94722
0.13	0.466881	0.0322264	17.1451
0.13	0.466881	0.0395871	27.7946
0.13	0.466881	0.0460054	38.9286
0.13	0.466881	0.0516955	48.9851
0.13	0.466881	0.0568058	56.6817
0.13	0.466881	0.0614437	61.8836
0.13	0.466881	0.0656892	63.3051
0.13	0.466881	0.0696036	62.8187
0.13	0.466881	0.0732347	60.4797
0.13	0.466881	0.0766208	58.7232
0.13	0.466881	0.0797929	54.0975
0.13	0.466881	0.0827764	49.7486
0.13	0.466881	0.0855926	45.6051
0.13	0.466881	0.0882591	41.3632
0.13	0.466881	0.0907912	37.2982
0.13	0.466881	0.0932017	35.87
0.13	0.466881	0.0955017	34.8449
0.13	0.466881	0.0977009	40.3829
0.13	0.466881	0.0998079	41.8918
0.13	0.466881	0.10183	36.7766
0.13	0.466881	0.103774	36.7012
0.13	0.466881	0.105645	42.8442
0.13	0.466881	0.107449	37.1636
0.13	0.466881	0.109191	28.9886
0.13	0.466881	0.110874	16.4559
0.13	0.466881	0.112502	5.56399
0.13	0.466881	0.11408	0.540898
0.13	0.466881	0.115609	0
0.13	0.512089	0	0
0.13	0.512089	0.0131729	2.2586
0.13	0.512089	0.0235981	7.97453
0.13	0.512089	0.0322264	17.273
0.13	0.512089	0.0395871	28.1281
0.13	0.512089	0.0460054	39.4909
0.13	0.512089	0.0516955	49.8259
0.13	0.512089	0.0568058	57.8746
0.13	0.512089	0.0614437	63.5036
0.13	0.512089	0.0656892	65.6337
0.13	0.512089	0.0696036	65.5042
0.13	0.512089	0.0732347	63.0119
0.13	0.512089	0.0766208	61.0294
0.13	0.512089	0.0797929	56.3096
0.13	0.512089	0.0827764	51.6947
0.13	0.512089	0.0855926	47.148
0.13	0.512089	0.0882591	42.7388
0.13	0.512089	0.0907912	38.3359
0.13	0.512089	0.0932017	37.0617
0.13	0.512089	0.0955017	35.5557
0.13	0.512089	0.0977009	40.1768
0.13	0.512089	0.0998079	41.4691
0.13	0.512089	0.10183	36.6886
0.13	0.512089	0.103774	37.6384
0.13	0.512089	0.105645	45.4674
0.13	0.512089	0.107449	39.8819
0.13	0.512089	0.109191	32.0282
0.13	0.512089	0.110874	18.9902
0.13	0.512089	0.112502	7.00724
0.13	0.512089	0.11408	0.801301
0.13	0.512089	0.115609	0
0.13	0.55423	0	0
0.13	0.55423	0.0131729	2.2604
0.13	0.55423	0.0235981	7.99888
0.13	0.55423	0.0322264	17.3954
0.13	0.55423	0.0395871	28.44
0.13	0.55423	0.0460054	40.0101
0.13	0.55423	0.0516955	50.6403
0.13	0.55423	0.0568058	58.9586
0.13	0.55423	0.0614437	64.9682
0.13	0.55423	0.0656892	67.8043
0.13	0.55423	0.0696036	68.0705
0.13	0.55423	0.0732347	65.662
0.13	0.55423	0.0766208	63.3677
0.13	0.55423	0.0797929	58.4592
0.13	0.55423	0.0827764	53.5831
0.13	0.55423	0.0855926	48.7267
0.13	0.55423	0.0882591	44.0505
0.13	0.55423	0.0907912	39.3768
0.13	0.55423	0.0932017	38.1987
0.13	0.55423	0.0955017	36.0589
0.13	0.55423	0.0977009	40.1564
0.13	0.55423	0.0998079	40.9488
0.13	0.55423	0.10183	36.2581
0.13	0.55423	0.103774	38.2215
0.13	0.55423	0.105645	47.5264
0.13	0.55423	0.107449	42.5571
0.13	0.55423	0.109191	34.9159
0.13	0.55423	0.110874	21.673
0.13	0.55423	0.112502	8.68062
0.13	0.55423	0.11408	1.26894
0.13	0.55423	0.115609	0
0.13	0.593693	0	0
0.13	0.593693	0.0131729	2.26203
0.13	0.593693	0.0235981	8.02093
0.13	0.593693	0.0322264	17.5083
0.13	0.593693	0.0395871	28.7263
0.13	0.593693	0.0460054	40.4964
0.13	0.593693	0.0516955	51.3958
0.13	0.593693	0.0568058	59.967
0.13	0.593693	0.0614437	66.3288
0.13	0.593693	0.0656892	69.853
0.13	0.593693	0.0696036	70.4938
0.13	0.593693	0.0732347	68.2825
0.13	0.593693	0.0766208	65.7685
0.13	0.593693	0.0797929	60.5184
0.13	0.593693	0.0827764	55.4593
0.13	0.593693	0.0855926	50.4912
0.13	0.593693	0.0882591	45.3124
0.13	0.593693	0.0907912	40.3434
0.13	0.593693	0.0932017	39.2319
0.13	0.593693	0.0955017	36.6101
0.13	0.593693	0.0977009	40.0636
0.13	0.593693	0.0998079	40.5005
0.13	0.593693	0.10183	35.5953
0.13	0.593693	0.103774	38.1909
0.13	0.593693	0.105645	49.1944
0.13	0.593693	0.107449	45.3909
0.13	0.593693	0.109191	37.5626
0.13	0.593693	0.110874	24.4399
0.13	0.593693	0.112502	10.6568
0.13	0.593693	0.11408	1.93095
0.13	0.593693	0.115609	0
0.13	0.630798	0	0
0.13	0.630798	0.0131729	2.26343
0.13	0.630798	0.0235981	8.04071
0.13	0.630798	0.0322264	17.6115
0.13	0.630798	0.0395871	28.9895
0.13	0.630798	0.0460054	40.9591
0.13	0.630798	0.0516955	52.1011
0.13	0.630798	0.0568058	60.9174
0.13	0.630798	0.0614437	67.6906
0.13	0.630798	0.0656892	71.7468
0.13	0.630798	0.0696036	72.8281
0.13	0.630798	0.0732347	70.8625
0.13	0.630798	0.0766208	68.1323
0.13	0.630798	0.0797929	62.5452
0.13	0.630798	0.0827764	57.3306
0.13	0.630798	0.0855926	52.1584
0.13	0.630798	0.0882591	46.6481
0.13	0.630798	0.0907912	41.2916
0.13	0.630798	0.0932017	40.1555
0.13	0.630798	0.0955017	37.0895
0.13	0.630798	0.0977009	39.6307
0.13	0.630798	0.0998079	40.0627
0.13	0.630798	0.10183	34.6889
0.13	0.630798	0.103774	37.8062
0.13	0.630798	0.105645	50.735
0.13	0.630798	0.107449	47.7865
0.13	0.630798	0.109191	39.9317
0.13	0.630798	0.110874	27.2686
0.13	0.630798	0.112502	12.9778
0.13	0.630798	0.11408	2.83302
0.13	0.630798	0.115609	0
0.13	0.665812	0	0
0.13	0.665812	0.0131729	2.26466
0.13	0.665812	0.0235981	8.05844
0.13	0.665812	0.0322264	17.7079
0.13	0.665812	0.0395871	29.2298
0.13	0.665812	0.0460054	41.385
0.13	0.665812	0.0516955	52.7629
0.13	0.665812	0.0568058	61.8082
0.13	0.665812	0.0614437	68.948
0.13	0.665812	0.0656892	73.5029
0.13	0.665812	0.0696036	75.1055
0.13	0.665812	0.0732347	73.4657
0.13	0.665812	0.0766208	70.4286
0.13	0.665812	0.0797929	64.6191
0.13	0.665812	0.0827764	59.1764
0.13	0.665812	0.0855926	53.7629
0.13	0.665812	0.0882591	48.0255
0.13	0.665812	0.0907912	42.2591
0.13	0.665812	0.0932017	41.0313
0.13	0.665812	0.0955017	37.3506
0.13	0.665812	0.0977009	39.2323
0.13	0.665812	0.0998079	39.567
0.13	0.665812	0.10183	33.9553
0.13	0.665812	0.103774	37.1236
0.13	0.665812	0.105645	51.5574
0.13	0.665812	0.107449	49.6831
0.13	0.665812	0.109191	42.4486
0.13	0.665812	0.110874	30.0275
0.13	0.665812	0.112502	15.5725
0.13	0.665812	0.11408	3.99151
0.13	0.665812	0.115609	0
0.13	0.698958	0	0
0.13	0.698958	0.0131729	2.26592
0.13	0.698958	0.0235981	8.07463
0.13	0.698958	0.0322264	17.7971
0.13	0.698958	0.0395871	29.4492
0.13	0.698958	0.0460054	41.7874
0.13	0.698958	0.0516955	53.3831
0.13	0.698958	0.0568058	62.643
0.13	0.698958	0.0614437	70.1311
0.13	0.698958	0.0656892	75.1316
0.13	0.698958	0.0696036	77.2873
0.13	0.698958	0.0732347	75.9947
0.13	0.698958	0.0766208	72.6405
0.13	0.698958	0.0797929	66.7321
0.13	0.698958	0.0827764	61.0905
0.13	0.698958	0.0855926	55.3539
0.13	0.698958	0.0882591	49.3354
0.13	0.698958	0.0907912	43.2819
0.13	0.698958	0.0932017	41.7735
0.13	0.698958	0.0955017	37.5235
0.13	0.698958	0.0977009	38.953
0.13	0.698958	0.0998079	38.8088
0.13	0.698958	0.10183	33.174
0.13	0.698958	0.103774	36.1218
0.13	0.698958	0.105645	51.589
0.13	0.698958	0.107449	51.3236
0.13	0.698958	0.109191	44.9581
0.13	0.698958	0.110874	32.5937
0.13	0.698958	0.112502	18.4442
0.13	0.698958	0.11408	5.34293
0.13	0.698958	0.115609	0
0.13	0.730425	0	0
0.13	0.730425	0.0131729	2.26699
0.13	0.730425	0.0235981	8.08931
0.13	0.730425	0.0322264	17.8835
0.13	0.730425	0.0395871	29.6494
0.13	0.730425	0.0460054	42.192
0.13	0.730425	0.0516955	53.9641
0.13	0.730425	0.0568058	63.4883
0.13	0.730425	0.0614437	71.2288
0.13	0.730425	0.0656892	76.7319
0.13	0.730425	0.0696036	79.3399
0.13	0.730425	0.0732347	78.4283
0.13	0.730425	0.0766208	74.7928
0.13	0.730425	0.0797929	68.8865
0.13	0.730425	0.0827764	63.0057
0.13	0.730425	0.0855926	56.8861
0.13	0.730425	0.0882591	50.6128
0.13	0.730425	0.0907912	44.3542
0.13	0.730425	0.0932017	42.3851
0.13	0.730425	0.0955017	37.6423
0.13	0.730425	0.0977009	38.223
0.13	0.730425	0.0998079	38.0756
0.13	0.730425	0.10183	32.3965
0.13	0.730425	0.103774	35.234
0.13	0.730425	0.105645	51.236
0.13	0.730425	0.107449	52.3788
0.13	0.730425	0.109191	47.5168
0.13	0.730425	0.110874	34.8652
0.13	0.730425	0.112502	21.5061
0.13	0.730425	0.11408	6.9466
0.13	0.730425	0.115609	0
0.13	0.760374	0	0
0.13	0.760374	0.0131729	2.2679
0.13	0.760374	0.0235981	8.10691
0.13	0.760374	0.0322264	17.963
0.13	0.760374	0.0395871	29.8313
0.13	0.760374	0.0460054	42.5772
0.13	0.760374	0.0516955	54.5139
0.13	0.760374	0.0568058	64.336
0.13	0.760374	0.0614437	72.2964
0.13	0.760374	0.0656892	78.2575
0.13	0.760374	0.0696036	81.3391
0.13	0.760374	0.0732347	80.7641
0.13	0.760374	0.0766208	77.0243
0.13	0.760374	0.0797929	71.1167
0.13	0.760374	0.0827764	64.9772
0.13	0.760374	0.0855926	58.4357
0.13	0.760374	0.0882591	51.929
0.13	0.760374	0.0907912	45.3446
0.13	0.760374	0.0932017	43.0091
0.13	0.760374	0.0955017	37.5904
0.13	0.760374	0.0977009	37.2278
0.13	0.760374	0.0998079	37.6254
0.13	0.760374	0.10183	31.4002
0.13	0.760374	0.103774	33.9956
0.13	0.760374	0.105645	50.3748
0.13	0.760374	0.107449	52.763
0.13	0.760374	0.109191	49.5995
0.13	0.760374	0.110874	37.2378
0.13	0.760374	0.112502	24.7246
0.13	0.760374	0.11408	8.88381
0.13	0.760374	0.115609	0
0.13	0.788947	0	0
0.13	0.788947	0.0131729	2.26879
0.13	0.788947	0.0235981	8.12912
0.13	0.788947	0.0322264	18.0445
0.13	0.788947	0.0395871	29.9972
0.13	0.788947	0.0460054	42.9346
0.13	0.788947	0.0516955	55.0442
0.13	0.788947	0.0568058	65.1349
0.13	0.788947	0.0614437	73.2899
0.13	0.788947	0.0656892	79.6393
0.13	0.788947	0.0696036	83.2052
0.13	0.788947	0.0732347	83.0063
0.13	0.788947	0.0766208	79.2701
0.13	0.788947	0.0797929	73.3703
0.13	0.788947	0.0827764	66.9453
0.13	0.788947	0.0855926	59.992
0.13	0.788947	0.0882591	53.1886
0.13	0.788947	0.0907912	46.2889
0.13	0.788947	0.0932017	43.6993
0.13	0.788947	0.0955017	37.3931
0.13	0.788947	0.0977009	36.256
0.13	0.788947	0.0998079	36.7085
0.13	0.788947	0.10183	30.534
0.13	0.788947	0.103774	32.7663
0.13	0.788947	0.105645	48.8832
0.13	0.788947	0.107449	52.1217
0.13	0.788947	0.109191	51.5462
0.13	0.788947	0.110874	39.7109
0.13	0.788947	0.112502	27.8654
0.13	0.788947	0.11408	11.2332
0.13	0.788947	0.115609	0
0.13	0.816262	0	0
0.13	0.816262	0.0131729	2.2696
0.13	0.816262	0.0235981	8.15028
0.13	0.816262	0.0322264	18.1225
0.13	0.816262	0.0395871	30.1508
0.13	0.816262	0.0460054	43.2677
0.13	0.816262	0.0516955	55.5553
0.13	0.816262	0.0568058	65.8878
0.13	0.816262	0.0614437	74.238
0.13	0.816262	0.0656892	80.945
0.13	0.816262	0.0696036	84.9664
0.13	0.816262	0.0732347	85.1413
0.13	0.816262	0.0766208	81.4122
0.13	0.816262	0.0797929	75.6626
0.13	0.816262	0.0827764	68.8885
0.13	0.816262	0.0855926	61.6698
0.13	0.816262	0.0882591	54.4218
0.13	0.816262	0.0907912	47.2409
0.13	0.816262	0.0932017	44.2373
0.13	0.816262	0.0955017	37.1979
0.13	0.816262	0.0977009	35.1352
0.13	0.816262	0.0998079	35.3072
0.13	0.816262	0.10183	29.9302
0.13	0.816262	0.103774	31.5777
0.13	0.816262	0.105645	46.8613
0.13	0.816262	0.107449	51.1333
0.13	0.816262	0.109191	52.7603
0.13	0.816262	0.110874	42.3265
0.13	0.816262	0.112502	30.722
0.13	0.816262	0.11408	14.0062
0.13	0.816262	0.115609	0
0.13	0.842428	0	0
0.13	0.842428	0.0131729	2.27027
0.13	0.842428	0.0235981	8.17158
0.13	0.842428	0.0322264	18.2011
0.13	0.842428	0.0395871	30.2967
0.13	0.842428	0.0460054	43.5804
0.13	0.842428	0.0516955	56.0532
0.13	0.842428	0.0568058	66.6128
0.13	0.842428	0.0614437	75.2018
0.13	0.842428	0.0656892	82.2254
0.13	0.842428	0.0696036	86.6119
0.13	0.842428	0.0732347	87.1913
0.13	0.842428	0.0766208	83.6339
0.13	0.842428	0.0797929	77.9692
0.13	0.842428	0.0827764	70.8056
0.13	0.842428	0.0855926	63.383
0.13	0.842428	0.0882591	55.6448
0.13	0.842428	0.0907912	48.1249
0.13	0.842428	0.0932017	44.8565
0.13	0.842428	0.0955017	36.9848
0.13	0.842428	0.0977009	33.7281
0.13	0.842428	0.0998079	33.9933
0.13	0.842428	0.10183	28.9504
0.13	0.842428	0.103774	30.5865
0.13	0.842428	0.105645	45.0012
0.13	0.842428	0.107449	49.227
0.13	0.842428	0.109191	53.1422
0.13	0.842428	0.110874	44.5699
0.13	0.842428	0.112502	33.2543
0.13	0.842428	0.11408	17.2526
0.13	0.842428	0.115609	0
0.13	0.867536	0	0
0.13	0.867536	0.0131729	2.27077
0.13	0.867536	0.0235981	8.1917
0.13	0.867536	0.0322264	18.2763
0.13	0.867536	0.0395871	30.4264
0.13	0.867536	0.0460054	43.8756
0.13	0.867536	0.0516955	56.6069
0.13	0.867536	0.0568058	67.3008
0.13	0.867536	0.0614437	76.1653
0.13	0.867536	0.0656892	83.4691
0.13	0.867536	0.0696036	88.1525
0.13	0.867536	0.0732347	89.1407
0.13	0.867536	0.0766208	85.9928
0.13	0.867536	0.0797929	80.2622
0.13	0.867536	0.0827764	72.8436
0.13	0.867536	0.0855926	65.0812
0.13	0.867536	0.0882591	56.9494
0.13	0.867536	0.0907912	48.9678
0.13	0.867536	0.0932017	45.3429
0.13	0.867536	0.0955017	37.0227
0.13	0.867536	0.0977009	32.2839
0.13	0.867536	0.0998079	32.5604
0.13	0.867536	0.10183	27.3865
0.13	0.867536	0.103774	29.6828
0.13	0.867536	0.105645	43.534
0.13	0.867536	0.107449	46.7787
0.13	0.867536	0.109191	52.587
0.13	0.867536	0.110874	46.5468
0.13	0.867536	0.112502	35.8162
0.13	0.867536	0.11408	21.028
0.13	0.867536	0.115609	0
0.13	0.891668	0	0
0.13	0.891668	0.0131729	2.2711
0.13	0.891668	0.0235981	8.21069
0.13	0.891668	0.0322264	18.3461
0.13	0.891668	0.0395871	30.5393
0.13	0.891668	0.0460054	44.1477
0.13	0.891668	0.0516955	57.1287
0.13	0.891668	0.0568058	67.9505
0.13	0.891668	0.0614437	77.1068
0.13	0.891668	0.0656892	84.6491
0.13	0.891668	0.0696036	89.5915
0.13	0.891668	0.0732347	90.9751
0.13	0.891668	0.0766208	88.2734
0.13	0.891668	0.0797929	82.5282
0.13	0.891668	0.0827764	74.9994
0.13	0.891668	0.0855926	66.8053
0.13	0.891668	0.0882591	58.2795
0.13	0.891668	0.0907912	49.8916
0.13	0.891668	0.0932017	45.6917
0.13	0.891668	0.0955017	36.9658
0.13	0.891668	0.0977009	31.3238
0.13	0.891668	0.0998079	30.6104
0.13	0.891668	0.10183	25.9867
0.13	0.891668	0.103774	28.1327
0.13	0.891668	0.105645	41.9391
0.13	0.891668	0.107449	44.5022
0.13	0.891668	0.109191	51.7233
0.13	0.891668	0.110874	47.9486
0.13	0.891668	0.112502	38.5141
0.13	0.891668	0.11408	25.1837
0.13	0.891668	0.115609	0
0.13	0.914898	0	0
0.13	0.914898	0.0131729	2.27123
0.13	0.914898	0.0235981	8.22845
0.13	0.914898	0.0322264	18.411
0.13	0.914898	0.0395871	30.6506
0.13	0.914898	0.0460054	44.4036
0.13	0.914898	0.0516955	57.6174
0.13	0.914898	0.0568058	68.6227
0.13	0.914898	0.0614437	78.0047
0.13	0.914898	0.0656892	85.7677
0.13	0.914898	0.0696036	90.9704
0.13	0.914898	0.0732347	92.8337
0.13	0.914898	0.0766208	90.482
0.13	0.914898	0.0797929	84.7858
0.13	0.914898	0.0827764	77.2583
0.13	0.914898	0.0855926	68.6196
0.13	0.914898	0.0882591	59.5941
0.13	0.914898	0.0907912	50.8052
0.13	0.914898	0.0932017	45.9293
0.13	0.914898	0.0955017	36.8901
0.13	0.914898	0.0977009	30.3736
0.13	0.914898	0.0998079	28.804
0.13	0.914898	0.10183	24.0551
0.13	0.914898	0.103774	26.2237
0.13	0.914898	0.105645	39.7464
0.13	0.914898	0.107449	41.8813
0.13	0.914898	0.109191	49.8105
0.13	0.914898	0.110874	47.9559
0.13	0.914898	0.112502	41.5243
0.13	0.914898	0.11408	29.4098
0.13	0.914898	0.115609	0
0.13	0.937291	0	0
0.13	0.937291	0.0131729	2.27126
0.13	0.937291	0.0235981	8.24496
0.13	0.937291	0.0322264	18.4703
0.13	0.937291	0.0395871	30.7806
0.13	0.937291	0.0460054	44.6294
0.13	0.937291	0.0516955	58.0681
0.13	0.937291	0.0568058	69.2892
0.13	0.937291	0.0614437	78.9023
0.13	0.937291	0.0656892	86.8183
0.13	0.937291	0.0696036	92.2448
0.13	0.937291	0.0732347	94.6937
0.13	0.937291	0.0766208	92.5738
0.13	0.937291	0.0797929	87.0516
0.13	0.937291	0.0827764	79.556
0.13	0.937291	0.0855926	70.5407
0.13	0.937291	0.0882591	61.0022
0.13	0.937291	0.0907912	51.7195
0.13	0.937291	0.0932017	46.2007
0.13	0.937291	0.0955017	36.7282
0.13	0.937291	0.0977009	29.7583
0.13	0.937291	0.0998079	27.4307
0.13	0.937291	0.10183	21.9535
0.13	0.937291	0.103774	23.8535
0.13	0.937291	0.105645	36.4396
0.13	0.937291	0.107449	38.8942
0.13	0.937291	0.109191	45.9666
0.13	0.937291	0.110874	46.8208
0.13	0.937291	0.112502	43.543
0.13	0.937291	0.11408	33.3473
0.13	0.937291	0.115609	0
0.13	0.958905	0	0
0.13	0.958905	0.0131729	2.27115
0.13	0.958905	0.0235981	8.2618
0.13	0.958905	0.0322264	18.5293
0.13	0.958905	0.0395871	30.9072
0.13	0.958905	0.0460054	44.8774
0.13	0.958905	0.0516955	58.4779
0.13	0.958905	0.0568058	70.004
0.13	0.958905	0.0614437	79.7579
0.13	0.958905	0.0656892	87.8078
0.13	0.958905	0.0696036	93.4413
0.13	0.958905	0.0732347	96.4315
0.13	0.958905	0.0766208	94.538
0.13	0.958905	0.0797929	89.3158
0.13	0.958905	0.0827764	81.8667
0.13	0.958905	0.0855926	72.5674
0.13	0.958905	0.0882591	62.5121
0.13	0.958905	0.0907912	52.7044
0.13	0.958905	0.0932017	46.3027
0.13	0.958905	0.0955017	36.5002
0.13	0.958905	0.0977009	29.4507
0.13	0.958905	0.0998079	26.3425
0.13	0.958905	0.10183	20.1839
0.13	0.958905	0.103774	20.9484
0.13	0.958905	0.105645	32.3381
0.13	0.958905	0.107449	36.2604
0.13	0.958905	0.109191	42.3064
0.13	0.958905	0.110874	43.3105
0.13	0.958905	0.112502	44.5871
0.13	0.958905	0.11408	36.9967
0.13	0.958905	0.115609	0
0.13	0.979792	0	0
0.13	0.979792	0.0131729	2.27055
0.13	0.979792	0.0235981	8.27847
0.13	0.979792	0.0322264	18.5811
0.13	0.979792	0.0395871	31.0195
0.13	0.979792	0.0460054	45.1167
0.13	0.979792	0.0516955	58.8723
0.13	0.979792	0.0568058	70.7112
0.13	0.979792	0.0614437	80.5005
0.13	0.979792	0.0656892	88.755
0.13	0.979792	0.0696036	94.8452
0.13	0.979792	0.0732347	98.0804
0.13	0.979792	0.0766208	96.4443
0.13	0.979792	0.0797929	91.5992
0.13	0.979792	0.0827764	84.1666
0.13	0.979792	0.0855926	74.6652
0.13	0.979792	0.0882591	64.1425
0.13	0.979792	0.0907912	53.8128
0.13	0.979792	0.0932017	46.4727
0.13	0.979792	0.0955017	36.1146
0.13	0.979792	0.0977009	29.0288
0.13	0.979792	0.0998079	25.9398
0.13	0.979792	0.10183	18.5076
0.13	0.979792	0.103774	18.1127
0.13	0.979792	0.105645	26.3629
0.13	0.979792	0.107449	32.1923
0.13	0.979792	0.109191	39.9214
0.13	0.979792	0.110874	38.3558
0.13	0.979792	0.112502	43.6048
0.13	0.979792	0.11408	41.4066
0.13	0.979792	0.115609	0
0.13	1	0	0
0.13	1	0.0131729	2.26842
0.13	1	0.0235981	8.29401
0.13	1	0.0322264	18.6078
0.13	1	0.0395871	31.0846
0.13	1	0.0460054	45.2883
0.13	1	0.0516955	59.316
0.13	1	0.0568058	71.4471
0.13	1	0.0614437	81.2279
0.13	1	0.0656892	89.638
0.13	1	0.0696036	96.2416
0.13	1	0.0732347	99.5996
0.13	1	0.0766208	98.4319
0.13	1	0.0797929	93.8176
0.13	1	0.0827764	86.6042
0.13	1	0.0855926	76.882
0.13	1	0.0882591	65.9624
0.13	1	0.0907912	55.1519
0.13	1	0.0932017	46.8503
0.13	1	0.0955017	35.8794
0.13	1	0.0977009	28.6522
0.13	1	0.0998079	24.918
0.13	1	0.10183	17.5653
0.13	1	0.103774	14.467
0.13	1	0.105645	19.6326
0.13	1	0.107449	25.5649
0.13	1	0.109191	39.1743
0.13	1	0.110874	32.3056
0.13	1	0.112502	39.2303
0.13	1	0.11408	48.8842
0.13	1	0.115609	0
