0.17	-1	0	0
0.17	-1	0.0176137	9.21122
0.17	-1	0.0315535	33.7962
0.17	-1	0.0430906	70.5301
0.17	-1	0.0529327	112.978
0.17	-1	0.0615148	161.93
0.17	-1	0.069123	209.964
0.17	-1	0.0759562	241.59
0.17	-1	0.0821576	266.281
0.17	-1	0.0878343	280.897
0.17	-1	0.0930682	293.773
0.17	-1	0.0979235	301.014
0.17	-1	0.102451	306.046
0.17	-1	0.106693	304.764
0.17	-1	0.110682	285.944
0.17	-1	0.114447	261.796
0.17	-1	0.118013	304.319
0.17	-1	0.121399	239.786
0.17	-1	0.124622	189.998
0.17	-1	0.127697	148.985
0.17	-1	0.130638	111.211
0.17	-1	0.133455	129.056
0.17	-1	0.136159	74.3337
0.17	-1	0.138758	48.8124
0.17	-1	0.14126	38.4994
0.17	-1	0.143672	24.7789
0.17	-1	0.146001	12.0409
0.17	-1	0.148252	5.15163
0.17	-1	0.150429	1.601
0.17	-1	0.152538	0.213826
0.17	-1	0.154583	0
0.17	-0.634788	0	0
0.17	-0.634788	0.0176137	8.07723
0.17	-0.634788	0.0315535	29.9864
0.17	-0.634788	0.0430906	61.8206
0.17	-0.634788	0.0529327	103.885
0.17	-0.634788	0.0615148	151.166
0.17	-0.634788	0.069123	194.001
0.17	-0.634788	0.0759562	237.036
0.17	-0.634788	0.0821576	265.904
0.17	-0.634788	0.0878343	283.288
0.17	-0.634788	0.0930682	292.635
0.17	-0.634788	0.0979235	294.331
0.17	-0.634788	0.102451	294.562
0.17	-0.634788	0.106693	297.093
0.17	-0.634788	0.110682	286.069
0.17	-0.634788	0.114447	269.087
0.17	-0.634788	0.118013	326.55
0.17	-0.634788	0.121399	272.659
0.17	-0.634788	0.124622	233.133
0.17	-0.634788	0.127697	192.442
0.17	-0.634788	0.130638	147.138
0.17	-0.634788	0.133455	156.971
0.17	-0.634788	0.136159	87.2347
0.17	-0.634788	0.138758	55.4109
0.17	-0.634788	0.14126	42.8967
0.17	-0.634788	0.143672	27.4134
0.17	-0.634788	0.146001	13.3911
0.17	-0.634788	0.148252	5.72331
0.17	-0.634788	0.150429	1.7857
0.17	-0.634788	0.152538	0.234041
0.17	-0.634788	0.154583	0
0.17	-0.406307	0	0
0.17	-0.406307	0.0176137	7.37917
0.17	-0.406307	0.0315535	27.4272
0.17	-0.406307	0.0430906	56.8974
0.17	-0.406307	0.0529327	96.6426
0.17	-0.406307	0.0615148	144.556
0.17	-0.406307	0.069123	185.688
0.17	-0.406307	0.0759562	230.513
0.17	-0.406307	0.0821576	269.197
0.17	-0.406307	0.0878343	286.251
0.17	-0.406307	0.0930682	294.805
0.17	-0.406307	0.0979235	295.891
0.17	-0.406307	0.102451	292.972
0.17	-0.406307	0.106693	292.743
0.17	-0.406307	0.110682	280.091
0.17	-0.406307	0.114447	266.742
0.17	-0.406307	0.118013	331.276
0.17	-0.406307	0.121399	283.837
0.17	-0.406307	0.124622	256.795
0.17	-0.406307	0.127697	226.441
0.17	-0.406307	0.130638	180.892
0.17	-0.406307	0.133455	184.445
0.17	-0.406307	0.136159	105.758
0.17	-0.406307	0.138758	64.4073
0.17	-0.406307	0.14126	46.4289
0.17	-0.406307	0.143672	29.3631
0.17	-0.406307	0.146001	14.4979
0.17	-0.406307	0.148252	6.25764
0.17	-0.406307	0.150429	1.97349
0.17	-0.406307	0.152538	0.253662
0.17	-0.406307	0.154583	0
0.17	-0.239626	0	0
0.17	-0.239626	0.0176137	6.88334
0.17	-0.239626	0.0315535	25.5547
0.17	-0.239626	0.0430906	53.2349
0.17	-0.239626	0.0529327	91.3007
0.17	-0.239626	0.0615148	138.758
0.17	-0.239626	0.069123	179.97
0.17	-0.239626	0.0759562	224.593
0.17	-0.239626	0.0821576	268.227
0.17	-0.239626	0.0878343	291.182
0.17	-0.239626	0.0930682	300.202
0.17	-0.239626	0.0979235	299.449
0.17	-0.239626	0.102451	293.235
0.17	-0.239626	0.106693	291.178
0.17	-0.239626	0.110682	278.037
0.17	-0.239626	0.114447	263.039
0.17	-0.239626	0.118013	328.293
0.17	-0.239626	0.121399	287.186
0.17	-0.239626	0.124622	267.077
0.17	-0.239626	0.127697	246.489
0.17	-0.239626	0.130638	207.943
0.17	-0.239626	0.133455	210.244
0.17	-0.239626	0.136159	126.03
0.17	-0.239626	0.138758	76.0398
0.17	-0.239626	0.14126	52.8061
0.17	-0.239626	0.143672	31.2423
0.17	-0.239626	0.146001	15.4433
0.17	-0.239626	0.148252	6.79952
0.17	-0.239626	0.150429	2.17268
0.17	-0.239626	0.152538	0.298482
0.17	-0.239626	0.154583	0
0.17	-0.108332	0	0
0.17	-0.108332	0.0176137	6.4933
0.17	-0.108332	0.0315535	24.0452
0.17	-0.108332	0.0430906	50.2424
0.17	-0.108332	0.0529327	86.8393
0.17	-0.108332	0.0615148	133.731
0.17	-0.108332	0.069123	174.888
0.17	-0.108332	0.0759562	219.37
0.17	-0.108332	0.0821576	265.612
0.17	-0.108332	0.0878343	294.528
0.17	-0.108332	0.0930682	305.781
0.17	-0.108332	0.0979235	304.566
0.17	-0.108332	0.102451	298.498
0.17	-0.108332	0.106693	290.637
0.17	-0.108332	0.110682	275.69
0.17	-0.108332	0.114447	261.122
0.17	-0.108332	0.118013	326.415
0.17	-0.108332	0.121399	283.285
0.17	-0.108332	0.124622	269.086
0.17	-0.108332	0.127697	256.597
0.17	-0.108332	0.130638	226.162
0.17	-0.108332	0.133455	232.47
0.17	-0.108332	0.136159	145.243
0.17	-0.108332	0.138758	88.9991
0.17	-0.108332	0.14126	61.6159
0.17	-0.108332	0.143672	35.3044
0.17	-0.108332	0.146001	16.0806
0.17	-0.108332	0.148252	7.05951
0.17	-0.108332	0.150429	2.21933
0.17	-0.108332	0.152538	0.311651
0.17	-0.108332	0.154583	0
0.17	-2e-20	0	0
0.17	-2e-20	0.0176137	6.17007
0.17	-2e-20	0.0315535	22.8112
0.17	-2e-20	0.0430906	47.7085
0.17	-2e-20	0.0529327	83.0395
0.17	-2e-20	0.0615148	129.518
0.17	-2e-20	0.069123	170.496
0.17	-2e-20	0.0759562	214.835
0.17	-2e-20	0.0821576	261.729
0.17	-2e-20	0.0878343	296.925
0.17	-2e-20	0.0930682	310.803
0.17	-2e-20	0.0979235	310.154
0.17	-2e-20	0.102451	303.946
0.17	-2e-20	0.106693	294.735
0.17	-2e-20	0.110682	274.827
0.17	-2e-20	0.114447	259.158
0.17	-2e-20	0.118013	323.416
0.17	-2e-20	0.121399	280.457
0.17	-2e-20	0.124622	265.494
0.17	-2e-20	0.127697	258.806
0.17	-2e-20	0.130638	236.007
0.17	-2e-20	0.133455	249.426
0.17	-2e-20	0.136159	162.954
0.17	-2e-20	0.138758	101.698
0.17	-2e-20	0.14126	72.5053
0.17	-2e-20	0.143672	42.2998
0.17	-2e-20	0.146001	18.0655
0.17	-2e-20	0.148252	7.20458
0.17	-2e-20	0.150429	2.2912
0.17	-2e-20	0.152538	0.303556
0.17	-2e-20	0.154583	0
0.17	0.0922185	0	0
0.17	0.0922185	0.0176137	5.89303
0.17	0.0922185	0.0315535	21.7845
0.17	0.0922185	0.0430906	45.514
0.17	0.0922185	0.0529327	79.7208
0.17	0.0922185	0.0615148	125.376
0.17	0.0922185	0.069123	166.783
0.17	0.0922185	0.0759562	210.743
0.17	0.0922185	0.0821576	257.783
0.17	0.0922185	0.0878343	297.103
0.17	0.0922185	0.0930682	316.246
0.17	0.0922185	0.0979235	316.295
0.17	0.0922185	0.102451	309.991
0.17	0.0922185	0.106693	298.578
0.17	0.0922185	0.110682	276.338
0.17	0.0922185	0.114447	258.958
0.17	0.0922185	0.118013	321.034
0.17	0.0922185	0.121399	276.194
0.17	0.0922185	0.124622	259.06
0.17	0.0922185	0.127697	256.071
0.17	0.0922185	0.130638	240.13
0.17	0.0922185	0.133455	260.275
0.17	0.0922185	0.136159	177.514
0.17	0.0922185	0.138758	113.849
0.17	0.0922185	0.14126	83.7082
0.17	0.0922185	0.143672	51.3166
0.17	0.0922185	0.146001	22.6054
0.17	0.0922185	0.148252	7.61567
0.17	0.0922185	0.150429	2.34914
0.17	0.0922185	0.152538	0.32063
0.17	0.0922185	0.154583	0
0.17	0.172502	0	0
0.17	0.172502	0.0176137	5.65179
0.17	0.172502	0.0315535	20.8815
0.17	0.172502	0.0430906	43.5669
0.17	0.172502	0.0529327	76.7629
0.17	0.172502	0.0615148	121.374
0.17	0.172502	0.069123	163.639
0.17	0.172502	0.0759562	206.988
0.17	0.172502	0.0821576	254.221
0.17	0.172502	0.0878343	295.921
0.17	0.172502	0.0930682	320.716
0.17	0.172502	0.0979235	322.94
0.17	0.172502	0.102451	315.978
0.17	0.172502	0.106693	302.724
0.17	0.172502	0.110682	280.056
0.17	0.172502	0.114447	259.687
0.17	0.172502	0.118013	318.167
0.17	0.172502	0.121399	273.255
0.17	0.172502	0.124622	252.619
0.17	0.172502	0.127697	248.745
0.17	0.172502	0.130638	238.752
0.17	0.172502	0.133455	266.36
0.17	0.172502	0.136159	188.369
0.17	0.172502	0.138758	125.076
0.17	0.172502	0.14126	95.4039
0.17	0.172502	0.143672	61.5157
0.17	0.172502	0.146001	28.4278
0.17	0.172502	0.148252	9.43701
0.17	0.172502	0.150429	2.3719
0.17	0.172502	0.152538	0.327259
0.17	0.172502	0.154583	0
0.17	0.243589	0	0
0.17	0.243589	0.0176137	5.44339
0.17	0.243589	0.0315535	20.0855
0.17	0.243589	0.0430906	41.8399
0.17	0.243589	0.0529327	74.0753
0.17	0.243589	0.0615148	117.797
0.17	0.243589	0.069123	160.49
0.17	0.243589	0.0759562	203.72
0.17	0.243589	0.0821576	251.089
0.17	0.243589	0.0878343	294.014
0.17	0.243589	0.0930682	323.979
0.17	0.243589	0.0979235	330.246
0.17	0.243589	0.102451	321.915
0.17	0.243589	0.106693	307.015
0.17	0.243589	0.110682	283.906
0.17	0.243589	0.114447	261.932
0.17	0.243589	0.118013	316.506
0.17	0.243589	0.121399	270.356
0.17	0.243589	0.124622	246.245
0.17	0.243589	0.127697	241.071
0.17	0.243589	0.130638	233.175
0.17	0.243589	0.133455	267.775
0.17	0.243589	0.136159	195.276
0.17	0.243589	0.138758	133.953
0.17	0.243589	0.14126	107.279
0.17	0.243589	0.143672	72.518
0.17	0.243589	0.146001	35.9536
0.17	0.243589	0.148252	13.0168
0.17	0.243589	0.150429	2.61358
0.17	0.243589	0.152538	0.326602
0.17	0.243589	0.154583	0
0.17	0.307372	0	0
0.17	0.307372	0.0176137	5.25622
0.17	0.307372	0.0315535	19.3637
0.17	0.307372	0.0430906	40.3106
0.17	0.307372	0.0529327	71.6176
0.17	0.307372	0.0615148	114.565
0.17	0.307372	0.069123	157.378
0.17	0.307372	0.0759562	201.147
0.17	0.307372	0.0821576	248.173
0.17	0.307372	0.0878343	291.904
0.17	0.307372	0.0930682	325.496
0.17	0.307372	0.0979235	336.262
0.17	0.307372	0.102451	328.301
0.17	0.307372	0.106693	311.772
0.17	0.307372	0.110682	288.378
0.17	0.307372	0.114447	265.118
0.17	0.307372	0.118013	315.203
0.17	0.307372	0.121399	267.76
0.17	0.307372	0.124622	241.066
0.17	0.307372	0.127697	233.414
0.17	0.307372	0.130638	224.88
0.17	0.307372	0.133455	264.912
0.17	0.307372	0.136159	198.622
0.17	0.307372	0.138758	140.363
0.17	0.307372	0.14126	118.4
0.17	0.307372	0.143672	84.3034
0.17	0.307372	0.146001	44.3251
0.17	0.307372	0.148252	18.1902
0.17	0.307372	0.150429	3.76486
0.17	0.307372	0.152538	0.332477
0.17	0.307372	0.154583	0
0.17	0.365212	0	0
0.17	0.365212	0.0176137	5.08703
0.17	0.365212	0.0315535	18.7026
0.17	0.365212	0.0430906	38.9087
0.17	0.365212	0.0529327	69.3358
0.17	0.365212	0.0615148	111.568
0.17	0.365212	0.069123	154.218
0.17	0.365212	0.0759562	198.915
0.17	0.365212	0.0821576	245.563
0.17	0.365212	0.0878343	290.35
0.17	0.365212	0.0930682	325.8
0.17	0.365212	0.0979235	340.969
0.17	0.365212	0.102451	334.376
0.17	0.365212	0.106693	317.305
0.17	0.365212	0.110682	293.579
0.17	0.365212	0.114447	268.847
0.17	0.365212	0.118013	314.493
0.17	0.365212	0.121399	265.682
0.17	0.365212	0.124622	235.911
0.17	0.365212	0.127697	224.987
0.17	0.365212	0.130638	216.986
0.17	0.365212	0.133455	258.754
0.17	0.365212	0.136159	198.641
0.17	0.365212	0.138758	144.559
0.17	0.365212	0.14126	128.043
0.17	0.365212	0.143672	96.8131
0.17	0.365212	0.146001	53.5516
0.17	0.365212	0.148252	24.3509
0.17	0.365212	0.150429	6.0841
0.17	0.365212	0.152538	0.352583
0.17	0.365212	0.154583	0
0.17	0.418124	0	0
0.17	0.418124	0.0176137	4.93185
0.17	0.418124	0.0315535	18.0914
0.17	0.418124	0.0430906	37.6134
0.17	0.418124	0.0529327	67.1987
0.17	0.418124	0.0615148	108.754
0.17	0.418124	0.069123	151.027
0.17	0.418124	0.0759562	196.748
0.17	0.418124	0.0821576	243.26
0.17	0.418124	0.0878343	288.673
0.17	0.418124	0.0930682	325.323
0.17	0.418124	0.0979235	344.28
0.17	0.418124	0.102451	340.144
0.17	0.418124	0.106693	323.429
0.17	0.418124	0.110682	299.426
0.17	0.418124	0.114447	272.863
0.17	0.418124	0.118013	314.025
0.17	0.418124	0.121399	264.115
0.17	0.418124	0.124622	231.295
0.17	0.418124	0.127697	217.885
0.17	0.418124	0.130638	208.578
0.17	0.418124	0.133455	251.107
0.17	0.418124	0.136159	195.052
0.17	0.418124	0.138758	146.419
0.17	0.418124	0.14126	135.653
0.17	0.418124	0.143672	108.98
0.17	0.418124	0.146001	63.6477
0.17	0.418124	0.148252	31.9382
0.17	0.418124	0.150429	9.78931
0.17	0.418124	0.152538	0.651482
0.17	0.418124	0.154583	0
0.17	0.466881	0	0
0.17	0.466881	0.0176137	4.78894
0.17	0.466881	0.0315535	17.5225
0.17	0.466881	0.0430906	36.4077
0.17	0.466881	0.0529327	65.1919
0.17	0.466881	0.0615148	106.099
0.17	0.466881	0.069123	147.89
0.17	0.466881	0.0759562	194.505
0.17	0.466881	0.0821576	241.087
0.17	0.466881	0.0878343	286.955
0.17	0.466881	0.0930682	324.432
0.17	0.466881	0.0979235	346.145
0.17	0.466881	0.102451	344.9
0.17	0.466881	0.106693	330.522
0.17	0.466881	0.110682	305.763
0.17	0.466881	0.114447	277.359
0.17	0.466881	0.118013	313.113
0.17	0.466881	0.121399	263.526
0.17	0.466881	0.124622	226.728
0.17	0.466881	0.127697	210.495
0.17	0.466881	0.130638	198.947
0.17	0.466881	0.133455	244.405
0.17	0.466881	0.136159	188.55
0.17	0.466881	0.138758	146.063
0.17	0.466881	0.14126	141.539
0.17	0.466881	0.143672	120.409
0.17	0.466881	0.146001	74.7953
0.17	0.466881	0.148252	40.2981
0.17	0.466881	0.150429	14.6667
0.17	0.466881	0.152538	1.55346
0.17	0.466881	0.154583	0
0.17	0.512089	0	0
0.17	0.512089	0.0176137	4.6568
0.17	0.512089	0.0315535	16.9888
0.17	0.512089	0.0430906	35.3113
0.17	0.512089	0.0529327	63.2963
0.17	0.512089	0.0615148	103.581
0.17	0.512089	0.069123	144.915
0.17	0.512089	0.0759562	192.19
0.17	0.512089	0.0821576	239.284
0.17	0.512089	0.0878343	285.47
0.17	0.512089	0.0930682	323.406
0.17	0.512089	0.0979235	346.98
0.17	0.512089	0.102451	349.214
0.17	0.512089	0.106693	338.098
0.17	0.512089	0.110682	312.606
0.17	0.512089	0.114447	282.618
0.17	0.512089	0.118013	311.569
0.17	0.512089	0.121399	263.744
0.17	0.512089	0.124622	223.562
0.17	0.512089	0.127697	204.1
0.17	0.512089	0.130638	191.325
0.17	0.512089	0.133455	236.437
0.17	0.512089	0.136159	180.801
0.17	0.512089	0.138758	142.973
0.17	0.512089	0.14126	145.393
0.17	0.512089	0.143672	130.052
0.17	0.512089	0.146001	85.9974
0.17	0.512089	0.148252	49.9461
0.17	0.512089	0.150429	20.7399
0.17	0.512089	0.152538	3.21807
0.17	0.512089	0.154583	0
0.17	0.55423	0	0
0.17	0.55423	0.0176137	4.53371
0.17	0.55423	0.0315535	16.486
0.17	0.55423	0.0430906	34.2744
0.17	0.55423	0.0529327	61.513
0.17	0.55423	0.0615148	101.215
0.17	0.55423	0.069123	141.989
0.17	0.55423	0.0759562	189.857
0.17	0.55423	0.0821576	237.461
0.17	0.55423	0.0878343	283.967
0.17	0.55423	0.0930682	322.176
0.17	0.55423	0.0979235	346.527
0.17	0.55423	0.102451	352.783
0.17	0.55423	0.106693	345.19
0.17	0.55423	0.110682	319.747
0.17	0.55423	0.114447	288.504
0.17	0.55423	0.118013	309.771
0.17	0.55423	0.121399	263.901
0.17	0.55423	0.124622	221.027
0.17	0.55423	0.127697	197.923
0.17	0.55423	0.130638	182.79
0.17	0.55423	0.133455	227.528
0.17	0.55423	0.136159	174.661
0.17	0.55423	0.138758	137.654
0.17	0.55423	0.14126	146.979
0.17	0.55423	0.143672	137.993
0.17	0.55423	0.146001	97.1283
0.17	0.55423	0.148252	60.6142
0.17	0.55423	0.150429	28.0229
0.17	0.55423	0.152538	5.48345
0.17	0.55423	0.154583	0
0.17	0.593693	0	0
0.17	0.593693	0.0176137	4.41814
0.17	0.593693	0.0315535	16.0126
0.17	0.593693	0.0430906	33.2963
0.17	0.593693	0.0529327	59.8702
0.17	0.593693	0.0615148	98.9733
0.17	0.593693	0.069123	139.111
0.17	0.593693	0.0759562	187.425
0.17	0.593693	0.0821576	235.768
0.17	0.593693	0.0878343	282.497
0.17	0.593693	0.0930682	320.861
0.17	0.593693	0.0979235	345.459
0.17	0.593693	0.102451	356.59
0.17	0.593693	0.106693	351.811
0.17	0.593693	0.110682	326.887
0.17	0.593693	0.114447	294.713
0.17	0.593693	0.118013	309.627
0.17	0.593693	0.121399	263.719
0.17	0.593693	0.124622	219.323
0.17	0.593693	0.127697	192.909
0.17	0.593693	0.130638	175.217
0.17	0.593693	0.133455	220.189
0.17	0.593693	0.136159	166.351
0.17	0.593693	0.138758	131.493
0.17	0.593693	0.14126	146.15
0.17	0.593693	0.143672	144.565
0.17	0.593693	0.146001	107.244
0.17	0.593693	0.148252	72.3779
0.17	0.593693	0.150429	36.4413
0.17	0.593693	0.152538	7.80679
0.17	0.593693	0.154583	0
0.17	0.630798	0	0
0.17	0.630798	0.0176137	4.3092
0.17	0.630798	0.0315535	15.5775
0.17	0.630798	0.0430906	32.4036
0.17	0.630798	0.0529327	58.2961
0.17	0.630798	0.0615148	96.8205
0.17	0.630798	0.069123	136.278
0.17	0.630798	0.0759562	184.907
0.17	0.630798	0.0821576	234.143
0.17	0.630798	0.0878343	281.118
0.17	0.630798	0.0930682	319.506
0.17	0.630798	0.0979235	344.147
0.17	0.630798	0.102451	359.18
0.17	0.630798	0.106693	357.633
0.17	0.630798	0.110682	333.839
0.17	0.630798	0.114447	301.047
0.17	0.630798	0.118013	310.875
0.17	0.630798	0.121399	263.589
0.17	0.630798	0.124622	218.879
0.17	0.630798	0.127697	188.976
0.17	0.630798	0.130638	167.381
0.17	0.630798	0.133455	211.662
0.17	0.630798	0.136159	157.234
0.17	0.630798	0.138758	126.76
0.17	0.630798	0.14126	142.452
0.17	0.630798	0.143672	148.761
0.17	0.630798	0.146001	115.658
0.17	0.630798	0.148252	84.7593
0.17	0.630798	0.150429	46.1274
0.17	0.630798	0.152538	10.4632
0.17	0.630798	0.154583	0
0.17	0.665812	0	0
0.17	0.665812	0.0176137	4.20613
0.17	0.665812	0.0315535	15.1636
0.17	0.665812	0.0430906	31.5516
0.17	0.665812	0.0529327	56.7871
0.17	0.665812	0.0615148	94.7899
0.17	0.665812	0.069123	133.594
0.17	0.665812	0.0759562	182.36
0.17	0.665812	0.0821576	232.413
0.17	0.665812	0.0878343	279.8
0.17	0.665812	0.0930682	318.171
0.17	0.665812	0.0979235	344.592
0.17	0.665812	0.102451	360.894
0.17	0.665812	0.106693	362.107
0.17	0.665812	0.110682	340.78
0.17	0.665812	0.114447	308.256
0.17	0.665812	0.118013	311.857
0.17	0.665812	0.121399	263.911
0.17	0.665812	0.124622	218.914
0.17	0.665812	0.127697	186.162
0.17	0.665812	0.130638	160.432
0.17	0.665812	0.133455	204.394
0.17	0.665812	0.136159	149.613
0.17	0.665812	0.138758	120.152
0.17	0.665812	0.14126	136.93
0.17	0.665812	0.143672	150.46
0.17	0.665812	0.146001	123.38
0.17	0.665812	0.148252	97.3168
0.17	0.665812	0.150429	57.0178
0.17	0.665812	0.152538	13.2658
0.17	0.665812	0.154583	0
0.17	0.698958	0	0
0.17	0.698958	0.0176137	4.10832
0.17	0.698958	0.0315535	14.7699
0.17	0.698958	0.0430906	30.7482
0.17	0.698958	0.0529327	55.4181
0.17	0.698958	0.0615148	92.8234
0.17	0.698958	0.069123	131.062
0.17	0.698958	0.0759562	179.944
0.17	0.698958	0.0821576	230.7
0.17	0.698958	0.0878343	278.515
0.17	0.698958	0.0930682	316.676
0.17	0.698958	0.0979235	344.885
0.17	0.698958	0.102451	362.038
0.17	0.698958	0.106693	365.538
0.17	0.698958	0.110682	347.035
0.17	0.698958	0.114447	316.004
0.17	0.698958	0.118013	313.015
0.17	0.698958	0.121399	265.04
0.17	0.698958	0.124622	219.301
0.17	0.698958	0.127697	184.712
0.17	0.698958	0.130638	154.666
0.17	0.698958	0.133455	197.386
0.17	0.698958	0.136159	140.326
0.17	0.698958	0.138758	113.055
0.17	0.698958	0.14126	131.795
0.17	0.698958	0.143672	149.052
0.17	0.698958	0.146001	129.488
0.17	0.698958	0.148252	109.392
0.17	0.698958	0.150429	69.6261
0.17	0.698958	0.152538	16.4726
0.17	0.698958	0.154583	0
0.17	0.730425	0	0
0.17	0.730425	0.0176137	4.01521
0.17	0.730425	0.0315535	14.4021
0.17	0.730425	0.0430906	29.9745
0.17	0.730425	0.0529327	54.1251
0.17	0.730425	0.0615148	90.9116
0.17	0.730425	0.069123	128.661
0.17	0.730425	0.0759562	177.481
0.17	0.730425	0.0821576	228.952
0.17	0.730425	0.0878343	277.176
0.17	0.730425	0.0930682	315.758
0.17	0.730425	0.0979235	344.852
0.17	0.730425	0.102451	362.504
0.17	0.730425	0.106693	367.921
0.17	0.730425	0.110682	352.363
0.17	0.730425	0.114447	323.647
0.17	0.730425	0.118013	314.458
0.17	0.730425	0.121399	266.496
0.17	0.730425	0.124622	220.352
0.17	0.730425	0.127697	183.953
0.17	0.730425	0.130638	149.976
0.17	0.730425	0.133455	191.383
0.17	0.730425	0.136159	132.144
0.17	0.730425	0.138758	106.495
0.17	0.730425	0.14126	124.845
0.17	0.730425	0.143672	144.264
0.17	0.730425	0.146001	133.39
0.17	0.730425	0.148252	120.305
0.17	0.730425	0.150429	83.141
0.17	0.730425	0.152538	20.0994
0.17	0.730425	0.154583	0
0.17	0.760374	0	0
0.17	0.760374	0.0176137	3.92638
0.17	0.760374	0.0315535	14.0628
0.17	0.760374	0.0430906	29.2335
0.17	0.760374	0.0529327	52.8757
0.17	0.760374	0.0615148	89.0388
0.17	0.760374	0.069123	126.328
0.17	0.760374	0.0759562	174.982
0.17	0.760374	0.0821576	227.161
0.17	0.760374	0.0878343	275.771
0.17	0.760374	0.0930682	315.303
0.17	0.760374	0.0979235	344.67
0.17	0.760374	0.102451	362.578
0.17	0.760374	0.106693	369.488
0.17	0.760374	0.110682	358.137
0.17	0.760374	0.114447	330.702
0.17	0.760374	0.118013	315.768
0.17	0.760374	0.121399	268.464
0.17	0.760374	0.124622	221.553
0.17	0.760374	0.127697	183.341
0.17	0.760374	0.130638	146.557
0.17	0.760374	0.133455	186.091
0.17	0.760374	0.136159	124.201
0.17	0.760374	0.138758	99.092
0.17	0.760374	0.14126	118.031
0.17	0.760374	0.143672	138.24
0.17	0.760374	0.146001	134.548
0.17	0.760374	0.148252	130.993
0.17	0.760374	0.150429	97.462
0.17	0.760374	0.152538	24.0603
0.17	0.760374	0.154583	0
0.17	0.788947	0	0
0.17	0.788947	0.0176137	3.84143
0.17	0.788947	0.0315535	13.7387
0.17	0.788947	0.0430906	28.5142
0.17	0.788947	0.0529327	51.6677
0.17	0.788947	0.0615148	87.1975
0.17	0.788947	0.069123	124.208
0.17	0.788947	0.0759562	172.467
0.17	0.788947	0.0821576	225.31
0.17	0.788947	0.0878343	274.318
0.17	0.788947	0.0930682	314.858
0.17	0.788947	0.0979235	344.251
0.17	0.788947	0.102451	362.783
0.17	0.788947	0.106693	370.667
0.17	0.788947	0.110682	362.698
0.17	0.788947	0.114447	336.952
0.17	0.788947	0.118013	318.394
0.17	0.788947	0.121399	271.295
0.17	0.788947	0.124622	222.394
0.17	0.788947	0.127697	182.765
0.17	0.788947	0.130638	144.565
0.17	0.788947	0.133455	180.915
0.17	0.788947	0.136159	116.873
0.17	0.788947	0.138758	91.8205
0.17	0.788947	0.14126	110.313
0.17	0.788947	0.143672	130.74
0.17	0.788947	0.146001	131.59
0.17	0.788947	0.148252	140.267
0.17	0.788947	0.150429	112.077
0.17	0.788947	0.152538	28.5219
0.17	0.788947	0.154583	0
0.17	0.816262	0	0
0.17	0.816262	0.0176137	3.76002
0.17	0.816262	0.0315535	13.4258
0.17	0.816262	0.0430906	27.8137
0.17	0.816262	0.0529327	50.498
0.17	0.816262	0.0615148	85.378
0.17	0.816262	0.069123	122.165
0.17	0.816262	0.0759562	169.931
0.17	0.816262	0.0821576	223.331
0.17	0.816262	0.0878343	273.66
0.17	0.816262	0.0930682	314.336
0.17	0.816262	0.0979235	343.697
0.17	0.816262	0.102451	362.824
0.17	0.816262	0.106693	372.322
0.17	0.816262	0.110682	366.097
0.17	0.816262	0.114447	342.271
0.17	0.816262	0.118013	320.922
0.17	0.816262	0.121399	273.851
0.17	0.816262	0.124622	224.095
0.17	0.816262	0.127697	182.114
0.17	0.816262	0.130638	143.135
0.17	0.816262	0.133455	175.83
0.17	0.816262	0.136159	110.13
0.17	0.816262	0.138758	84.8885
0.17	0.816262	0.14126	101.894
0.17	0.816262	0.143672	123.848
0.17	0.816262	0.146001	126.071
0.17	0.816262	0.148252	147.47
0.17	0.816262	0.150429	126.199
0.17	0.816262	0.152538	33.6958
0.17	0.816262	0.154583	0
0.17	0.842428	0	0
0.17	0.842428	0.0176137	3.68183
0.17	0.842428	0.0315535	13.123
0.17	0.842428	0.0430906	27.13
0.17	0.842428	0.0529327	49.3639
0.17	0.842428	0.0615148	83.6041
0.17	0.842428	0.069123	120.119
0.17	0.842428	0.0759562	167.682
0.17	0.842428	0.0821576	221.373
0.17	0.842428	0.0878343	272.618
0.17	0.842428	0.0930682	313.8
0.17	0.842428	0.0979235	342.954
0.17	0.842428	0.102451	362.649
0.17	0.842428	0.106693	374.048
0.17	0.842428	0.110682	368.643
0.17	0.842428	0.114447	346.661
0.17	0.842428	0.118013	322.42
0.17	0.842428	0.121399	277.614
0.17	0.842428	0.124622	225.983
0.17	0.842428	0.127697	181.455
0.17	0.842428	0.130638	141.416
0.17	0.842428	0.133455	171.343
0.17	0.842428	0.136159	104.088
0.17	0.842428	0.138758	78.2686
0.17	0.842428	0.14126	93.3035
0.17	0.842428	0.143672	114.472
0.17	0.842428	0.146001	119.113
0.17	0.842428	0.148252	150.856
0.17	0.842428	0.150429	140.563
0.17	0.842428	0.152538	39.5752
0.17	0.842428	0.154583	0
0.17	0.867536	0	0
0.17	0.867536	0.0176137	3.60659
0.17	0.867536	0.0315535	12.8324
0.17	0.867536	0.0430906	26.4651
0.17	0.867536	0.0529327	48.2586
0.17	0.867536	0.0615148	82.0432
0.17	0.867536	0.069123	118.126
0.17	0.867536	0.0759562	165.417
0.17	0.867536	0.0821576	219.681
0.17	0.867536	0.0878343	271.232
0.17	0.867536	0.0930682	312.991
0.17	0.867536	0.0979235	342.265
0.17	0.867536	0.102451	362.425
0.17	0.867536	0.106693	375.309
0.17	0.867536	0.110682	370.351
0.17	0.867536	0.114447	350.486
0.17	0.867536	0.118013	324.167
0.17	0.867536	0.121399	280.79
0.17	0.867536	0.124622	228.173
0.17	0.867536	0.127697	181.575
0.17	0.867536	0.130638	139.17
0.17	0.867536	0.133455	164.742
0.17	0.867536	0.136159	98.9121
0.17	0.867536	0.138758	72.0338
0.17	0.867536	0.14126	84.0405
0.17	0.867536	0.143672	104.543
0.17	0.867536	0.146001	113.088
0.17	0.867536	0.148252	149.536
0.17	0.867536	0.150429	155.038
0.17	0.867536	0.152538	45.7793
0.17	0.867536	0.154583	0
0.17	0.891668	0	0
0.17	0.891668	0.0176137	3.53417
0.17	0.891668	0.0315535	12.5509
0.17	0.891668	0.0430906	25.8108
0.17	0.891668	0.0529327	47.1667
0.17	0.891668	0.0615148	80.5065
0.17	0.891668	0.069123	116.151
0.17	0.891668	0.0759562	163.22
0.17	0.891668	0.0821576	218.281
0.17	0.891668	0.0878343	269.651
0.17	0.891668	0.0930682	311.93
0.17	0.891668	0.0979235	341.811
0.17	0.891668	0.102451	363.395
0.17	0.891668	0.106693	376.225
0.17	0.891668	0.110682	371.405
0.17	0.891668	0.114447	353.507
0.17	0.891668	0.118013	326.018
0.17	0.891668	0.121399	283.821
0.17	0.891668	0.124622	231.03
0.17	0.891668	0.127697	181.708
0.17	0.891668	0.130638	137.782
0.17	0.891668	0.133455	158.52
0.17	0.891668	0.136159	94.2639
0.17	0.891668	0.138758	65.826
0.17	0.891668	0.14126	75.1888
0.17	0.891668	0.143672	93.0567
0.17	0.891668	0.146001	103.383
0.17	0.891668	0.148252	144.542
0.17	0.891668	0.150429	168.126
0.17	0.891668	0.152538	51.9385
0.17	0.891668	0.154583	0
0.17	0.914898	0	0
0.17	0.914898	0.0176137	3.4646
0.17	0.914898	0.0315535	12.2764
0.17	0.914898	0.0430906	25.1652
0.17	0.914898	0.0529327	46.0903
0.17	0.914898	0.0615148	79.0021
0.17	0.914898	0.069123	114.19
0.17	0.914898	0.0759562	161.025
0.17	0.914898	0.0821576	216.697
0.17	0.914898	0.0878343	268.135
0.17	0.914898	0.0930682	310.579
0.17	0.914898	0.0979235	341.137
0.17	0.914898	0.102451	364.34
0.17	0.914898	0.106693	376.975
0.17	0.914898	0.110682	372.515
0.17	0.914898	0.114447	355.36
0.17	0.914898	0.118013	327.028
0.17	0.914898	0.121399	286.844
0.17	0.914898	0.124622	234.027
0.17	0.914898	0.127697	182.946
0.17	0.914898	0.130638	136.296
0.17	0.914898	0.133455	154.377
0.17	0.914898	0.136159	89.7207
0.17	0.914898	0.138758	60.7594
0.17	0.914898	0.14126	66.4468
0.17	0.914898	0.143672	78.522
0.17	0.914898	0.146001	92.9295
0.17	0.914898	0.148252	134.684
0.17	0.914898	0.150429	176.786
0.17	0.914898	0.152538	57.9723
0.17	0.914898	0.154583	0
0.17	0.937291	0	0
0.17	0.937291	0.0176137	3.39725
0.17	0.937291	0.0315535	12.0103
0.17	0.937291	0.0430906	24.5176
0.17	0.937291	0.0529327	45.0675
0.17	0.937291	0.0615148	77.49
0.17	0.937291	0.069123	112.469
0.17	0.937291	0.0759562	159.363
0.17	0.937291	0.0821576	214.96
0.17	0.937291	0.0878343	266.463
0.17	0.937291	0.0930682	309.161
0.17	0.937291	0.0979235	341.246
0.17	0.937291	0.102451	364.922
0.17	0.937291	0.106693	377.496
0.17	0.937291	0.110682	373.85
0.17	0.937291	0.114447	356.893
0.17	0.937291	0.118013	328.472
0.17	0.937291	0.121399	289.362
0.17	0.937291	0.124622	237.471
0.17	0.937291	0.127697	184.512
0.17	0.937291	0.130638	135.945
0.17	0.937291	0.133455	147.282
0.17	0.937291	0.136159	84.466
0.17	0.937291	0.138758	56.8462
0.17	0.937291	0.14126	57.6323
0.17	0.937291	0.143672	65.0681
0.17	0.937291	0.146001	78.5717
0.17	0.937291	0.148252	127.618
0.17	0.937291	0.150429	181.468
0.17	0.937291	0.152538	64.9631
0.17	0.937291	0.154583	0
0.17	0.958905	0	0
0.17	0.958905	0.0176137	3.33185
0.17	0.958905	0.0315535	11.7705
0.17	0.958905	0.0430906	23.9149
0.17	0.958905	0.0529327	44.0632
0.17	0.958905	0.0615148	75.9771
0.17	0.958905	0.069123	110.728
0.17	0.958905	0.0759562	157.925
0.17	0.958905	0.0821576	213.104
0.17	0.958905	0.0878343	264.411
0.17	0.958905	0.0930682	307.588
0.17	0.958905	0.0979235	341.36
0.17	0.958905	0.102451	365.328
0.17	0.958905	0.106693	378.175
0.17	0.958905	0.110682	374.935
0.17	0.958905	0.114447	357.912
0.17	0.958905	0.118013	329.992
0.17	0.958905	0.121399	291.978
0.17	0.958905	0.124622	240.73
0.17	0.958905	0.127697	187.045
0.17	0.958905	0.130638	136.288
0.17	0.958905	0.133455	139.982
0.17	0.958905	0.136159	77.4276
0.17	0.958905	0.138758	51.5927
0.17	0.958905	0.14126	50.5992
0.17	0.958905	0.143672	49.3559
0.17	0.958905	0.146001	58.6769
0.17	0.958905	0.148252	114.482
0.17	0.958905	0.150429	177.048
0.17	0.958905	0.152538	72.902
0.17	0.958905	0.154583	0
0.17	0.979792	0	0
0.17	0.979792	0.0176137	3.26801
0.17	0.979792	0.0315535	11.5478
0.17	0.979792	0.0430906	23.3539
0.17	0.979792	0.0529327	43.0223
0.17	0.979792	0.0615148	74.5091
0.17	0.979792	0.069123	109.436
0.17	0.979792	0.0759562	156.406
0.17	0.979792	0.0821576	210.853
0.17	0.979792	0.0878343	262.473
0.17	0.979792	0.0930682	306.263
0.17	0.979792	0.0979235	340.823
0.17	0.979792	0.102451	365.451
0.17	0.979792	0.106693	379.11
0.17	0.979792	0.110682	375.885
0.17	0.979792	0.114447	358.422
0.17	0.979792	0.118013	330.671
0.17	0.979792	0.121399	294.018
0.17	0.979792	0.124622	243.998
0.17	0.979792	0.127697	190.008
0.17	0.979792	0.130638	138.021
0.17	0.979792	0.133455	129.023
0.17	0.979792	0.136159	70.4135
0.17	0.979792	0.138758	43.9957
0.17	0.979792	0.14126	43.9904
0.17	0.979792	0.143672	36.6483
0.17	0.979792	0.146001	34.9683
0.17	0.979792	0.148252	87.6793
0.17	0.979792	0.150429	169.668
0.17	0.979792	0.152538	77.777
0.17	0.979792	0.154583	0
0.17	1	0	0
0.17	1	0.0176137	3.20568
0.17	1	0.0315535	11.332
0.17	1	0.0430906	22.8363
0.17	1	0.0529327	41.6725
0.17	1	0.0615148	73.1596
0.17	1	0.069123	108.44
0.17	1	0.0759562	154.762
0.17	1	0.0821576	208.25
0.17	1	0.0878343	260.98
0.17	1	0.0930682	305.237
0.17	1	0.0979235	339.057
0.17	1	0.102451	366.154
0.17	1	0.106693	380.393
0.17	1	0.110682	376.065
0.17	1	0.114447	358.384
0.17	1	0.118013	330.594
0.17	1	0.121399	294.405
0.17	1	0.124622	245.669
0.17	1	0.127697	192.812
0.17	1	0.130638	140.556
0.17	1	0.133455	119.732
0.17	1	0.136159	63.0202
0.17	1	0.138758	35.2912
0.17	1	0.14126	32.8135
0.17	1	0.143672	27.7152
0.17	1	0.146001	14.0589
0.17	1	0.148252	41.9903
0.17	1	0.150429	160.766
0.17	1	0.152538	82.6256
0.17	1	0.154583	0
