0.1525	-1	0	0
0.1525	-1	0.0157366	2.32474
0.1525	-1	0.0281908	7.79938
0.1525	-1	0.0384984	14.7137
0.1525	-1	0.0472917	20.8306
0.1525	-1	0.0549591	27.2528
0.1525	-1	0.0617565	29.9736
0.1525	-1	0.0678615	32.3442
0.1525	-1	0.073402	32.9188
0.1525	-1	0.0784738	32.5417
0.1525	-1	0.0831499	31.9454
0.1525	-1	0.0874877	29.0347
0.1525	-1	0.0915328	30.1566
0.1525	-1	0.0953223	32.3293
0.1525	-1	0.0988865	33.7864
0.1525	-1	0.102251	29.4879
0.1525	-1	0.105436	24.7138
0.1525	-1	0.108461	19.8136
0.1525	-1	0.111341	15.4564
0.1525	-1	0.114088	14.1411
0.1525	-1	0.116716	9.12214
0.1525	-1	0.119233	7.59659
0.1525	-1	0.121648	6.26444
0.1525	-1	0.12397	3.70943
0.1525	-1	0.126206	2.35217
0.1525	-1	0.128361	1.34432
0.1525	-1	0.130442	0.686951
0.1525	-1	0.132452	0.289243
0.1525	-1	0.134398	0.0799194
0.1525	-1	0.136282	0.00734997
0.1525	-1	0.138109	0
0.1525	-0.634788	0	0
0.1525	-0.634788	0.0157366	2.34992
0.1525	-0.634788	0.0281908	8.01356
0.1525	-0.634788	0.0384984	16.0177
0.1525	-0.634788	0.0472917	23.3146
0.1525	-0.634788	0.0549591	31.9803
0.1525	-0.634788	0.0617565	37.5452
0.1525	-0.634788	0.0678615	40.535
0.1525	-0.634788	0.073402	41.2519
0.1525	-0.634788	0.0784738	40.1525
0.1525	-0.634788	0.0831499	39.683
0.1525	-0.634788	0.0874877	36.2977
0.1525	-0.634788	0.0915328	36.1334
0.1525	-0.634788	0.0953223	37.7804
0.1525	-0.634788	0.0988865	40.9209
0.1525	-0.634788	0.102251	37.3162
0.1525	-0.634788	0.105436	32.5713
0.1525	-0.634788	0.108461	27.1957
0.1525	-0.634788	0.111341	22.2965
0.1525	-0.634788	0.114088	20.8892
0.1525	-0.634788	0.116716	14.0694
0.1525	-0.634788	0.119233	13.0268
0.1525	-0.634788	0.121648	10.7922
0.1525	-0.634788	0.12397	6.56117
0.1525	-0.634788	0.126206	4.19321
0.1525	-0.634788	0.128361	2.57969
0.1525	-0.634788	0.130442	1.22631
0.1525	-0.634788	0.132452	0.460364
0.1525	-0.634788	0.134398	0.119242
0.1525	-0.634788	0.136282	0.0107606
0.1525	-0.634788	0.138109	0
0.1525	-0.406307	0	0
0.1525	-0.406307	0.0157366	2.35496
0.1525	-0.406307	0.0281908	8.13093
0.1525	-0.406307	0.0384984	16.7128
0.1525	-0.406307	0.0472917	25.029
0.1525	-0.406307	0.0549591	35.0649
0.1525	-0.406307	0.0617565	43.012
0.1525	-0.406307	0.0678615	47.4534
0.1525	-0.406307	0.073402	48.0221
0.1525	-0.406307	0.0784738	47.1968
0.1525	-0.406307	0.0831499	46.7837
0.1525	-0.406307	0.0874877	42.8104
0.1525	-0.406307	0.0915328	41.9565
0.1525	-0.406307	0.0953223	42.6228
0.1525	-0.406307	0.0988865	45.9215
0.1525	-0.406307	0.102251	42.3198
0.1525	-0.406307	0.105436	37.9244
0.1525	-0.406307	0.108461	32.9801
0.1525	-0.406307	0.111341	27.777
0.1525	-0.406307	0.114088	26.7315
0.1525	-0.406307	0.116716	18.9157
0.1525	-0.406307	0.119233	18.8866
0.1525	-0.406307	0.121648	16.0285
0.1525	-0.406307	0.12397	9.86361
0.1525	-0.406307	0.126206	6.43986
0.1525	-0.406307	0.128361	4.47026
0.1525	-0.406307	0.130442	2.29909
0.1525	-0.406307	0.132452	0.917537
0.1525	-0.406307	0.134398	0.222025
0.1525	-0.406307	0.136282	0.0169975
0.1525	-0.406307	0.138109	0
0.1525	-0.239626	0	0
0.1525	-0.239626	0.0157366	2.3571
0.1525	-0.239626	0.0281908	8.24305
0.1525	-0.239626	0.0384984	17.1929
0.1525	-0.239626	0.0472917	26.2952
0.1525	-0.239626	0.0549591	37.3466
0.1525	-0.239626	0.0617565	46.8648
0.1525	-0.239626	0.0678615	53.358
0.1525	-0.239626	0.073402	54.8039
0.1525	-0.239626	0.0784738	53.4685
0.1525	-0.239626	0.0831499	52.9448
0.1525	-0.239626	0.0874877	48.7519
0.1525	-0.239626	0.0915328	47.2598
0.1525	-0.239626	0.0953223	47.3544
0.1525	-0.239626	0.0988865	50.2709
0.1525	-0.239626	0.102251	46.1307
0.1525	-0.239626	0.105436	42.4166
0.1525	-0.239626	0.108461	37.2312
0.1525	-0.239626	0.111341	32.255
0.1525	-0.239626	0.114088	31.8472
0.1525	-0.239626	0.116716	23.4351
0.1525	-0.239626	0.119233	24.897
0.1525	-0.239626	0.121648	21.7427
0.1525	-0.239626	0.12397	13.7725
0.1525	-0.239626	0.126206	8.93311
0.1525	-0.239626	0.128361	6.74002
0.1525	-0.239626	0.130442	3.76082
0.1525	-0.239626	0.132452	1.74073
0.1525	-0.239626	0.134398	0.483455
0.1525	-0.239626	0.136282	0.0520645
0.1525	-0.239626	0.138109	0
0.1525	-0.108332	0	0
0.1525	-0.108332	0.0157366	2.35832
0.1525	-0.108332	0.0281908	8.32711
0.1525	-0.108332	0.0384984	17.5391
0.1525	-0.108332	0.0472917	27.2359
0.1525	-0.108332	0.0549591	39.1499
0.1525	-0.108332	0.0617565	49.8844
0.1525	-0.108332	0.0678615	58.1744
0.1525	-0.108332	0.073402	60.9603
0.1525	-0.108332	0.0784738	59.6373
0.1525	-0.108332	0.0831499	58.8722
0.1525	-0.108332	0.0874877	54.4029
0.1525	-0.108332	0.0915328	52.0658
0.1525	-0.108332	0.0953223	51.5488
0.1525	-0.108332	0.0988865	54.7994
0.1525	-0.108332	0.102251	49.8973
0.1525	-0.108332	0.105436	45.7793
0.1525	-0.108332	0.108461	41.019
0.1525	-0.108332	0.111341	35.8874
0.1525	-0.108332	0.114088	36.4068
0.1525	-0.108332	0.116716	27.4199
0.1525	-0.108332	0.119233	30.6627
0.1525	-0.108332	0.121648	27.8211
0.1525	-0.108332	0.12397	18.1733
0.1525	-0.108332	0.126206	11.9981
0.1525	-0.108332	0.128361	9.35292
0.1525	-0.108332	0.130442	5.55507
0.1525	-0.108332	0.132452	2.86392
0.1525	-0.108332	0.134398	0.884701
0.1525	-0.108332	0.136282	0.115289
0.1525	-0.108332	0.138109	0
0.1525	-2e-20	0	0
0.1525	-2e-20	0.0157366	2.35795
0.1525	-2e-20	0.0281908	8.38728
0.1525	-2e-20	0.0384984	17.7933
0.1525	-2e-20	0.0472917	27.9607
0.1525	-2e-20	0.0549591	40.6526
0.1525	-2e-20	0.0617565	52.3052
0.1525	-2e-20	0.0678615	62.2421
0.1525	-2e-20	0.073402	66.5164
0.1525	-2e-20	0.0784738	65.6222
0.1525	-2e-20	0.0831499	64.8158
0.1525	-2e-20	0.0874877	59.6961
0.1525	-2e-20	0.0915328	56.7805
0.1525	-2e-20	0.0953223	55.4166
0.1525	-2e-20	0.0988865	58.9289
0.1525	-2e-20	0.102251	53.9741
0.1525	-2e-20	0.105436	48.9069
0.1525	-2e-20	0.108461	43.8076
0.1525	-2e-20	0.111341	39.1137
0.1525	-2e-20	0.114088	40.5532
0.1525	-2e-20	0.116716	30.9884
0.1525	-2e-20	0.119233	36.0993
0.1525	-2e-20	0.121648	33.7638
0.1525	-2e-20	0.12397	22.9989
0.1525	-2e-20	0.126206	15.6238
0.1525	-2e-20	0.128361	12.546
0.1525	-2e-20	0.130442	7.69217
0.1525	-2e-20	0.132452	4.22596
0.1525	-2e-20	0.134398	1.36038
0.1525	-2e-20	0.136282	0.183838
0.1525	-2e-20	0.138109	0
0.1525	0.0922185	0	0
0.1525	0.0922185	0.0157366	2.35663
0.1525	0.0922185	0.0281908	8.43153
0.1525	0.0922185	0.0384984	18.0035
0.1525	0.0922185	0.0472917	28.5431
0.1525	0.0922185	0.0549591	41.964
0.1525	0.0922185	0.0617565	54.3516
0.1525	0.0922185	0.0678615	65.6362
0.1525	0.0922185	0.073402	71.5552
0.1525	0.0922185	0.0784738	71.3317
0.1525	0.0922185	0.0831499	70.4393
0.1525	0.0922185	0.0874877	64.9356
0.1525	0.0922185	0.0915328	61.4869
0.1525	0.0922185	0.0953223	59.5028
0.1525	0.0922185	0.0988865	63.0637
0.1525	0.0922185	0.102251	57.4695
0.1525	0.0922185	0.105436	52.2513
0.1525	0.0922185	0.108461	46.7317
0.1525	0.0922185	0.111341	41.8915
0.1525	0.0922185	0.114088	43.9728
0.1525	0.0922185	0.116716	34.3047
0.1525	0.0922185	0.119233	41.0298
0.1525	0.0922185	0.121648	39.614
0.1525	0.0922185	0.12397	27.9375
0.1525	0.0922185	0.126206	19.5846
0.1525	0.0922185	0.128361	16.3662
0.1525	0.0922185	0.130442	10.1361
0.1525	0.0922185	0.132452	5.7791
0.1525	0.0922185	0.134398	1.90332
0.1525	0.0922185	0.136282	0.266673
0.1525	0.0922185	0.138109	0
0.1525	0.172502	0	0
0.1525	0.172502	0.0157366	2.3547
0.1525	0.172502	0.0281908	8.46695
0.1525	0.172502	0.0384984	18.1955
0.1525	0.172502	0.0472917	29.0225
0.1525	0.172502	0.0549591	43.1383
0.1525	0.172502	0.0617565	56.1775
0.1525	0.172502	0.0678615	68.4626
0.1525	0.172502	0.073402	76.1024
0.1525	0.172502	0.0784738	76.6833
0.1525	0.172502	0.0831499	75.7142
0.1525	0.172502	0.0874877	70.1012
0.1525	0.172502	0.0915328	66.4165
0.1525	0.172502	0.0953223	63.7257
0.1525	0.172502	0.0988865	66.5062
0.1525	0.172502	0.102251	60.9619
0.1525	0.172502	0.105436	55.5893
0.1525	0.172502	0.108461	49.5518
0.1525	0.172502	0.111341	44.1157
0.1525	0.172502	0.114088	47.3221
0.1525	0.172502	0.116716	37.1176
0.1525	0.172502	0.119233	45.5192
0.1525	0.172502	0.121648	44.9215
0.1525	0.172502	0.12397	32.876
0.1525	0.172502	0.126206	23.9411
0.1525	0.172502	0.128361	20.539
0.1525	0.172502	0.130442	13.137
0.1525	0.172502	0.132452	7.49571
0.1525	0.172502	0.134398	2.48993
0.1525	0.172502	0.136282	0.349878
0.1525	0.172502	0.138109	0
0.1525	0.243589	0	0
0.1525	0.243589	0.0157366	2.35238
0.1525	0.243589	0.0281908	8.49434
0.1525	0.243589	0.0384984	18.3495
0.1525	0.243589	0.0472917	29.4129
0.1525	0.243589	0.0549591	44.2032
0.1525	0.243589	0.0617565	57.7793
0.1525	0.243589	0.0678615	71.043
0.1525	0.243589	0.073402	80.0198
0.1525	0.243589	0.0784738	81.6959
0.1525	0.243589	0.0831499	80.7868
0.1525	0.243589	0.0874877	75.3023
0.1525	0.243589	0.0915328	71.607
0.1525	0.243589	0.0953223	67.9554
0.1525	0.243589	0.0988865	70.1513
0.1525	0.243589	0.102251	64.2024
0.1525	0.243589	0.105436	58.4937
0.1525	0.243589	0.108461	52.5104
0.1525	0.243589	0.111341	46.6968
0.1525	0.243589	0.114088	50.0559
0.1525	0.243589	0.116716	39.3183
0.1525	0.243589	0.119233	49.579
0.1525	0.243589	0.121648	49.787
0.1525	0.243589	0.12397	37.634
0.1525	0.243589	0.126206	28.336
0.1525	0.243589	0.128361	25.1729
0.1525	0.243589	0.130442	16.7
0.1525	0.243589	0.132452	9.3134
0.1525	0.243589	0.134398	3.13708
0.1525	0.243589	0.136282	0.448092
0.1525	0.243589	0.138109	0
0.1525	0.307372	0	0
0.1525	0.307372	0.0157366	2.34979
0.1525	0.307372	0.0281908	8.51486
0.1525	0.307372	0.0384984	18.4792
0.1525	0.307372	0.0472917	29.7341
0.1525	0.307372	0.0549591	45.1432
0.1525	0.307372	0.0617565	59.2044
0.1525	0.307372	0.0678615	73.3095
0.1525	0.307372	0.073402	83.3942
0.1525	0.307372	0.0784738	86.2995
0.1525	0.307372	0.0831499	85.9564
0.1525	0.307372	0.0874877	80.6332
0.1525	0.307372	0.0915328	76.6936
0.1525	0.307372	0.0953223	72.3672
0.1525	0.307372	0.0988865	73.735
0.1525	0.307372	0.102251	67.0329
0.1525	0.307372	0.105436	61.6799
0.1525	0.307372	0.108461	55.4455
0.1525	0.307372	0.111341	49.3115
0.1525	0.307372	0.114088	52.6432
0.1525	0.307372	0.116716	41.3814
0.1525	0.307372	0.119233	52.982
0.1525	0.307372	0.121648	54.38
0.1525	0.307372	0.12397	41.9057
0.1525	0.307372	0.126206	32.7345
0.1525	0.307372	0.128361	30.1813
0.1525	0.307372	0.130442	20.6334
0.1525	0.307372	0.132452	11.5217
0.1525	0.307372	0.134398	3.8113
0.1525	0.307372	0.136282	0.552791
0.1525	0.307372	0.138109	0
0.1525	0.365212	0	0
0.1525	0.365212	0.0157366	2.34697
0.1525	0.365212	0.0281908	8.52988
0.1525	0.365212	0.0384984	18.5938
0.1525	0.365212	0.0472917	30.0287
0.1525	0.365212	0.0549591	45.9817
0.1525	0.365212	0.0617565	60.5662
0.1525	0.365212	0.0678615	75.313
0.1525	0.365212	0.073402	86.3065
0.1525	0.365212	0.0784738	90.4669
0.1525	0.365212	0.0831499	91.0058
0.1525	0.365212	0.0874877	85.9125
0.1525	0.365212	0.0915328	81.6864
0.1525	0.365212	0.0953223	76.9137
0.1525	0.365212	0.0988865	77.2307
0.1525	0.365212	0.102251	70.0925
0.1525	0.365212	0.105436	64.5974
0.1525	0.365212	0.108461	58.3738
0.1525	0.365212	0.111341	51.9549
0.1525	0.365212	0.114088	55.3785
0.1525	0.365212	0.116716	42.857
0.1525	0.365212	0.119233	55.6611
0.1525	0.365212	0.121648	58.4679
0.1525	0.365212	0.12397	45.7384
0.1525	0.365212	0.126206	36.9888
0.1525	0.365212	0.128361	35.3465
0.1525	0.365212	0.130442	25.002
0.1525	0.365212	0.132452	14.13
0.1525	0.365212	0.134398	4.48309
0.1525	0.365212	0.136282	0.659354
0.1525	0.365212	0.138109	0
0.1525	0.418124	0	0
0.1525	0.418124	0.0157366	2.34402
0.1525	0.418124	0.0281908	8.5416
0.1525	0.418124	0.0384984	18.6942
0.1525	0.418124	0.0472917	30.277
0.1525	0.418124	0.0549591	46.7477
0.1525	0.418124	0.0617565	61.8246
0.1525	0.418124	0.0678615	77.0865
0.1525	0.418124	0.073402	88.873
0.1525	0.418124	0.0784738	94.4777
0.1525	0.418124	0.0831499	96.0436
0.1525	0.418124	0.0874877	91.1332
0.1525	0.418124	0.0915328	86.6699
0.1525	0.418124	0.0953223	81.4993
0.1525	0.418124	0.0988865	80.9664
0.1525	0.418124	0.102251	73.2027
0.1525	0.418124	0.105436	67.1124
0.1525	0.418124	0.108461	61.3057
0.1525	0.418124	0.111341	54.6445
0.1525	0.418124	0.114088	58.1363
0.1525	0.418124	0.116716	44.3401
0.1525	0.418124	0.119233	57.8793
0.1525	0.418124	0.121648	61.8836
0.1525	0.418124	0.12397	49.4382
0.1525	0.418124	0.126206	40.8577
0.1525	0.418124	0.128361	40.6248
0.1525	0.418124	0.130442	29.7972
0.1525	0.418124	0.132452	17.0011
0.1525	0.418124	0.134398	5.1919
0.1525	0.418124	0.136282	0.760987
0.1525	0.418124	0.138109	0
0.1525	0.466881	0	0
0.1525	0.466881	0.0157366	2.34103
0.1525	0.466881	0.0281908	8.55
0.1525	0.466881	0.0384984	18.7815
0.1525	0.466881	0.0472917	30.4876
0.1525	0.466881	0.0549591	47.4361
0.1525	0.466881	0.0617565	62.9951
0.1525	0.466881	0.0678615	78.7052
0.1525	0.466881	0.073402	91.1591
0.1525	0.466881	0.0784738	98.2071
0.1525	0.466881	0.0831499	100.925
0.1525	0.466881	0.0874877	96.3045
0.1525	0.466881	0.0915328	91.6025
0.1525	0.466881	0.0953223	86.0992
0.1525	0.466881	0.0988865	84.9261
0.1525	0.466881	0.102251	76.3319
0.1525	0.466881	0.105436	69.9632
0.1525	0.466881	0.108461	64.0842
0.1525	0.466881	0.111341	57.1987
0.1525	0.466881	0.114088	60.8184
0.1525	0.466881	0.116716	45.9412
0.1525	0.466881	0.119233	59.257
0.1525	0.466881	0.121648	64.5494
0.1525	0.466881	0.12397	52.8301
0.1525	0.466881	0.126206	44.244
0.1525	0.466881	0.128361	45.8614
0.1525	0.466881	0.130442	34.8706
0.1525	0.466881	0.132452	20.2349
0.1525	0.466881	0.134398	6.1596
0.1525	0.466881	0.136282	0.842775
0.1525	0.466881	0.138109	0
0.1525	0.512089	0	0
0.1525	0.512089	0.0157366	2.33791
0.1525	0.512089	0.0281908	8.55779
0.1525	0.512089	0.0384984	18.8593
0.1525	0.512089	0.0472917	30.6832
0.1525	0.512089	0.0549591	48.0754
0.1525	0.512089	0.0617565	64.0832
0.1525	0.512089	0.0678615	80.1881
0.1525	0.512089	0.073402	93.3148
0.1525	0.512089	0.0784738	101.554
0.1525	0.512089	0.0831499	105.437
0.1525	0.512089	0.0874877	101.398
0.1525	0.512089	0.0915328	96.5458
0.1525	0.512089	0.0953223	90.7724
0.1525	0.512089	0.0988865	88.7979
0.1525	0.512089	0.102251	79.6288
0.1525	0.512089	0.105436	72.9242
0.1525	0.512089	0.108461	66.54
0.1525	0.512089	0.111341	59.5153
0.1525	0.512089	0.114088	63.8419
0.1525	0.512089	0.116716	47.5576
0.1525	0.512089	0.119233	60.1148
0.1525	0.512089	0.121648	66.5776
0.1525	0.512089	0.12397	55.3646
0.1525	0.512089	0.126206	47.531
0.1525	0.512089	0.128361	50.925
0.1525	0.512089	0.130442	40.1312
0.1525	0.512089	0.132452	23.7987
0.1525	0.512089	0.134398	7.53931
0.1525	0.512089	0.136282	0.916002
0.1525	0.512089	0.138109	0
0.1525	0.55423	0	0
0.1525	0.55423	0.0157366	2.33468
0.1525	0.55423	0.0281908	8.56397
0.1525	0.55423	0.0384984	18.928
0.1525	0.55423	0.0472917	30.8827
0.1525	0.55423	0.0549591	48.6536
0.1525	0.55423	0.0617565	65.0876
0.1525	0.55423	0.0678615	81.5571
0.1525	0.55423	0.073402	95.4834
0.1525	0.55423	0.0784738	104.64
0.1525	0.55423	0.0831499	109.587
0.1525	0.55423	0.0874877	106.358
0.1525	0.55423	0.0915328	101.444
0.1525	0.55423	0.0953223	95.6017
0.1525	0.55423	0.0988865	92.8065
0.1525	0.55423	0.102251	83.354
0.1525	0.55423	0.105436	75.9659
0.1525	0.55423	0.108461	68.9901
0.1525	0.55423	0.111341	61.7403
0.1525	0.55423	0.114088	66.9711
0.1525	0.55423	0.116716	49.0362
0.1525	0.55423	0.119233	60.5913
0.1525	0.55423	0.121648	67.6768
0.1525	0.55423	0.12397	57.1857
0.1525	0.55423	0.126206	50.8834
0.1525	0.55423	0.128361	55.5564
0.1525	0.55423	0.130442	45.4904
0.1525	0.55423	0.132452	27.7327
0.1525	0.55423	0.134398	9.26845
0.1525	0.55423	0.136282	0.99159
0.1525	0.55423	0.138109	0
0.1525	0.593693	0	0
0.1525	0.593693	0.0157366	2.33142
0.1525	0.593693	0.0281908	8.56832
0.1525	0.593693	0.0384984	18.9845
0.1525	0.593693	0.0472917	31.0823
0.1525	0.593693	0.0549591	49.1689
0.1525	0.593693	0.0617565	65.9985
0.1525	0.593693	0.0678615	82.8592
0.1525	0.593693	0.073402	97.5007
0.1525	0.593693	0.0784738	107.461
0.1525	0.593693	0.0831499	113.395
0.1525	0.593693	0.0874877	111.156
0.1525	0.593693	0.0915328	106.431
0.1525	0.593693	0.0953223	100.392
0.1525	0.593693	0.0988865	96.7294
0.1525	0.593693	0.102251	87.2622
0.1525	0.593693	0.105436	79.0291
0.1525	0.593693	0.108461	71.4523
0.1525	0.593693	0.111341	63.7199
0.1525	0.593693	0.114088	69.8132
0.1525	0.593693	0.116716	50.7209
0.1525	0.593693	0.119233	60.683
0.1525	0.593693	0.121648	68.0303
0.1525	0.593693	0.12397	58.4829
0.1525	0.593693	0.126206	53.3318
0.1525	0.593693	0.128361	59.959
0.1525	0.593693	0.130442	50.8341
0.1525	0.593693	0.132452	31.9283
0.1525	0.593693	0.134398	11.4345
0.1525	0.593693	0.136282	1.17579
0.1525	0.593693	0.138109	0
0.1525	0.630798	0	0
0.1525	0.630798	0.0157366	2.32812
0.1525	0.630798	0.0281908	8.57023
0.1525	0.630798	0.0384984	19.0321
0.1525	0.630798	0.0472917	31.2616
0.1525	0.630798	0.0549591	49.6297
0.1525	0.630798	0.0617565	66.8501
0.1525	0.630798	0.0678615	84.2631
0.1525	0.630798	0.073402	99.3756
0.1525	0.630798	0.0784738	110.056
0.1525	0.630798	0.0831499	116.919
0.1525	0.630798	0.0874877	115.723
0.1525	0.630798	0.0915328	111.637
0.1525	0.630798	0.0953223	105.115
0.1525	0.630798	0.0988865	100.91
0.1525	0.630798	0.102251	91.2383
0.1525	0.630798	0.105436	82.211
0.1525	0.630798	0.108461	73.8905
0.1525	0.630798	0.111341	65.8221
0.1525	0.630798	0.114088	72.6687
0.1525	0.630798	0.116716	52.6234
0.1525	0.630798	0.119233	60.6622
0.1525	0.630798	0.121648	67.8366
0.1525	0.630798	0.12397	58.7925
0.1525	0.630798	0.126206	55.0898
0.1525	0.630798	0.128361	64.6458
0.1525	0.630798	0.130442	55.8287
0.1525	0.630798	0.132452	36.5244
0.1525	0.630798	0.134398	14.0236
0.1525	0.630798	0.136282	1.67957
0.1525	0.630798	0.138109	0
0.1525	0.665812	0	0
0.1525	0.665812	0.0157366	2.32479
0.1525	0.665812	0.0281908	8.5699
0.1525	0.665812	0.0384984	19.0717
0.1525	0.665812	0.0472917	31.4229
0.1525	0.665812	0.0549591	50.0473
0.1525	0.665812	0.0617565	67.6499
0.1525	0.665812	0.0678615	85.6403
0.1525	0.665812	0.073402	101.123
0.1525	0.665812	0.0784738	112.502
0.1525	0.665812	0.0831499	120.117
0.1525	0.665812	0.0874877	120.032
0.1525	0.665812	0.0915328	116.78
0.1525	0.665812	0.0953223	110.03
0.1525	0.665812	0.0988865	105.172
0.1525	0.665812	0.102251	95.1
0.1525	0.665812	0.105436	85.5815
0.1525	0.665812	0.108461	76.318
0.1525	0.665812	0.111341	67.8926
0.1525	0.665812	0.114088	75.3289
0.1525	0.665812	0.116716	54.3336
0.1525	0.665812	0.119233	61.0392
0.1525	0.665812	0.121648	67.0213
0.1525	0.665812	0.12397	58.2237
0.1525	0.665812	0.126206	56.4465
0.1525	0.665812	0.128361	68.9081
0.1525	0.665812	0.130442	60.3346
0.1525	0.665812	0.132452	41.1999
0.1525	0.665812	0.134398	17.1635
0.1525	0.665812	0.136282	2.58535
0.1525	0.665812	0.138109	0
0.1525	0.698958	0	0
0.1525	0.698958	0.0157366	2.3215
0.1525	0.698958	0.0281908	8.56751
0.1525	0.698958	0.0384984	19.1182
0.1525	0.698958	0.0472917	31.5686
0.1525	0.698958	0.0549591	50.4387
0.1525	0.698958	0.0617565	68.3864
0.1525	0.698958	0.0678615	86.8947
0.1525	0.698958	0.073402	102.835
0.1525	0.698958	0.0784738	114.756
0.1525	0.698958	0.0831499	122.968
0.1525	0.698958	0.0874877	124.197
0.1525	0.698958	0.0915328	121.812
0.1525	0.698958	0.0953223	115.047
0.1525	0.698958	0.0988865	109.526
0.1525	0.698958	0.102251	98.978
0.1525	0.698958	0.105436	88.8982
0.1525	0.698958	0.108461	79.1191
0.1525	0.698958	0.111341	69.9697
0.1525	0.698958	0.114088	77.8314
0.1525	0.698958	0.116716	56.0358
0.1525	0.698958	0.119233	61.1547
0.1525	0.698958	0.121648	66.368
0.1525	0.698958	0.12397	57.1989
0.1525	0.698958	0.126206	56.7776
0.1525	0.698958	0.128361	72.2296
0.1525	0.698958	0.130442	64.7824
0.1525	0.698958	0.132452	45.9673
0.1525	0.698958	0.134398	20.8976
0.1525	0.698958	0.136282	3.95015
0.1525	0.698958	0.138109	0
0.1525	0.730425	0	0
0.1525	0.730425	0.0157366	2.31946
0.1525	0.730425	0.0281908	8.56315
0.1525	0.730425	0.0384984	19.1623
0.1525	0.730425	0.0472917	31.7065
0.1525	0.730425	0.0549591	50.7859
0.1525	0.730425	0.0617565	69.1977
0.1525	0.730425	0.0678615	88.0631
0.1525	0.730425	0.073402	104.47
0.1525	0.730425	0.0784738	116.862
0.1525	0.730425	0.0831499	125.52
0.1525	0.730425	0.0874877	128.318
0.1525	0.730425	0.0915328	126.653
0.1525	0.730425	0.0953223	120.318
0.1525	0.730425	0.0988865	114.026
0.1525	0.730425	0.102251	102.855
0.1525	0.730425	0.105436	92.1273
0.1525	0.730425	0.108461	82.1764
0.1525	0.730425	0.111341	71.954
0.1525	0.730425	0.114088	80.2898
0.1525	0.730425	0.116716	57.5652
0.1525	0.730425	0.119233	60.7181
0.1525	0.730425	0.121648	65.8882
0.1525	0.730425	0.12397	55.412
0.1525	0.730425	0.126206	55.9914
0.1525	0.730425	0.128361	75.2944
0.1525	0.730425	0.130442	69.4878
0.1525	0.730425	0.132452	50.5604
0.1525	0.730425	0.134398	25.1472
0.1525	0.730425	0.136282	5.85317
0.1525	0.730425	0.138109	0
0.1525	0.760374	0	0
0.1525	0.760374	0.0157366	2.31739
0.1525	0.760374	0.0281908	8.55799
0.1525	0.760374	0.0384984	19.1983
0.1525	0.760374	0.0472917	31.8488
0.1525	0.760374	0.0549591	51.0913
0.1525	0.760374	0.0617565	69.999
0.1525	0.760374	0.0678615	89.1836
0.1525	0.760374	0.073402	106.018
0.1525	0.760374	0.0784738	118.84
0.1525	0.760374	0.0831499	127.832
0.1525	0.760374	0.0874877	132.104
0.1525	0.760374	0.0915328	131.173
0.1525	0.760374	0.0953223	125.538
0.1525	0.760374	0.0988865	118.622
0.1525	0.760374	0.102251	106.752
0.1525	0.760374	0.105436	95.5372
0.1525	0.760374	0.108461	85.1248
0.1525	0.760374	0.111341	74.1756
0.1525	0.760374	0.114088	82.2568
0.1525	0.760374	0.116716	58.8998
0.1525	0.760374	0.119233	60.6034
0.1525	0.760374	0.121648	64.9894
0.1525	0.760374	0.12397	54.0831
0.1525	0.760374	0.126206	54.7575
0.1525	0.760374	0.128361	77.1766
0.1525	0.760374	0.130442	73.8983
0.1525	0.760374	0.132452	54.5831
0.1525	0.760374	0.134398	29.9801
0.1525	0.760374	0.136282	8.32025
0.1525	0.760374	0.138109	0
0.1525	0.788947	0	0
0.1525	0.788947	0.0157366	2.31539
0.1525	0.788947	0.0281908	8.55188
0.1525	0.788947	0.0384984	19.2356
0.1525	0.788947	0.0472917	31.9807
0.1525	0.788947	0.0549591	51.3608
0.1525	0.788947	0.0617565	70.7444
0.1525	0.788947	0.0678615	90.2186
0.1525	0.788947	0.073402	107.464
0.1525	0.788947	0.0784738	120.71
0.1525	0.788947	0.0831499	130.162
0.1525	0.788947	0.0874877	135.577
0.1525	0.788947	0.0915328	135.699
0.1525	0.788947	0.0953223	130.865
0.1525	0.788947	0.0988865	123.185
0.1525	0.788947	0.102251	110.814
0.1525	0.788947	0.105436	99.2483
0.1525	0.788947	0.108461	87.9389
0.1525	0.788947	0.111341	76.5554
0.1525	0.788947	0.114088	83.7913
0.1525	0.788947	0.116716	60.0711
0.1525	0.788947	0.119233	60.0132
0.1525	0.788947	0.121648	63.8373
0.1525	0.788947	0.12397	52.6972
0.1525	0.788947	0.126206	52.7185
0.1525	0.788947	0.128361	77.5835
0.1525	0.788947	0.130442	77.7121
0.1525	0.788947	0.132452	58.8265
0.1525	0.788947	0.134398	35.014
0.1525	0.788947	0.136282	11.3993
0.1525	0.788947	0.138109	0
0.1525	0.816262	0	0
0.1525	0.816262	0.0157366	2.31393
0.1525	0.816262	0.0281908	8.54435
0.1525	0.816262	0.0384984	19.2676
0.1525	0.816262	0.0472917	32.1078
0.1525	0.816262	0.0549591	51.5973
0.1525	0.816262	0.0617565	71.4179
0.1525	0.816262	0.0678615	91.1852
0.1525	0.816262	0.073402	108.888
0.1525	0.816262	0.0784738	122.49
0.1525	0.816262	0.0831499	132.491
0.1525	0.816262	0.0874877	138.749
0.1525	0.816262	0.0915328	140.065
0.1525	0.816262	0.0953223	136.097
0.1525	0.816262	0.0988865	127.588
0.1525	0.816262	0.102251	115.019
0.1525	0.816262	0.105436	102.885
0.1525	0.816262	0.108461	90.8225
0.1525	0.816262	0.111341	78.891
0.1525	0.816262	0.114088	85.114
0.1525	0.816262	0.116716	61.0272
0.1525	0.816262	0.119233	58.6802
0.1525	0.816262	0.121648	62.9807
0.1525	0.816262	0.12397	50.7631
0.1525	0.816262	0.126206	51.0355
0.1525	0.816262	0.128361	76.7403
0.1525	0.816262	0.130442	80.3772
0.1525	0.816262	0.132452	63.1706
0.1525	0.816262	0.134398	40.1396
0.1525	0.816262	0.136282	15.3425
0.1525	0.816262	0.138109	0
0.1525	0.842428	0	0
0.1525	0.842428	0.0157366	2.31247
0.1525	0.842428	0.0281908	8.53641
0.1525	0.842428	0.0384984	19.2994
0.1525	0.842428	0.0472917	32.2232
0.1525	0.842428	0.0549591	51.9168
0.1525	0.842428	0.0617565	72.0272
0.1525	0.842428	0.0678615	92.1673
0.1525	0.842428	0.073402	110.253
0.1525	0.842428	0.0784738	124.159
0.1525	0.842428	0.0831499	134.666
0.1525	0.842428	0.0874877	141.681
0.1525	0.842428	0.0915328	144.163
0.1525	0.842428	0.0953223	141.097
0.1525	0.842428	0.0988865	132.178
0.1525	0.842428	0.102251	119.447
0.1525	0.842428	0.105436	106.731
0.1525	0.842428	0.108461	93.6882
0.1525	0.842428	0.111341	81.0796
0.1525	0.842428	0.114088	86.6538
0.1525	0.842428	0.116716	61.7658
0.1525	0.842428	0.119233	57.3264
0.1525	0.842428	0.121648	61.4752
0.1525	0.842428	0.12397	49.1768
0.1525	0.842428	0.126206	48.6184
0.1525	0.842428	0.128361	74.5684
0.1525	0.842428	0.130442	81.6899
0.1525	0.842428	0.132452	67.6942
0.1525	0.842428	0.134398	44.8173
0.1525	0.842428	0.136282	20.2399
0.1525	0.842428	0.138109	0
0.1525	0.867536	0	0
0.1525	0.867536	0.0157366	2.31098
0.1525	0.867536	0.0281908	8.52812
0.1525	0.867536	0.0384984	19.3419
0.1525	0.867536	0.0472917	32.3253
0.1525	0.867536	0.0549591	52.2122
0.1525	0.867536	0.0617565	72.5648
0.1525	0.867536	0.0678615	93.0594
0.1525	0.867536	0.073402	111.523
0.1525	0.867536	0.0784738	125.907
0.1525	0.867536	0.0831499	136.714
0.1525	0.867536	0.0874877	144.589
0.1525	0.867536	0.0915328	148.125
0.1525	0.867536	0.0953223	145.861
0.1525	0.867536	0.0988865	136.86
0.1525	0.867536	0.102251	124.161
0.1525	0.867536	0.105436	110.654
0.1525	0.867536	0.108461	96.7371
0.1525	0.867536	0.111341	83.3116
0.1525	0.867536	0.114088	88.0714
0.1525	0.867536	0.116716	62.5567
0.1525	0.867536	0.119233	55.4
0.1525	0.867536	0.121648	58.9852
0.1525	0.867536	0.12397	47.5704
0.1525	0.867536	0.126206	46.0892
0.1525	0.867536	0.128361	70.6232
0.1525	0.867536	0.130442	80.9629
0.1525	0.867536	0.132452	71.7856
0.1525	0.867536	0.134398	48.9925
0.1525	0.867536	0.136282	26.3962
0.1525	0.867536	0.138109	0
0.1525	0.891668	0	0
0.1525	0.891668	0.0157366	2.30944
0.1525	0.891668	0.0281908	8.52212
0.1525	0.891668	0.0384984	19.3799
0.1525	0.891668	0.0472917	32.4146
0.1525	0.891668	0.0549591	52.4804
0.1525	0.891668	0.0617565	73.0264
0.1525	0.891668	0.0678615	93.8538
0.1525	0.891668	0.073402	112.741
0.1525	0.891668	0.0784738	127.657
0.1525	0.891668	0.0831499	138.701
0.1525	0.891668	0.0874877	147.406
0.1525	0.891668	0.0915328	151.816
0.1525	0.891668	0.0953223	150.337
0.1525	0.891668	0.0988865	141.332
0.1525	0.891668	0.102251	129.064
0.1525	0.891668	0.105436	114.618
0.1525	0.891668	0.108461	100.08
0.1525	0.891668	0.111341	85.4915
0.1525	0.891668	0.114088	89.5291
0.1525	0.891668	0.116716	63.4747
0.1525	0.891668	0.119233	53.2704
0.1525	0.891668	0.121648	56.5888
0.1525	0.891668	0.12397	45.0551
0.1525	0.891668	0.126206	44.3444
0.1525	0.891668	0.128361	66.7965
0.1525	0.891668	0.130442	79.3253
0.1525	0.891668	0.132452	74.8244
0.1525	0.891668	0.134398	53.6476
0.1525	0.891668	0.136282	33.6636
0.1525	0.891668	0.138109	0
0.1525	0.914898	0	0
0.1525	0.914898	0.0157366	2.30785
0.1525	0.914898	0.0281908	8.51471
0.1525	0.914898	0.0384984	19.4115
0.1525	0.914898	0.0472917	32.4948
0.1525	0.914898	0.0549591	52.7303
0.1525	0.914898	0.0617565	73.447
0.1525	0.914898	0.0678615	94.6525
0.1525	0.914898	0.073402	113.886
0.1525	0.914898	0.0784738	129.332
0.1525	0.914898	0.0831499	140.74
0.1525	0.914898	0.0874877	150.081
0.1525	0.914898	0.0915328	155.224
0.1525	0.914898	0.0953223	154.585
0.1525	0.914898	0.0988865	146.366
0.1525	0.914898	0.102251	133.936
0.1525	0.914898	0.105436	118.811
0.1525	0.914898	0.108461	103.453
0.1525	0.914898	0.111341	87.9595
0.1525	0.914898	0.114088	90.3371
0.1525	0.914898	0.116716	64.0323
0.1525	0.914898	0.119233	51.8962
0.1525	0.914898	0.121648	53.5036
0.1525	0.914898	0.12397	41.8104
0.1525	0.914898	0.126206	42.1166
0.1525	0.914898	0.128361	63.4779
0.1525	0.914898	0.130442	75.1678
0.1525	0.914898	0.132452	75.3158
0.1525	0.914898	0.134398	57.9461
0.1525	0.914898	0.136282	41.6879
0.1525	0.914898	0.138109	0
0.1525	0.937291	0	0
0.1525	0.937291	0.0157366	2.30618
0.1525	0.937291	0.0281908	8.5069
0.1525	0.937291	0.0384984	19.4369
0.1525	0.937291	0.0472917	32.631
0.1525	0.937291	0.0549591	52.9974
0.1525	0.937291	0.0617565	73.8013
0.1525	0.937291	0.0678615	95.4409
0.1525	0.937291	0.073402	115.13
0.1525	0.937291	0.0784738	130.869
0.1525	0.937291	0.0831499	142.871
0.1525	0.937291	0.0874877	152.741
0.1525	0.937291	0.0915328	158.374
0.1525	0.937291	0.0953223	158.505
0.1525	0.937291	0.0988865	151.348
0.1525	0.937291	0.102251	138.872
0.1525	0.937291	0.105436	123.51
0.1525	0.937291	0.108461	106.961
0.1525	0.937291	0.111341	90.3811
0.1525	0.937291	0.114088	90.953
0.1525	0.937291	0.116716	64.3008
0.1525	0.937291	0.119233	50.5582
0.1525	0.937291	0.121648	49.834
0.1525	0.937291	0.12397	37.9968
0.1525	0.937291	0.126206	38.4529
0.1525	0.937291	0.128361	59.6253
0.1525	0.937291	0.130442	69.4842
0.1525	0.937291	0.132452	73.7909
0.1525	0.937291	0.134398	62.0831
0.1525	0.937291	0.136282	49.2076
0.1525	0.937291	0.138109	0
0.1525	0.958905	0	0
0.1525	0.958905	0.0157366	2.3044
0.1525	0.958905	0.0281908	8.49661
0.1525	0.958905	0.0384984	19.4531
0.1525	0.958905	0.0472917	32.7769
0.1525	0.958905	0.0549591	53.2693
0.1525	0.958905	0.0617565	74.0816
0.1525	0.958905	0.0678615	96.1252
0.1525	0.958905	0.073402	116.34
0.1525	0.958905	0.0784738	132.418
0.1525	0.958905	0.0831499	144.974
0.1525	0.958905	0.0874877	155.166
0.1525	0.958905	0.0915328	161.229
0.1525	0.958905	0.0953223	162.501
0.1525	0.958905	0.0988865	156.086
0.1525	0.958905	0.102251	143.847
0.1525	0.958905	0.105436	128.447
0.1525	0.958905	0.108461	110.874
0.1525	0.958905	0.111341	92.9833
0.1525	0.958905	0.114088	91.094
0.1525	0.958905	0.116716	64.2868
0.1525	0.958905	0.119233	49.8006
0.1525	0.958905	0.121648	47.5355
0.1525	0.958905	0.12397	33.682
0.1525	0.958905	0.126206	33.817
0.1525	0.958905	0.128361	52.9093
0.1525	0.958905	0.130442	62.2606
0.1525	0.958905	0.132452	69.8235
0.1525	0.958905	0.134398	63.9641
0.1525	0.958905	0.136282	56.3484
0.1525	0.958905	0.138109	0
0.1525	0.979792	0	0
0.1525	0.979792	0.0157366	2.3024
0.1525	0.979792	0.0281908	8.48035
0.1525	0.979792	0.0384984	19.4521
0.1525	0.979792	0.0472917	32.9354
0.1525	0.979792	0.0549591	53.5148
0.1525	0.979792	0.0617565	74.4128
0.1525	0.979792	0.0678615	96.6253
0.1525	0.979792	0.073402	117.449
0.1525	0.979792	0.0784738	134.27
0.1525	0.979792	0.0831499	147.028
0.1525	0.979792	0.0874877	157.453
0.1525	0.979792	0.0915328	163.905
0.1525	0.979792	0.0953223	166.408
0.1525	0.979792	0.0988865	160.412
0.1525	0.979792	0.102251	148.899
0.1525	0.979792	0.105436	133.501
0.1525	0.979792	0.108461	115.111
0.1525	0.979792	0.111341	95.9696
0.1525	0.979792	0.114088	90.3791
0.1525	0.979792	0.116716	64.0088
0.1525	0.979792	0.119233	49.0212
0.1525	0.979792	0.121648	46.439
0.1525	0.979792	0.12397	30.0198
0.1525	0.979792	0.126206	27.9996
0.1525	0.979792	0.128361	43.8653
0.1525	0.979792	0.130442	57.7156
0.1525	0.979792	0.132452	62.3992
0.1525	0.979792	0.134398	59.565
0.1525	0.979792	0.136282	64.6476
0.1525	0.979792	0.138109	0
0.1525	1	0	0
0.1525	1	0.0157366	2.30012
0.1525	1	0.0281908	8.46555
0.1525	1	0.0384984	19.4416
0.1525	1	0.0472917	33.071
0.1525	1	0.0549591	53.6547
0.1525	1	0.0617565	74.6764
0.1525	1	0.0678615	97.2175
0.1525	1	0.073402	118.515
0.1525	1	0.0784738	136.192
0.1525	1	0.0831499	148.978
0.1525	1	0.0874877	159.26
0.1525	1	0.0915328	167.244
0.1525	1	0.0953223	169.957
0.1525	1	0.0988865	164.82
0.1525	1	0.102251	153.926
0.1525	1	0.105436	138.81
0.1525	1	0.108461	119.779
0.1525	1	0.111341	99.4473
0.1525	1	0.114088	90.6882
0.1525	1	0.116716	64.0056
0.1525	1	0.119233	48.0293
0.1525	1	0.121648	44.5576
0.1525	1	0.12397	27.7993
0.1525	1	0.126206	21.4297
0.1525	1	0.128361	29.1459
0.1525	1	0.130442	50.6815
0.1525	1	0.132452	55.9755
0.1525	1	0.134398	45.4129
0.1525	1	0.136282	79.4255
0.1525	1	0.138109	0
