1	-1	0	0
1	-1	0.099987	469.39
1	-1	0.179118	196.166
1	-1	0.24461	61.1138
1	-1	0.300481	33.612
1	-1	0.349198	25.693
1	-1	0.392388	11.713
1	-1	0.431177	5.22267
1	-1	0.466381	1.79244
1	-1	0.498606	0.565384
1	-1	0.528317	0.179284
1	-1	0.555878	0.0552588
1	-1	0.58158	0.0127033
1	-1	0.605657	0.000731738
1	-1	0.628304	7.0308e-06
1	-1	0.649679	0
1	-1	0.669919	0
1	-1	0.689139	0
1	-1	0.707435	0
1	-1	0.724893	0
1	-1	0.741586	0
1	-1	0.757579	0
1	-1	0.772927	0
1	-1	0.787681	0
1	-1	0.801885	0
1	-1	0.815579	0
1	-1	0.828798	0
1	-1	0.841573	0
1	-1	0.853934	0
1	-1	0.865907	0
1	-1	0.877515	0
1	-0.634788	0	0
1	-0.634788	0.099987	502.628
1	-0.634788	0.179118	497.754
1	-0.634788	0.24461	203.575
1	-0.634788	0.300481	110.142
1	-0.634788	0.349198	60.2311
1	-0.634788	0.392388	42.0858
1	-0.634788	0.431177	21.3467
1	-0.634788	0.466381	11.1956
1	-0.634788	0.498606	5.19168
1	-0.634788	0.528317	2.19968
1	-0.634788	0.555878	0.87668
1	-0.634788	0.58158	0.266802
1	-0.634788	0.605657	0.0744663
1	-0.634788	0.628304	0.0187474
1	-0.634788	0.649679	0.0036641
1	-0.634788	0.669919	1.95712e-06
1	-0.634788	0.689139	0
1	-0.634788	0.707435	0
1	-0.634788	0.724893	0
1	-0.634788	0.741586	0
1	-0.634788	0.757579	0
1	-0.634788	0.772927	0
1	-0.634788	0.787681	0
1	-0.634788	0.801885	0
1	-0.634788	0.815579	0
1	-0.634788	0.828798	0
1	-0.634788	0.841573	0
1	-0.634788	0.853934	0
1	-0.634788	0.865907	0
1	-0.634788	0.877515	0
1	-0.406307	0	0
1	-0.406307	0.099987	509.816
1	-0.406307	0.179118	694.03
1	-0.406307	0.24461	341.721
1	-0.406307	0.300481	211.684
1	-0.406307	0.349198	123.667
1	-0.406307	0.392388	89.2295
1	-0.406307	0.431177	54.5692
1	-0.406307	0.466381	30.5048
1	-0.406307	0.498606	16.7075
1	-0.406307	0.528317	9.27291
1	-0.406307	0.555878	4.39192
1	-0.406307	0.58158	1.78468
1	-0.406307	0.605657	0.666772
1	-0.406307	0.628304	0.207043
1	-0.406307	0.649679	0.0522877
1	-0.406307	0.669919	0.0116822
1	-0.406307	0.689139	0.00210357
1	-0.406307	0.707435	1.85459e-05
1	-0.406307	0.724893	0
1	-0.406307	0.741586	0
1	-0.406307	0.757579	0
1	-0.406307	0.772927	0
1	-0.406307	0.787681	0
1	-0.406307	0.801885	0
1	-0.406307	0.815579	0
1	-0.406307	0.828798	0
1	-0.406307	0.841573	0
1	-0.406307	0.853934	0
1	-0.406307	0.865907	0
1	-0.406307	0.877515	0
1	-0.239626	0	0
1	-0.239626	0.099987	510.579
1	-0.239626	0.179118	852.089
1	-0.239626	0.24461	583.462
1	-0.239626	0.300481	334.682
1	-0.239626	0.349198	242.154
1	-0.239626	0.392388	147.903
1	-0.239626	0.431177	97.5896
1	-0.239626	0.466381	66.308
1	-0.239626	0.498606	38.7981
1	-0.239626	0.528317	22.1816
1	-0.239626	0.555878	12.4749
1	-0.239626	0.58158	6.52177
1	-0.239626	0.605657	2.83063
1	-0.239626	0.628304	1.21858
1	-0.239626	0.649679	0.475582
1	-0.239626	0.669919	0.139192
1	-0.239626	0.689139	0.0241195
1	-0.239626	0.707435	0.000441164
1	-0.239626	0.724893	1.8905e-06
1	-0.239626	0.741586	0
1	-0.239626	0.757579	0
1	-0.239626	0.772927	0
1	-0.239626	0.787681	0
1	-0.239626	0.801885	0
1	-0.239626	0.815579	0
1	-0.239626	0.828798	0
1	-0.239626	0.841573	0
1	-0.239626	0.853934	0
1	-0.239626	0.865907	0
1	-0.239626	0.877515	0
1	-0.108332	0	0
1	-0.108332	0.099987	508.314
1	-0.108332	0.179118	912.891
1	-0.108332	0.24461	809.358
1	-0.108332	0.300481	464.382
1	-0.108332	0.349198	340.505
1	-0.108332	0.392388	277.181
1	-0.108332	0.431177	127.382
1	-0.108332	0.466381	111.161
1	-0.108332	0.498606	75.8442
1	-0.108332	0.528317	46.1411
1	-0.108332	0.555878	26.8681
1	-0.108332	0.58158	15.4812
1	-0.108332	0.605657	8.24809
1	-0.108332	0.628304	4.1173
1	-0.108332	0.649679	1.87456
1	-0.108332	0.669919	0.817936
1	-0.108332	0.689139	0.252616
1	-0.108332	0.707435	0.0362418
1	-0.108332	0.724893	0.00376731
1	-0.108332	0.741586	6.14929e-05
1	-0.108332	0.757579	0
1	-0.108332	0.772927	0
1	-0.108332	0.787681	0
1	-0.108332	0.801885	0
1	-0.108332	0.815579	0
1	-0.108332	0.828798	0
1	-0.108332	0.841573	0
1	-0.108332	0.853934	0
1	-0.108332	0.865907	0
1	-0.108332	0.877515	0
1	-2e-20	0	0
1	-2e-20	0.099987	498.39
1	-2e-20	0.179118	959.485
1	-2e-20	0.24461	1044.91
1	-2e-20	0.300481	632.085
1	-2e-20	0.349198	457.563
1	-2e-20	0.392388	392.006
1	-2e-20	0.431177	219.475
1	-2e-20	0.466381	155.537
1	-2e-20	0.498606	122.17
1	-2e-20	0.528317	84.3815
1	-2e-20	0.555878	52.3381
1	-2e-20	0.58158	30.2188
1	-2e-20	0.605657	18.047
1	-2e-20	0.628304	10.0134
1	-2e-20	0.649679	5.45204
1	-2e-20	0.669919	2.53959
1	-2e-20	0.689139	1.07528
1	-2e-20	0.707435	0.41584
1	-2e-20	0.724893	0.0964127
1	-2e-20	0.741586	0.00325242
1	-2e-20	0.757579	3.48288e-05
1	-2e-20	0.772927	0
1	-2e-20	0.787681	0
1	-2e-20	0.801885	0
1	-2e-20	0.815579	0
1	-2e-20	0.828798	0
1	-2e-20	0.841573	0
1	-2e-20	0.853934	0
1	-2e-20	0.865907	0
1	-2e-20	0.877515	0
1	0.0922185	0	0
1	0.0922185	0.099987	484.505
1	0.0922185	0.179118	986.449
1	0.0922185	0.24461	1229.81
1	0.0922185	0.300481	865.229
1	0.0922185	0.349198	643.769
1	0.0922185	0.392388	594.507
1	0.0922185	0.431177	355.681
1	0.0922185	0.466381	216.801
1	0.0922185	0.498606	166.911
1	0.0922185	0.528317	131.919
1	0.0922185	0.555878	92.8367
1	0.0922185	0.58158	57.3374
1	0.0922185	0.605657	33.6384
1	0.0922185	0.628304	20.5283
1	0.0922185	0.649679	11.8209
1	0.0922185	0.669919	6.50456
1	0.0922185	0.689139	3.18526
1	0.0922185	0.707435	1.39537
1	0.0922185	0.724893	0.566854
1	0.0922185	0.741586	0.159132
1	0.0922185	0.757579	0.0177714
1	0.0922185	0.772927	6.18275e-05
1	0.0922185	0.787681	-5.34406e-08
1	0.0922185	0.801885	0
1	0.0922185	0.815579	0
1	0.0922185	0.828798	0
1	0.0922185	0.841573	0
1	0.0922185	0.853934	0
1	0.0922185	0.865907	0
1	0.0922185	0.877515	0
1	0.172502	0	0
1	0.172502	0.099987	471.049
1	0.172502	0.179118	996.174
1	0.172502	0.24461	1370.54
1	0.172502	0.300481	1193.58
1	0.172502	0.349198	778.207
1	0.172502	0.392388	729.643
1	0.172502	0.431177	553.242
1	0.172502	0.466381	352.425
1	0.172502	0.498606	202.681
1	0.172502	0.528317	180.308
1	0.172502	0.555878	143.033
1	0.172502	0.58158	99.9115
1	0.172502	0.605657	61.8185
1	0.172502	0.628304	37.3494
1	0.172502	0.649679	22.9333
1	0.172502	0.669919	13.5699
1	0.172502	0.689139	7.37322
1	0.172502	0.707435	3.80809
1	0.172502	0.724893	1.70341
1	0.172502	0.741586	0.702459
1	0.172502	0.757579	0.233109
1	0.172502	0.772927	0.0319352
1	0.172502	0.787681	0.000353661
1	0.172502	0.801885	0
1	0.172502	0.815579	0
1	0.172502	0.828798	0
1	0.172502	0.841573	0
1	0.172502	0.853934	0
1	0.172502	0.865907	0
1	0.172502	0.877515	0
1	0.243589	0	0
1	0.243589	0.099987	458.161
1	0.243589	0.179118	992.451
1	0.243589	0.24461	1462.97
1	0.243589	0.300481	1426.3
1	0.243589	0.349198	993.872
1	0.243589	0.392388	925.772
1	0.243589	0.431177	664.964
1	0.243589	0.466381	519.739
1	0.243589	0.498606	322.954
1	0.243589	0.528317	215.588
1	0.243589	0.555878	199.908
1	0.243589	0.58158	152.221
1	0.243589	0.605657	108.14
1	0.243589	0.628304	67.8162
1	0.243589	0.649679	40.9699
1	0.243589	0.669919	25.1066
1	0.243589	0.689139	15.0477
1	0.243589	0.707435	8.40115
1	0.243589	0.724893	4.41683
1	0.243589	0.741586	1.94416
1	0.243589	0.757579	0.867444
1	0.243589	0.772927	0.290606
1	0.243589	0.787681	0.0649654
1	0.243589	0.801885	0.00105707
1	0.243589	0.815579	0
1	0.243589	0.828798	0
1	0.243589	0.841573	0
1	0.243589	0.853934	0
1	0.243589	0.865907	0
1	0.243589	0.877515	0
1	0.307372	0	0
1	0.307372	0.099987	444.977
1	0.307372	0.179118	979.216
1	0.307372	0.24461	1536.77
1	0.307372	0.300481	1662.05
1	0.307372	0.349198	1277.25
1	0.307372	0.392388	1060.17
1	0.307372	0.431177	853.508
1	0.307372	0.466381	638.053
1	0.307372	0.498606	477.473
1	0.307372	0.528317	327.666
1	0.307372	0.555878	252.864
1	0.307372	0.58158	215.597
1	0.307372	0.605657	167.222
1	0.307372	0.628304	117.619
1	0.307372	0.649679	73.412
1	0.307372	0.669919	44.6313
1	0.307372	0.689139	27.681
1	0.307372	0.707435	16.4458
1	0.307372	0.724893	9.5306
1	0.307372	0.741586	4.88555
1	0.307372	0.757579	2.42576
1	0.307372	0.772927	1.00159
1	0.307372	0.787681	0.377264
1	0.307372	0.801885	0.0885762
1	0.307372	0.815579	0.00485313
1	0.307372	0.828798	8.57153e-07
1	0.307372	0.841573	0
1	0.307372	0.853934	0
1	0.307372	0.865907	0
1	0.307372	0.877515	0
1	0.365212	0	0
1	0.365212	0.099987	431.576
1	0.365212	0.179118	960.618
1	0.365212	0.24461	1582.13
1	0.365212	0.300481	1868.06
1	0.365212	0.349198	1598.45
1	0.365212	0.392388	1272.45
1	0.365212	0.431177	1027.33
1	0.365212	0.466381	836.984
1	0.365212	0.498606	645.986
1	0.365212	0.528317	483.951
1	0.365212	0.555878	314.922
1	0.365212	0.58158	274.257
1	0.365212	0.605657	242.935
1	0.365212	0.628304	185.111
1	0.365212	0.649679	125.347
1	0.365212	0.669919	79.2459
1	0.365212	0.689139	49.0829
1	0.365212	0.707435	30.1813
1	0.365212	0.724893	18.1527
1	0.365212	0.741586	10.3785
1	0.365212	0.757579	5.53983
1	0.365212	0.772927	2.77857
1	0.365212	0.787681	1.22897
1	0.365212	0.801885	0.429089
1	0.365212	0.815579	0.0943801
1	0.365212	0.828798	0.00559508
1	0.365212	0.841573	1.45197e-06
1	0.365212	0.853934	0
1	0.365212	0.865907	0
1	0.365212	0.877515	0
1	0.418124	0	0
1	0.418124	0.099987	417.928
1	0.418124	0.179118	935.685
1	0.418124	0.24461	1600.78
1	0.418124	0.300481	2029.9
1	0.418124	0.349198	1894.09
1	0.418124	0.392388	1510.51
1	0.418124	0.431177	1190.21
1	0.418124	0.466381	1016.69
1	0.418124	0.498606	838.342
1	0.418124	0.528317	689.665
1	0.418124	0.555878	509.072
1	0.418124	0.58158	338.005
1	0.418124	0.605657	317.24
1	0.418124	0.628304	274.265
1	0.418124	0.649679	199.325
1	0.418124	0.669919	135.965
1	0.418124	0.689139	87.2598
1	0.418124	0.707435	53.411
1	0.418124	0.724893	33.1647
1	0.418124	0.741586	19.8407
1	0.418124	0.757579	11.444
1	0.418124	0.772927	6.15105
1	0.418124	0.787681	3.09991
1	0.418124	0.801885	1.36535
1	0.418124	0.815579	0.48985
1	0.418124	0.828798	0.104463
1	0.418124	0.841573	0.0041564
1	0.418124	0.853934	5.99739e-07
1	0.418124	0.865907	0
1	0.418124	0.877515	0
1	0.466881	0	0
1	0.466881	0.099987	404.173
1	0.466881	0.179118	902.262
1	0.466881	0.24461	1595.57
1	0.466881	0.300481	2163.23
1	0.466881	0.349198	2204.74
1	0.466881	0.392388	1846.01
1	0.466881	0.431177	1438.53
1	0.466881	0.466381	1182.8
1	0.466881	0.498606	995.668
1	0.466881	0.528317	850.943
1	0.466881	0.555878	684.016
1	0.466881	0.58158	524.206
1	0.466881	0.605657	395.596
1	0.466881	0.628304	372.782
1	0.466881	0.649679	297.405
1	0.466881	0.669919	215.655
1	0.466881	0.689139	150.418
1	0.466881	0.707435	95.8511
1	0.466881	0.724893	57.6065
1	0.466881	0.741586	35.8047
1	0.466881	0.757579	21.5197
1	0.466881	0.772927	12.0748
1	0.466881	0.787681	6.56775
1	0.466881	0.801885	3.35481
1	0.466881	0.815579	1.503
1	0.466881	0.828798	0.494539
1	0.466881	0.841573	0.0873483
1	0.466881	0.853934	0.00280432
1	0.466881	0.865907	0
1	0.466881	0.877515	0
1	0.512089	0	0
1	0.512089	0.099987	390.91
1	0.512089	0.179118	862.762
1	0.512089	0.24461	1566.59
1	0.512089	0.300481	2261.78
1	0.512089	0.349198	2475.26
1	0.512089	0.392388	2144.57
1	0.512089	0.431177	1713.99
1	0.512089	0.466381	1403.12
1	0.512089	0.498606	1160.09
1	0.512089	0.528317	1032.85
1	0.512089	0.555878	925.437
1	0.512089	0.58158	762.705
1	0.512089	0.605657	652.512
1	0.512089	0.628304	487.916
1	0.512089	0.649679	419.519
1	0.512089	0.669919	322.216
1	0.512089	0.689139	236.947
1	0.512089	0.707435	164.867
1	0.512089	0.724893	104.285
1	0.512089	0.741586	61.9121
1	0.512089	0.757579	37.7196
1	0.512089	0.772927	22.7799
1	0.512089	0.787681	12.509
1	0.512089	0.801885	6.86705
1	0.512089	0.815579	3.50284
1	0.512089	0.828798	1.54892
1	0.512089	0.841573	0.48547
1	0.512089	0.853934	0.0697739
1	0.512089	0.865907	0.000721447
1	0.512089	0.877515	0
1	0.55423	0	0
1	0.55423	0.099987	378.368
1	0.55423	0.179118	822.098
1	0.55423	0.24461	1526.01
1	0.55423	0.300481	2320.01
1	0.55423	0.349198	2708.76
1	0.55423	0.392388	2511.15
1	0.55423	0.431177	2087.96
1	0.55423	0.466381	1689.73
1	0.55423	0.498606	1403.77
1	0.55423	0.528317	1257.59
1	0.55423	0.555878	1155.27
1	0.55423	0.58158	994.645
1	0.55423	0.605657	923.932
1	0.55423	0.628304	772.63
1	0.55423	0.649679	568.276
1	0.55423	0.669919	468.533
1	0.55423	0.689139	355.563
1	0.55423	0.707435	258.014
1	0.55423	0.724893	178.057
1	0.55423	0.741586	111.539
1	0.55423	0.757579	66.411
1	0.55423	0.772927	39.4982
1	0.55423	0.787681	23.042
1	0.55423	0.801885	12.781
1	0.55423	0.815579	6.71578
1	0.55423	0.828798	3.33491
1	0.55423	0.841573	1.42902
1	0.55423	0.853934	0.401669
1	0.55423	0.865907	0.0406725
1	0.55423	0.877515	0
1	0.593693	0	0
1	0.593693	0.099987	366.122
1	0.593693	0.179118	780.666
1	0.593693	0.24461	1476.48
1	0.593693	0.300481	2343.36
1	0.593693	0.349198	2907.36
1	0.593693	0.392388	2881.98
1	0.593693	0.431177	2417.49
1	0.593693	0.466381	2014.79
1	0.593693	0.498606	1693.89
1	0.593693	0.528317	1494.02
1	0.593693	0.555878	1372.02
1	0.593693	0.58158	1268.86
1	0.593693	0.605657	1271.61
1	0.593693	0.628304	1135.38
1	0.593693	0.649679	888.52
1	0.593693	0.669919	649.367
1	0.593693	0.689139	524
1	0.593693	0.707435	388.212
1	0.593693	0.724893	283.308
1	0.593693	0.741586	193.012
1	0.593693	0.757579	121.103
1	0.593693	0.772927	68.9691
1	0.593693	0.787681	39.693
1	0.593693	0.801885	22.5103
1	0.593693	0.815579	11.8182
1	0.593693	0.828798	5.64156
1	0.593693	0.841573	2.55076
1	0.593693	0.853934	0.835778
1	0.593693	0.865907	0.116868
1	0.593693	0.877515	0
1	0.630798	0	0
1	0.630798	0.099987	354.24
1	0.630798	0.179118	738.964
1	0.630798	0.24461	1414.63
1	0.630798	0.300481	2324.83
1	0.630798	0.349198	3060.74
1	0.630798	0.392388	3220.65
1	0.630798	0.431177	2827.46
1	0.630798	0.466381	2403.79
1	0.630798	0.498606	1993.46
1	0.630798	0.528317	1723.75
1	0.630798	0.555878	1605.32
1	0.630798	0.58158	1569.53
1	0.630798	0.605657	1592.65
1	0.630798	0.628304	1580.15
1	0.630798	0.649679	1405.85
1	0.630798	0.669919	1019.56
1	0.630798	0.689139	741.52
1	0.630798	0.707435	577.293
1	0.630798	0.724893	433.657
1	0.630798	0.741586	311.179
1	0.630798	0.757579	209.999
1	0.630798	0.772927	127.41
1	0.630798	0.787681	69.2846
1	0.630798	0.801885	38.0727
1	0.630798	0.815579	20.3598
1	0.630798	0.828798	9.31597
1	0.630798	0.841573	3.60261
1	0.630798	0.853934	1.09194
1	0.630798	0.865907	0.138916
1	0.630798	0.877515	0
1	0.665812	0	0
1	0.665812	0.099987	342.07
1	0.665812	0.179118	698.514
1	0.665812	0.24461	1342.77
1	0.665812	0.300481	2275.36
1	0.665812	0.349198	3162.5
1	0.665812	0.392388	3528.13
1	0.665812	0.431177	3276.95
1	0.665812	0.466381	2750.75
1	0.665812	0.498606	2380.26
1	0.665812	0.528317	2042.38
1	0.665812	0.555878	1905.18
1	0.665812	0.58158	1856.09
1	0.665812	0.605657	1923.59
1	0.665812	0.628304	2046.39
1	0.665812	0.649679	2043.5
1	0.665812	0.669919	1636
1	0.665812	0.689139	1168.52
1	0.665812	0.707435	833.817
1	0.665812	0.724893	653.317
1	0.665812	0.741586	479.943
1	0.665812	0.757579	344.566
1	0.665812	0.772927	223.88
1	0.665812	0.787681	128.207
1	0.665812	0.801885	67.8681
1	0.665812	0.815579	34.4372
1	0.665812	0.828798	16.2257
1	0.665812	0.841573	5.7721
1	0.665812	0.853934	1.3335
1	0.665812	0.865907	0.163903
1	0.665812	0.877515	0
1	0.698958	0	0
1	0.698958	0.099987	329.652
1	0.698958	0.179118	658.698
1	0.698958	0.24461	1266.15
1	0.698958	0.300481	2206.41
1	0.698958	0.349198	3212.12
1	0.698958	0.392388	3789.06
1	0.698958	0.431177	3724.07
1	0.698958	0.466381	3194.33
1	0.698958	0.498606	2757.08
1	0.698958	0.528317	2396.52
1	0.698958	0.555878	2232.25
1	0.698958	0.58158	2127.86
1	0.698958	0.605657	2302.47
1	0.698958	0.628304	2452.9
1	0.698958	0.649679	2783.28
1	0.698958	0.669919	2407.36
1	0.698958	0.689139	1854.37
1	0.698958	0.707435	1320.21
1	0.698958	0.724893	959.903
1	0.698958	0.741586	730.619
1	0.698958	0.757579	528.341
1	0.698958	0.772927	366.285
1	0.698958	0.787681	229.957
1	0.698958	0.801885	128.477
1	0.698958	0.815579	63.8536
1	0.698958	0.828798	28.332
1	0.698958	0.841573	10.9313
1	0.698958	0.853934	2.55398
1	0.698958	0.865907	0.217246
1	0.698958	0.877515	0
1	0.730425	0	0
1	0.730425	0.099987	317.167
1	0.730425	0.179118	620.283
1	0.730425	0.24461	1185.65
1	0.730425	0.300481	2115.42
1	0.730425	0.349198	3201.92
1	0.730425	0.392388	3982.47
1	0.730425	0.431177	4144.95
1	0.730425	0.466381	3717.3
1	0.730425	0.498606	3149.86
1	0.730425	0.528317	2813.93
1	0.730425	0.555878	2568.02
1	0.730425	0.58158	2478.48
1	0.730425	0.605657	2640.4
1	0.730425	0.628304	2887.12
1	0.730425	0.649679	3386.73
1	0.730425	0.669919	3315.49
1	0.730425	0.689139	2719.36
1	0.730425	0.707435	2056.25
1	0.730425	0.724893	1514.37
1	0.730425	0.741586	1088.39
1	0.730425	0.757579	808.563
1	0.730425	0.772927	570.992
1	0.730425	0.787681	383.323
1	0.730425	0.801885	232.475
1	0.730425	0.815579	123.444
1	0.730425	0.828798	53.1702
1	0.730425	0.841573	19.1583
1	0.730425	0.853934	5.37044
1	0.730425	0.865907	0.64349
1	0.730425	0.877515	0
1	0.760374	0	0
1	0.760374	0.099987	304.725
1	0.760374	0.179118	583.348
1	0.760374	0.24461	1103.58
1	0.760374	0.300481	2006.74
1	0.760374	0.349198	3146.12
1	0.760374	0.392388	4112.94
1	0.760374	0.431177	4509.19
1	0.760374	0.466381	4264.65
1	0.760374	0.498606	3645.25
1	0.760374	0.528317	3184.55
1	0.760374	0.555878	2962.38
1	0.760374	0.58158	2799.94
1	0.760374	0.605657	3010.18
1	0.760374	0.628304	3302.43
1	0.760374	0.649679	3829.76
1	0.760374	0.669919	4089.3
1	0.760374	0.689139	3717.73
1	0.760374	0.707435	2976.6
1	0.760374	0.724893	2332.38
1	0.760374	0.741586	1709.14
1	0.760374	0.757579	1218.87
1	0.760374	0.772927	883.069
1	0.760374	0.787681	621.669
1	0.760374	0.801885	392.885
1	0.760374	0.815579	227.3
1	0.760374	0.828798	103.985
1	0.760374	0.841573	35.712
1	0.760374	0.853934	8.09998
1	0.760374	0.865907	0.961834
1	0.760374	0.877515	0
1	0.788947	0	0
1	0.788947	0.099987	291.973
1	0.788947	0.179118	547.878
1	0.788947	0.24461	1022.38
1	0.788947	0.300481	1890.57
1	0.788947	0.349198	3049.5
1	0.788947	0.392388	4153.16
1	0.788947	0.431177	4803.03
1	0.788947	0.466381	4793.19
1	0.788947	0.498606	4226.25
1	0.788947	0.528317	3631.24
1	0.788947	0.555878	3297.46
1	0.788947	0.58158	3184.1
1	0.788947	0.605657	3370.3
1	0.788947	0.628304	3680.47
1	0.788947	0.649679	4090.03
1	0.788947	0.669919	4545.1
1	0.788947	0.689139	4598.24
1	0.788947	0.707435	4021.91
1	0.788947	0.724893	3328.99
1	0.788947	0.741586	2616.31
1	0.788947	0.757579	1908.75
1	0.788947	0.772927	1335.48
1	0.788947	0.787681	1009.83
1	0.788947	0.801885	640.398
1	0.788947	0.815579	390.745
1	0.788947	0.828798	203.178
1	0.788947	0.841573	77.917
1	0.788947	0.853934	17.3343
1	0.788947	0.865907	1.23364
1	0.788947	0.877515	0
1	0.816262	0	0
1	0.816262	0.099987	278.941
1	0.816262	0.179118	512.819
1	0.816262	0.24461	944.1
1	0.816262	0.300481	1762.69
1	0.816262	0.349198	2910.14
1	0.816262	0.392388	4112.49
1	0.816262	0.431177	4999.68
1	0.816262	0.466381	5263.11
1	0.816262	0.498606	4852.36
1	0.816262	0.528317	4173.57
1	0.816262	0.555878	3676.57
1	0.816262	0.58158	3464.4
1	0.816262	0.605657	3774.93
1	0.816262	0.628304	4087.95
1	0.816262	0.649679	4303.81
1	0.816262	0.669919	4711.97
1	0.816262	0.689139	5070.69
1	0.816262	0.707435	4930.87
1	0.816262	0.724893	4454.11
1	0.816262	0.741586	3695.48
1	0.816262	0.757579	2885.94
1	0.816262	0.772927	2099.31
1	0.816262	0.787681	1561.68
1	0.816262	0.801885	1036.1
1	0.816262	0.815579	645.976
1	0.816262	0.828798	364.805
1	0.816262	0.841573	167.69
1	0.816262	0.853934	51.9421
1	0.816262	0.865907	6.7333
1	0.816262	0.877515	0
1	0.842428	0	0
1	0.842428	0.099987	265.412
1	0.842428	0.179118	477.422
1	0.842428	0.24461	867.588
1	0.842428	0.300481	1622.15
1	0.842428	0.349198	2744.78
1	0.842428	0.392388	3994.85
1	0.842428	0.431177	5068.5
1	0.842428	0.466381	5634
1	0.842428	0.498606	5460.75
1	0.842428	0.528317	4804.25
1	0.842428	0.555878	4154.23
1	0.842428	0.58158	3772.8
1	0.842428	0.605657	3934.19
1	0.842428	0.628304	4482.18
1	0.842428	0.649679	4700.12
1	0.842428	0.669919	4820.78
1	0.842428	0.689139	5202.65
1	0.842428	0.707435	5395.37
1	0.842428	0.724893	5413.52
1	0.842428	0.741586	4906.86
1	0.842428	0.757579	4034.47
1	0.842428	0.772927	3170.93
1	0.842428	0.787681	2467.91
1	0.842428	0.801885	1603.44
1	0.842428	0.815579	1059.89
1	0.842428	0.828798	605.056
1	0.842428	0.841573	304.607
1	0.842428	0.853934	112.566
1	0.842428	0.865907	19.8401
1	0.842428	0.877515	0
1	0.867536	0	0
1	0.867536	0.099987	252.313
1	0.867536	0.179118	442.037
1	0.867536	0.24461	792.475
1	0.867536	0.300481	1478.38
1	0.867536	0.349198	2553.01
1	0.867536	0.392388	3799.55
1	0.867536	0.431177	5018.22
1	0.867536	0.466381	5856.47
1	0.867536	0.498606	5992.1
1	0.867536	0.528317	5463.03
1	0.867536	0.555878	4730.39
1	0.867536	0.58158	4160.15
1	0.867536	0.605657	4078.2
1	0.867536	0.628304	4484.61
1	0.867536	0.649679	5075.55
1	0.867536	0.669919	5241.1
1	0.867536	0.689139	5330.4
1	0.867536	0.707435	5551.22
1	0.867536	0.724893	6019.48
1	0.867536	0.741586	5903.75
1	0.867536	0.757579	5300.37
1	0.867536	0.772927	4498.83
1	0.867536	0.787681	3691.92
1	0.867536	0.801885	2551.32
1	0.867536	0.815579	1673.5
1	0.867536	0.828798	1002.81
1	0.867536	0.841573	502.748
1	0.867536	0.853934	189.412
1	0.867536	0.865907	31.1426
1	0.867536	0.877515	0
1	0.891668	0	0
1	0.891668	0.099987	238.634
1	0.891668	0.179118	408.257
1	0.891668	0.24461	717.854
1	0.891668	0.300481	1336.45
1	0.891668	0.349198	2327.58
1	0.891668	0.392388	3543.28
1	0.891668	0.431177	4825.74
1	0.891668	0.466381	5910.57
1	0.891668	0.498606	6365.06
1	0.891668	0.528317	6093.86
1	0.891668	0.555878	5351.68
1	0.891668	0.58158	4643.48
1	0.891668	0.605657	4294.35
1	0.891668	0.628304	4470.54
1	0.891668	0.649679	4937.27
1	0.891668	0.669919	5550.81
1	0.891668	0.689139	5806.84
1	0.891668	0.707435	5819.68
1	0.891668	0.724893	6387.86
1	0.891668	0.741586	6663.45
1	0.891668	0.757579	6366.55
1	0.891668	0.772927	6004.51
1	0.891668	0.787681	5381.83
1	0.891668	0.801885	3858.26
1	0.891668	0.815579	2682.01
1	0.891668	0.828798	1623.69
1	0.891668	0.841573	863.425
1	0.891668	0.853934	334.753
1	0.891668	0.865907	45.7281
1	0.891668	0.877515	0
1	0.914898	0	0
1	0.914898	0.099987	224.256
1	0.914898	0.179118	374.157
1	0.914898	0.24461	643.018
1	0.914898	0.300481	1194.09
1	0.914898	0.349198	2077.48
1	0.914898	0.392388	3218.19
1	0.914898	0.431177	4510.04
1	0.914898	0.466381	5749.53
1	0.914898	0.498606	6535.83
1	0.914898	0.528317	6580.26
1	0.914898	0.555878	5973.16
1	0.914898	0.58158	5165.21
1	0.914898	0.605657	4618.48
1	0.914898	0.628304	4542.65
1	0.914898	0.649679	4825.27
1	0.914898	0.669919	5298.96
1	0.914898	0.689139	5988.06
1	0.914898	0.707435	6369
1	0.914898	0.724893	7066.32
1	0.914898	0.741586	7299.56
1	0.914898	0.757579	7140.61
1	0.914898	0.772927	7223.36
1	0.914898	0.787681	7158.41
1	0.914898	0.801885	5864.11
1	0.914898	0.815579	4163.78
1	0.914898	0.828798	2641.63
1	0.914898	0.841573	1487.47
1	0.914898	0.853934	671.896
1	0.914898	0.865907	84.0131
1	0.914898	0.877515	0
1	0.937291	0	0
1	0.937291	0.099987	209.715
1	0.937291	0.179118	338.366
1	0.937291	0.24461	569.185
1	0.937291	0.300481	1049.32
1	0.937291	0.349198	1810.14
1	0.937291	0.392388	2820.94
1	0.937291	0.431177	4064.31
1	0.937291	0.466381	5371.97
1	0.937291	0.498606	6399.77
1	0.937291	0.528317	6817.39
1	0.937291	0.555878	6457.65
1	0.937291	0.58158	5669.3
1	0.937291	0.605657	5005.48
1	0.937291	0.628304	4738.88
1	0.937291	0.649679	4804.17
1	0.937291	0.669919	5153.55
1	0.937291	0.689139	5790.41
1	0.937291	0.707435	6314.24
1	0.937291	0.724893	7966.28
1	0.937291	0.741586	8335.9
1	0.937291	0.757579	8036.46
1	0.937291	0.772927	8311.73
1	0.937291	0.787681	8384.55
1	0.937291	0.801885	7637.33
1	0.937291	0.815579	6488.8
1	0.937291	0.828798	4354.81
1	0.937291	0.841573	2814.34
1	0.937291	0.853934	1276.89
1	0.937291	0.865907	187.064
1	0.937291	0.877515	0
1	0.958905	0	0
1	0.958905	0.099987	195.053
1	0.958905	0.179118	299.975
1	0.958905	0.24461	495.313
1	0.958905	0.300481	896.71
1	0.958905	0.349198	1525
1	0.958905	0.392388	2374.22
1	0.958905	0.431177	3470.89
1	0.958905	0.466381	4726.68
1	0.958905	0.498606	5898.76
1	0.958905	0.528317	6626.02
1	0.958905	0.555878	6627.5
1	0.958905	0.58158	5995.8
1	0.958905	0.605657	5282.93
1	0.958905	0.628304	4915.12
1	0.958905	0.649679	4930.77
1	0.958905	0.669919	5045.88
1	0.958905	0.689139	5530.13
1	0.958905	0.707435	6120.62
1	0.958905	0.724893	7541.74
1	0.958905	0.741586	8833.26
1	0.958905	0.757579	9653.71
1	0.958905	0.772927	10107.4
1	0.958905	0.787681	10065.2
1	0.958905	0.801885	9387.09
1	0.958905	0.815579	8096.65
1	0.958905	0.828798	6732.37
1	0.958905	0.841573	5838.71
1	0.958905	0.853934	2357.02
1	0.958905	0.865907	436.784
1	0.958905	0.877515	0
1	0.979792	0	0
1	0.979792	0.099987	180.489
1	0.979792	0.179118	258.424
1	0.979792	0.24461	417.491
1	0.979792	0.300481	733.426
1	0.979792	0.349198	1221.26
1	0.979792	0.392388	1865.36
1	0.979792	0.431177	2720.37
1	0.979792	0.466381	3758.79
1	0.979792	0.498606	4888.33
1	0.979792	0.528317	5802.89
1	0.979792	0.555878	6157.81
1	0.979792	0.58158	5852.4
1	0.979792	0.605657	5295.76
1	0.979792	0.628304	4891.66
1	0.979792	0.649679	4831.41
1	0.979792	0.669919	4911.46
1	0.979792	0.689139	5334.99
1	0.979792	0.707435	5691.97
1	0.979792	0.724893	6713.6
1	0.979792	0.741586	7937.44
1	0.979792	0.757579	9055.67
1	0.979792	0.772927	11073.7
1	0.979792	0.787681	12555.9
1	0.979792	0.801885	13223
1	0.979792	0.815579	11337
1	0.979792	0.828798	8663.03
1	0.979792	0.841573	7931.69
1	0.979792	0.853934	4765.8
1	0.979792	0.865907	1819.79
1	0.979792	0.877515	0
1	1	0	0
1	1	0.099987	165.288
1	1	0.179118	216.189
1	1	0.24461	330.727
1	1	0.300481	561.052
1	1	0.349198	889.573
1	1	0.392388	1285.05
1	1	0.431177	1723.4
1	1	0.466381	2319.92
1	1	0.498606	3077.93
1	1	0.528317	3807.39
1	1	0.555878	4290.01
1	1	0.58158	4369.4
1	1	0.605657	4314.81
1	1	0.628304	4201.17
1	1	0.649679	4214.73
1	1	0.669919	4475.7
1	1	0.689139	4784.58
1	1	0.707435	4921.97
1	1	0.724893	5352.74
1	1	0.741586	5809.79
1	1	0.757579	6319.31
1	1	0.772927	8611.05
1	1	0.787681	11246.2
1	1	0.801885	15093.2
1	1	0.815579	17517.7
1	1	0.828798	16670.2
1	1	0.841573	12298.9
1	1	0.853934	5716.75
1	1	0.865907	1559.2
1	1	0.877515	0
