1     -1     0      0
1     -1     0.10169      118.749
1     -1     0.182169      85.6939
1     -1     0.248776      20.5797
1     -1     0.305599      0.94658
1     -1     0.355146      0
1     -1     0.399071      0
1     -1     0.438521      0
1     -1     0.474324      0
1     -1     0.507097      0
1     -1     0.537314      0
1     -1     0.565345      0
1     -1     0.591485      0
1     -1     0.615972      0
1     -1     0.639004      0
1     -1     0.660744      0
1     -1     0.681329      0
1     -1     0.700875      0
1     -1     0.719483      0
1     -1     0.737239      0
1     -1     0.754216      0
1     -1     0.770481      0
1     -1     0.786091      0
1     -1     0.801096      0
1     -1     0.815542      0
1     -1     0.829469      0
1     -1     0.842913      0
1     -1     0.855906      0
1     -1     0.868478      0
1     -1     0.880654      0
1     -1     0.89246      0
1     -0.634788     0      0
1     -0.634788     0.10169      132.283
1     -0.634788     0.182169      163.559
1     -0.634788     0.248776      79.3883
1     -0.634788     0.305599      34.3841
1     -0.634788     0.355146      16.3308
1     -0.634788     0.399071      9.38459
1     -0.634788     0.438521      4.17305
1     -0.634788     0.474324      1.57604
1     -0.634788     0.507097      0.465754
1     -0.634788     0.537314      0.138095
1     -0.634788     0.565345      0.0407543
1     -0.634788     0.591485      0.00912078
1     -0.634788     0.615972      0.00199725
1     -0.634788     0.639004      1.80495e-05
1     -0.634788     0.660744      0
1     -0.634788     0.681329      0
1     -0.634788     0.700875      0
1     -0.634788     0.719483      0
1     -0.634788     0.737239      0
1     -0.634788     0.754216      0
1     -0.634788     0.770481      0
1     -0.634788     0.786091      0
1     -0.634788     0.801096      0
1     -0.634788     0.815542      0
1     -0.634788     0.829469      0
1     -0.634788     0.842913      0
1     -0.634788     0.855906      0
1     -0.634788     0.868478      0
1     -0.634788     0.880654      0
1     -0.634788     0.89246      0
1     -0.406307     0      0
1     -0.406307     0.10169      140.272
1     -0.406307     0.182169      219.008
1     -0.406307     0.248776      152.945
1     -0.406307     0.305599      82.8974
1     -0.406307     0.355146      50.2669
1     -0.406307     0.399071      33.2491
1     -0.406307     0.438521      22.0198
1     -0.406307     0.474324      12.0995
1     -0.406307     0.507097      5.70132
1     -0.406307     0.537314      2.44902
1     -0.406307     0.565345      0.986138
1     -0.406307     0.591485      0.346137
1     -0.406307     0.615972      0.0962779
1     -0.406307     0.639004      0.0179088
1     -0.406307     0.660744      0.00315691
1     -0.406307     0.681329      0
1     -0.406307     0.700875      0
1     -0.406307     0.719483      0
1     -0.406307     0.737239      0
1     -0.406307     0.754216      0
1     -0.406307     0.770481      0
1     -0.406307     0.786091      0
1     -0.406307     0.801096      0
1     -0.406307     0.815542      0
1     -0.406307     0.829469      0
1     -0.406307     0.842913      0
1     -0.406307     0.855906      0
1     -0.406307     0.868478      0
1     -0.406307     0.880654      0
1     -0.406307     0.89246      0
1     -0.239626     0      0
1     -0.239626     0.10169      149.082
1     -0.239626     0.182169      252.98
1     -0.239626     0.248776      231.058
1     -0.239626     0.305599      145.665
1     -0.239626     0.355146      99.1233
1     -0.239626     0.399071      70.1495
1     -0.239626     0.438521      52.7702
1     -0.239626     0.474324      35.3228
1     -0.239626     0.507097      20.5668
1     -0.239626     0.537314      10.7662
1     -0.239626     0.565345      5.27546
1     -0.239626     0.591485      2.44529
1     -0.239626     0.615972      1.08727
1     -0.239626     0.639004      0.348348
1     -0.239626     0.660744      0.0715112
1     -0.239626     0.681329      0
1     -0.239626     0.700875      0
1     -0.239626     0.719483      0
1     -0.239626     0.737239      0
1     -0.239626     0.754216      0
1     -0.239626     0.770481      0
1     -0.239626     0.786091      0
1     -0.239626     0.801096      0
1     -0.239626     0.815542      0
1     -0.239626     0.829469      0
1     -0.239626     0.842913      0
1     -0.239626     0.855906      0
1     -0.239626     0.868478      0
1     -0.239626     0.880654      0
1     -0.239626     0.89246      0
1     -0.108332     0      0
1     -0.108332     0.10169      157.872
1     -0.108332     0.182169      281.615
1     -0.108332     0.248776      303.049
1     -0.108332     0.305599      229.518
1     -0.108332     0.355146      160.588
1     -0.108332     0.399071      122.748
1     -0.108332     0.438521      95.1368
1     -0.108332     0.474324      73.3624
1     -0.108332     0.507097      49.0807
1     -0.108332     0.537314      29.597
1     -0.108332     0.565345      16.4314
1     -0.108332     0.591485      8.80552
1     -0.108332     0.615972      4.48824
1     -0.108332     0.639004      2.07268
1     -0.108332     0.660744      0.855981
1     -0.108332     0.681329      0.183825
1     -0.108332     0.700875      0.00709368
1     -0.108332     0.719483      0
1     -0.108332     0.737239      0
1     -0.108332     0.754216      0
1     -0.108332     0.770481      0
1     -0.108332     0.786091      0
1     -0.108332     0.801096      0
1     -0.108332     0.815542      0
1     -0.108332     0.829469      0
1     -0.108332     0.842913      0
1     -0.108332     0.855906      0
1     -0.108332     0.868478      0
1     -0.108332     0.880654      0
1     -0.108332     0.89246      0
1     -2e-20     0      0
1     -2e-20     0.10169      167.129
1     -2e-20     0.182169      308.825
1     -2e-20     0.248776      379.638
1     -2e-20     0.305599      314.81
1     -2e-20     0.355146      229.642
1     -2e-20     0.399071      193.878
1     -2e-20     0.438521      149.789
1     -2e-20     0.474324      121.016
1     -2e-20     0.507097      93.7699
1     -2e-20     0.537314      62.5535
1     -2e-20     0.565345      39.6997
1     -2e-20     0.591485      22.6279
1     -2e-20     0.615972      12.7785
1     -2e-20     0.639004      6.78718
1     -2e-20     0.660744      3.38467
1     -2e-20     0.681329      1.37546
1     -2e-20     0.700875      0.466684
1     -2e-20     0.719483      0.0814825
1     -2e-20     0.737239      0.000921874
1     -2e-20     0.754216      0
1     -2e-20     0.770481      0
1     -2e-20     0.786091      0
1     -2e-20     0.801096      0
1     -2e-20     0.815542      0
1     -2e-20     0.829469      0
1     -2e-20     0.842913      0
1     -2e-20     0.855906      0
1     -2e-20     0.868478      0
1     -2e-20     0.880654      0
1     -2e-20     0.89246      0
1     0.0922185     0      0
1     0.0922185     0.10169      177.201
1     0.0922185     0.182169      333.306
1     0.0922185     0.248776      442.156
1     0.0922185     0.305599      418.415
1     0.0922185     0.355146      321.414
1     0.0922185     0.399071      270.005
1     0.0922185     0.438521      236.344
1     0.0922185     0.474324      182.059
1     0.0922185     0.507097      148.988
1     0.0922185     0.537314      112.645
1     0.0922185     0.565345      76.9781
1     0.0922185     0.591485      49.5952
1     0.0922185     0.615972      29.4546
1     0.0922185     0.639004      17.1112
1     0.0922185     0.660744      9.17132
1     0.0922185     0.681329      4.75271
1     0.0922185     0.700875      2.17746
1     0.0922185     0.719483      0.816934
1     0.0922185     0.737239      0.162266
1     0.0922185     0.754216      0.00580228
1     0.0922185     0.770481      0
1     0.0922185     0.786091      0
1     0.0922185     0.801096      0
1     0.0922185     0.815542      0
1     0.0922185     0.829469      0
1     0.0922185     0.842913      0
1     0.0922185     0.855906      0
1     0.0922185     0.868478      0
1     0.0922185     0.880654      0
1     0.0922185     0.89246      0
1     0.172502     0      0
1     0.172502     0.10169      185.656
1     0.172502     0.182169      357.433
1     0.172502     0.248776      500.741
1     0.172502     0.305599      523.467
1     0.172502     0.355146      429.975
1     0.172502     0.399071      353.372
1     0.172502     0.438521      320.284
1     0.172502     0.474324      275.832
1     0.172502     0.507097      225.699
1     0.172502     0.537314      178.664
1     0.172502     0.565345      133.224
1     0.172502     0.591485      91.0542
1     0.172502     0.615972      58.9746
1     0.172502     0.639004      36.4092
1     0.172502     0.660744      21.0635
1     0.172502     0.681329      11.7622
1     0.172502     0.700875      6.28218
1     0.172502     0.719483      3.05482
1     0.172502     0.737239      1.15098
1     0.172502     0.754216      0.364261
1     0.172502     0.770481      0.0507309
1     0.172502     0.786091      0
1     0.172502     0.801096      0
1     0.172502     0.815542      0
1     0.172502     0.829469      0
1     0.172502     0.842913      0
1     0.172502     0.855906      0
1     0.172502     0.868478      0
1     0.172502     0.880654      0
1     0.172502     0.89246      0
1     0.243589     0      0
1     0.243589     0.10169      193.698
1     0.243589     0.182169      378.868
1     0.243589     0.248776      555.5
1     0.243589     0.305599      633.665
1     0.243589     0.355146      553.745
1     0.243589     0.399071      462.526
1     0.243589     0.438521      417.286
1     0.243589     0.474324      377.789
1     0.243589     0.507097      323.065
1     0.243589     0.537314      267.82
1     0.243589     0.565345      209.777
1     0.243589     0.591485      155.818
1     0.243589     0.615972      105.439
1     0.243589     0.639004      69.1904
1     0.243589     0.660744      42.7925
1     0.243589     0.681329      24.823
1     0.243589     0.700875      14.4678
1     0.243589     0.719483      7.8465
1     0.243589     0.737239      3.91187
1     0.243589     0.754216      1.65095
1     0.243589     0.770481      0.558171
1     0.243589     0.786091      0.0870912
1     0.243589     0.801096      7.68664e-05
1     0.243589     0.815542      0
1     0.243589     0.829469      0
1     0.243589     0.842913      0
1     0.243589     0.855906      0
1     0.243589     0.868478      0
1     0.243589     0.880654      0
1     0.243589     0.89246      0
1     0.307372     0      0
1     0.307372     0.10169      201.322
1     0.307372     0.182169      397.375
1     0.307372     0.248776      604.564
1     0.307372     0.305599      738.138
1     0.307372     0.355146      690.386
1     0.307372     0.399071      599.382
1     0.307372     0.438521      528.106
1     0.307372     0.474324      501.995
1     0.307372     0.507097      464.086
1     0.307372     0.537314      392.528
1     0.307372     0.565345      301.809
1     0.307372     0.591485      245.079
1     0.307372     0.615972      179.397
1     0.307372     0.639004      121.799
1     0.307372     0.660744      78.9947
1     0.307372     0.681329      49.0764
1     0.307372     0.700875      29.1733
1     0.307372     0.719483      17.0584
1     0.307372     0.737239      9.6959
1     0.307372     0.754216      4.82167
1     0.307372     0.770481      2.21312
1     0.307372     0.786091      0.684884
1     0.307372     0.801096      0.114939
1     0.307372     0.815542      0.00102621
1     0.307372     0.829469      0
1     0.307372     0.842913      0
1     0.307372     0.855906      0
1     0.307372     0.868478      0
1     0.307372     0.880654      0
1     0.307372     0.89246      0
1     0.365212     0      0
1     0.365212     0.10169      208.673
1     0.365212     0.182169      412.635
1     0.365212     0.248776      648.96
1     0.365212     0.305599      843.438
1     0.365212     0.355146      848.457
1     0.365212     0.399071      763.593
1     0.365212     0.438521      667.023
1     0.365212     0.474324      631.119
1     0.365212     0.507097      614.554
1     0.365212     0.537314      569.515
1     0.365212     0.565345      431.769
1     0.365212     0.591485      347.259
1     0.365212     0.615972      280.19
1     0.365212     0.639004      205.765
1     0.365212     0.660744      137.405
1     0.365212     0.681329      88.3314
1     0.365212     0.700875      56.0473
1     0.365212     0.719483      33.4904
1     0.365212     0.737239      19.7059
1     0.365212     0.754216      11.691
1     0.365212     0.770481      6.08909
1     0.365212     0.786091      2.61328
1     0.365212     0.801096      0.834704
1     0.365212     0.815542      0.166358
1     0.365212     0.829469      0.00113078
1     0.365212     0.842913      0
1     0.365212     0.855906      0
1     0.365212     0.868478      0
1     0.365212     0.880654      0
1     0.365212     0.89246      0
1     0.418124     0      0
1     0.418124     0.10169      215.625
1     0.418124     0.182169      426.477
1     0.418124     0.248776      694.646
1     0.418124     0.305599      942.323
1     0.418124     0.355146      1013.09
1     0.418124     0.399071      917.895
1     0.418124     0.438521      846.107
1     0.418124     0.474324      771.315
1     0.418124     0.507097      773.438
1     0.418124     0.537314      765.829
1     0.418124     0.565345      612.954
1     0.418124     0.591485      497.985
1     0.418124     0.615972      397.994
1     0.418124     0.639004      319.616
1     0.418124     0.660744      232.395
1     0.418124     0.681329      153.974
1     0.418124     0.700875      98.7053
1     0.418124     0.719483      62.5464
1     0.418124     0.737239      38.4057
1     0.418124     0.754216      23.0544
1     0.418124     0.770481      13.7131
1     0.418124     0.786091      7.15377
1     0.418124     0.801096      2.99796
1     0.418124     0.815542      0.992324
1     0.418124     0.829469      0.175972
1     0.418124     0.842913      0.000652166
1     0.418124     0.855906      0
1     0.418124     0.868478      0
1     0.418124     0.880654      0
1     0.418124     0.89246      0
1     0.466881     0      0
1     0.466881     0.10169      222.139
1     0.466881     0.182169      439.507
1     0.466881     0.248776      737.026
1     0.466881     0.305599      1040.61
1     0.466881     0.355146      1187.17
1     0.466881     0.399071      1124.8
1     0.466881     0.438521      1049.69
1     0.466881     0.474324      956.546
1     0.466881     0.507097      941.517
1     0.466881     0.537314      993.953
1     0.466881     0.565345      839.072
1     0.466881     0.591485      690.879
1     0.466881     0.615972      565.307
1     0.466881     0.639004      460.474
1     0.466881     0.660744      362.821
1     0.466881     0.681329      260.785
1     0.466881     0.700875      172.005
1     0.466881     0.719483      109.51
1     0.466881     0.737239      69.5019
1     0.466881     0.754216      43.8152
1     0.466881     0.770481      26.8442
1     0.466881     0.786091      15.5314
1     0.466881     0.801096      8.04468
1     0.466881     0.815542      3.38616
1     0.466881     0.829469      1.03505
1     0.466881     0.842913      0.147004
1     0.466881     0.855906      8.9349e-06
1     0.466881     0.868478      0
1     0.466881     0.880654      0
1     0.466881     0.89246      0
1     0.512089     0      0
1     0.512089     0.10169      228.106
1     0.512089     0.182169      450.935
1     0.512089     0.248776      772.887
1     0.512089     0.305599      1136.8
1     0.512089     0.355146      1369.04
1     0.512089     0.399071      1370.22
1     0.512089     0.438521      1246.05
1     0.512089     0.474324      1183.89
1     0.512089     0.507097      1153.44
1     0.512089     0.537314      1213.69
1     0.512089     0.565345      1100.7
1     0.512089     0.591485      947.232
1     0.512089     0.615972      793.686
1     0.512089     0.639004      653.362
1     0.512089     0.660744      534.213
1     0.512089     0.681329      414.541
1     0.512089     0.700875      291.843
1     0.512089     0.719483      191.019
1     0.512089     0.737239      122.084
1     0.512089     0.754216      78.0803
1     0.512089     0.770481      49.1837
1     0.512089     0.786091      29.6136
1     0.512089     0.801096      17.2822
1     0.512089     0.815542      8.7587
1     0.512089     0.829469      3.68599
1     0.512089     0.842913      0.997322
1     0.512089     0.855906      0.0881877
1     0.512089     0.868478      0
1     0.512089     0.880654      0
1     0.512089     0.89246      0
1     0.55423     0      0
1     0.55423     0.10169      233.397
1     0.55423     0.182169      460.686
1     0.55423     0.248776      800.041
1     0.55423     0.305599      1229.43
1     0.55423     0.355146      1549.3
1     0.55423     0.399071      1623.86
1     0.55423     0.438521      1497.09
1     0.55423     0.474324      1425.54
1     0.55423     0.507097      1390.41
1     0.55423     0.537314      1491.68
1     0.55423     0.565345      1361.44
1     0.55423     0.591485      1248.01
1     0.55423     0.615972      1116.38
1     0.55423     0.639004      916.138
1     0.55423     0.660744      761.176
1     0.55423     0.681329      624.139
1     0.55423     0.700875      473.627
1     0.55423     0.719483      327.355
1     0.55423     0.737239      210.57
1     0.55423     0.754216      135.929
1     0.55423     0.770481      86.1439
1     0.55423     0.786091      53.7556
1     0.55423     0.801096      32.2853
1     0.55423     0.815542      18.3999
1     0.55423     0.829469      9.24547
1     0.55423     0.842913      3.70554
1     0.55423     0.855906      0.886807
1     0.55423     0.868478      0.0357946
1     0.55423     0.880654      0
1     0.55423     0.89246      0
1     0.593693     0      0
1     0.593693     0.10169      237.86
1     0.593693     0.182169      467.906
1     0.593693     0.248776      822.876
1     0.593693     0.305599      1318.99
1     0.593693     0.355146      1728.34
1     0.593693     0.399071      1905.85
1     0.593693     0.438521      1820.25
1     0.593693     0.474324      1666.82
1     0.593693     0.507097      1676.14
1     0.593693     0.537314      1775.53
1     0.593693     0.565345      1668.98
1     0.593693     0.591485      1576.1
1     0.593693     0.615972      1487.11
1     0.593693     0.639004      1319.37
1     0.593693     0.660744      1080.1
1     0.593693     0.681329      902.46
1     0.593693     0.700875      723.687
1     0.593693     0.719483      543.708
1     0.593693     0.737239      368.561
1     0.593693     0.754216      231.756
1     0.593693     0.770481      147.447
1     0.593693     0.786091      92.7318
1     0.593693     0.801096      56.8567
1     0.593693     0.815542      33.8934
1     0.593693     0.829469      19.049
1     0.593693     0.842913      9.28798
1     0.593693     0.855906      3.41953
1     0.593693     0.868478      0.657242
1     0.593693     0.880654      0.00518601
1     0.593693     0.89246      0
1     0.630798     0      0
1     0.630798     0.10169      241.911
1     0.630798     0.182169      474.247
1     0.630798     0.248776      843.528
1     0.630798     0.305599      1400.9
1     0.630798     0.355146      1906.94
1     0.630798     0.399071      2204.27
1     0.630798     0.438521      2167.19
1     0.630798     0.474324      2006.93
1     0.630798     0.507097      1930.93
1     0.630798     0.537314      2043.5
1     0.630798     0.565345      1998.51
1     0.630798     0.591485      1970.33
1     0.630798     0.615972      1884.24
1     0.630798     0.639004      1793.14
1     0.630798     0.660744      1568.25
1     0.630798     0.681329      1301.5
1     0.630798     0.700875      1062.51
1     0.630798     0.719483      839.54
1     0.630798     0.737239      617.414
1     0.630798     0.754216      410.102
1     0.630798     0.770481      251.058
1     0.630798     0.786091      154.415
1     0.630798     0.801096      96.1109
1     0.630798     0.815542      57.8204
1     0.630798     0.829469      33.5039
1     0.630798     0.842913      18.1772
1     0.630798     0.855906      8.34167
1     0.630798     0.868478      2.77285
1     0.630798     0.880654      0.364989
1     0.630798     0.89246      4.38148e-08
1     0.665812     0      0
1     0.665812     0.10169      245.35
1     0.665812     0.182169      480.437
1     0.665812     0.248776      857.85
1     0.665812     0.305599      1472.13
1     0.665812     0.355146      2090.03
1     0.665812     0.399071      2513.36
1     0.665812     0.438521      2569.28
1     0.665812     0.474324      2412.39
1     0.665812     0.507097      2260.61
1     0.665812     0.537314      2312.4
1     0.665812     0.565345      2338.89
1     0.665812     0.591485      2370.32
1     0.665812     0.615972      2339.45
1     0.665812     0.639004      2296.32
1     0.665812     0.660744      2180.01
1     0.665812     0.681329      1914.31
1     0.665812     0.700875      1554.5
1     0.665812     0.719483      1255.84
1     0.665812     0.737239      963.374
1     0.665812     0.754216      692.107
1     0.665812     0.770481      448.208
1     0.665812     0.786091      265.173
1     0.665812     0.801096      157.212
1     0.665812     0.815542      95.0767
1     0.665812     0.829469      54.9757
1     0.665812     0.842913      29.2084
1     0.665812     0.855906      13.7626
1     0.665812     0.868478      4.98706
1     0.665812     0.880654      0.726649
1     0.665812     0.89246      9.61427e-08
1     0.698958     0      0
1     0.698958     0.10169      247.946
1     0.698958     0.182169      487.156
1     0.698958     0.248776      868.501
1     0.698958     0.305599      1528.95
1     0.698958     0.355146      2276.18
1     0.698958     0.399071      2828.13
1     0.698958     0.438521      3023.77
1     0.698958     0.474324      2869.62
1     0.698958     0.507097      2705.96
1     0.698958     0.537314      2578.61
1     0.698958     0.565345      2709.22
1     0.698958     0.591485      2843.06
1     0.698958     0.615972      2860.94
1     0.698958     0.639004      2858.26
1     0.698958     0.660744      2864.55
1     0.698958     0.681329      2719.47
1     0.698958     0.700875      2313.25
1     0.698958     0.719483      1868.93
1     0.698958     0.737239      1465.71
1     0.698958     0.754216      1091.68
1     0.698958     0.770481      765.54
1     0.698958     0.786091      483.564
1     0.698958     0.801096      271.038
1     0.698958     0.815542      154.854
1     0.698958     0.829469      89.1456
1     0.698958     0.842913      46.1497
1     0.698958     0.855906      20.2449
1     0.698958     0.868478      6.76429
1     0.698958     0.880654      0.906862
1     0.698958     0.89246      1.18877e-07
1     0.730425     0      0
1     0.730425     0.10169      249.653
1     0.730425     0.182169      495.963
1     0.730425     0.248776      878.148
1     0.730425     0.305599      1576.9
1     0.730425     0.355146      2447.08
1     0.730425     0.399071      3149.96
1     0.730425     0.438521      3533.79
1     0.730425     0.474324      3442.59
1     0.730425     0.507097      3199.08
1     0.730425     0.537314      3014.92
1     0.730425     0.565345      3018.05
1     0.730425     0.591485      3347.99
1     0.730425     0.615972      3442.29
1     0.730425     0.639004      3513.14
1     0.730425     0.660744      3589.49
1     0.730425     0.681329      3653.8
1     0.730425     0.700875      3322.82
1     0.730425     0.719483      2814.93
1     0.730425     0.737239      2208.37
1     0.730425     0.754216      1682.63
1     0.730425     0.770481      1241.97
1     0.730425     0.786091      849.815
1     0.730425     0.801096      508.722
1     0.730425     0.815542      271.287
1     0.730425     0.829469      146.368
1     0.730425     0.842913      76.8065
1     0.730425     0.855906      32.5759
1     0.730425     0.868478      9.35655
1     0.730425     0.880654      1.11107
1     0.730425     0.89246      1.46027e-07
1     0.760374     0      0
1     0.760374     0.10169      250.713
1     0.760374     0.182169      504.921
1     0.760374     0.248776      889.23
1     0.760374     0.305599      1614.98
1     0.760374     0.355146      2597.25
1     0.760374     0.399071      3487.95
1     0.760374     0.438521      4048.29
1     0.760374     0.474324      4136.16
1     0.760374     0.507097      3853.66
1     0.760374     0.537314      3541.69
1     0.760374     0.565345      3425.85
1     0.760374     0.591485      3767.02
1     0.760374     0.615972      4086.78
1     0.760374     0.639004      4245.52
1     0.760374     0.660744      4421.11
1     0.760374     0.681329      4627.89
1     0.760374     0.700875      4517.34
1     0.760374     0.719483      4082.8
1     0.760374     0.737239      3361.82
1     0.760374     0.754216      2557.28
1     0.760374     0.770481      1940.49
1     0.760374     0.786091      1416.4
1     0.760374     0.801096      929.392
1     0.760374     0.815542      532.253
1     0.760374     0.829469      261.7
1     0.760374     0.842913      131.802
1     0.760374     0.855906      58.7174
1     0.760374     0.868478      17.9127
1     0.760374     0.880654      2.19119
1     0.760374     0.89246      1.82566e-07
1     0.788947     0      0
1     0.788947     0.10169      251.791
1     0.788947     0.182169      512.739
1     0.788947     0.248776      896.452
1     0.788947     0.305599      1648.59
1     0.788947     0.355146      2724.19
1     0.788947     0.399071      3810.44
1     0.788947     0.438521      4582.76
1     0.788947     0.474324      4916.02
1     0.788947     0.507097      4682.73
1     0.788947     0.537314      4222.12
1     0.788947     0.565345      4022.92
1     0.788947     0.591485      4186.6
1     0.788947     0.615972      4644.79
1     0.788947     0.639004      4985.76
1     0.788947     0.660744      5396.31
1     0.788947     0.681329      5733.99
1     0.788947     0.700875      5754.37
1     0.788947     0.719483      5602.76
1     0.788947     0.737239      4899.96
1     0.788947     0.754216      3925.95
1     0.788947     0.770481      2980.52
1     0.788947     0.786091      2250.02
1     0.788947     0.801096      1589.29
1     0.788947     0.815542      1027.16
1     0.788947     0.829469      546.583
1     0.788947     0.842913      253.118
1     0.788947     0.855906      99.449
1     0.788947     0.868478      33.1967
1     0.788947     0.880654      4.7809
1     0.788947     0.89246      7.19977e-07
1     0.816262     0      0
1     0.816262     0.10169      252.154
1     0.816262     0.182169      518.851
1     0.816262     0.248776      900.754
1     0.816262     0.305599      1678.99
1     0.816262     0.355146      2833.9
1     0.816262     0.399071      4105.11
1     0.816262     0.438521      5167.67
1     0.816262     0.474324      5719.34
1     0.816262     0.507097      5682.61
1     0.816262     0.537314      5107.06
1     0.816262     0.565345      4687.29
1     0.816262     0.591485      4861.47
1     0.816262     0.615972      5135.1
1     0.816262     0.639004      5693.41
1     0.816262     0.660744      6340.03
1     0.816262     0.681329      7044.74
1     0.816262     0.700875      7207.71
1     0.816262     0.719483      7195.49
1     0.816262     0.737239      6717.31
1     0.816262     0.754216      5758.89
1     0.816262     0.770481      4692.77
1     0.816262     0.786091      3492.13
1     0.816262     0.801096      2583.64
1     0.816262     0.815542      1818.88
1     0.816262     0.829469      1106.95
1     0.816262     0.842913      579.436
1     0.816262     0.855906      181.066
1     0.816262     0.868478      51.26
1     0.816262     0.880654      7.4008
1     0.816262     0.89246      1.1745e-06
1     0.842428     0      0
1     0.842428     0.10169      251.822
1     0.842428     0.182169      523.344
1     0.842428     0.248776      904.683
1     0.842428     0.305599      1708.2
1     0.842428     0.355146      2918.68
1     0.842428     0.399071      4386.97
1     0.842428     0.438521      5726.96
1     0.842428     0.474324      6623.06
1     0.842428     0.507097      6793.53
1     0.842428     0.537314      6283.28
1     0.842428     0.565345      5594.98
1     0.842428     0.591485      5464.19
1     0.842428     0.615972      5803.66
1     0.842428     0.639004      6262.05
1     0.842428     0.660744      7190.38
1     0.842428     0.681329      8416.47
1     0.842428     0.700875      8884.3
1     0.842428     0.719483      9115.39
1     0.842428     0.737239      8724.7
1     0.842428     0.754216      7819.63
1     0.842428     0.770481      7023.02
1     0.842428     0.786091      5616.44
1     0.842428     0.801096      4058.76
1     0.842428     0.815542      3003.58
1     0.842428     0.829469      2076.86
1     0.842428     0.842913      1248.96
1     0.842428     0.855906      442.032
1     0.842428     0.868478      94.0764
1     0.842428     0.880654      10.1558
1     0.842428     0.89246      1.53853e-06
1     0.867536     0      0
1     0.867536     0.10169      250.687
1     0.867536     0.182169      524.495
1     0.867536     0.248776      913.31
1     0.867536     0.305599      1729.88
1     0.867536     0.355146      3001
1     0.867536     0.399071      4613.2
1     0.867536     0.438521      6267.47
1     0.867536     0.474324      7544.93
1     0.867536     0.507097      8079.77
1     0.867536     0.537314      7680.36
1     0.867536     0.565345      6882.22
1     0.867536     0.591485      6316.16
1     0.867536     0.615972      6354.1
1     0.867536     0.639004      6921.83
1     0.867536     0.660744      7809.83
1     0.867536     0.681329      9415.88
1     0.867536     0.700875      10836.6
1     0.867536     0.719483      11381.7
1     0.867536     0.737239      11015.7
1     0.867536     0.754216      10224.1
1     0.867536     0.770481      9721.32
1     0.867536     0.786091      8552.58
1     0.867536     0.801096      6669.33
1     0.867536     0.815542      4807.29
1     0.867536     0.829469      3735.24
1     0.867536     0.842913      2447.31
1     0.867536     0.855906      1081.01
1     0.867536     0.868478      321
1     0.867536     0.880654      28.0644
1     0.867536     0.89246      2.65801e-06
1     0.891668     0      0
1     0.891668     0.10169      248.306
1     0.891668     0.182169      521.81
1     0.891668     0.248776      920.741
1     0.891668     0.305599      1742.92
1     0.891668     0.355146      3055.18
1     0.891668     0.399071      4769.73
1     0.891668     0.438521      6744.05
1     0.891668     0.474324      8466.72
1     0.891668     0.507097      9501.55
1     0.891668     0.537314      9393.23
1     0.891668     0.565345      8490.67
1     0.891668     0.591485      7636.43
1     0.891668     0.615972      7180.04
1     0.891668     0.639004      7427.5
1     0.891668     0.660744      8513.22
1     0.891668     0.681329      10088.6
1     0.891668     0.700875      11781.8
1     0.891668     0.719483      14088.9
1     0.891668     0.737239      13989
1     0.891668     0.754216      13191
1     0.891668     0.770481      12953.6
1     0.891668     0.786091      11994.1
1     0.891668     0.801096      10424.4
1     0.891668     0.815542      8143.48
1     0.891668     0.829469      6454.88
1     0.891668     0.842913      4410.82
1     0.891668     0.855906      2312.15
1     0.891668     0.868478      952.613
1     0.891668     0.880654      169.379
1     0.891668     0.89246      4.15222e-05
1     0.914898     0      0
1     0.914898     0.10169      244.796
1     0.914898     0.182169      514.195
1     0.914898     0.248776      923.646
1     0.914898     0.305599      1747.13
1     0.914898     0.355146      3065.11
1     0.914898     0.399071      4872.56
1     0.914898     0.438521      7094.8
1     0.914898     0.474324      9319.96
1     0.914898     0.507097      10966.8
1     0.914898     0.537314      11394.6
1     0.914898     0.565345      10605.8
1     0.914898     0.591485      9409.18
1     0.914898     0.615972      8518.7
1     0.914898     0.639004      8340.95
1     0.914898     0.660744      8949.15
1     0.914898     0.681329      10742.6
1     0.914898     0.700875      12702.9
1     0.914898     0.719483      15203.2
1     0.914898     0.737239      16955.6
1     0.914898     0.754216      17252.5
1     0.914898     0.770481      17466.3
1     0.914898     0.786091      16498.5
1     0.914898     0.801096      15049.9
1     0.914898     0.815542      13173.5
1     0.914898     0.829469      11580.9
1     0.914898     0.842913      7633.08
1     0.914898     0.855906      4237.54
1     0.914898     0.868478      2078.87
1     0.914898     0.880654      432.607
1     0.914898     0.89246      0.000105903
1     0.937291     0      0
1     0.937291     0.10169      241.301
1     0.937291     0.182169      502.669
1     0.937291     0.248776      913.982
1     0.937291     0.305599      1737.1
1     0.937291     0.355146      3044.42
1     0.937291     0.399071      4876.1
1     0.937291     0.438521      7305.21
1     0.937291     0.474324      9995.95
1     0.937291     0.507097      12368.3
1     0.937291     0.537314      13555.8
1     0.937291     0.565345      13210.5
1     0.937291     0.591485      11848.3
1     0.937291     0.615972      10420.7
1     0.937291     0.639004      9693.58
1     0.937291     0.660744      10014.6
1     0.937291     0.681329      11276.9
1     0.937291     0.700875      13144.6
1     0.937291     0.719483      16761
1     0.937291     0.737239      18442.8
1     0.937291     0.754216      19953.2
1     0.937291     0.770481      23843.9
1     0.937291     0.786091      23138.3
1     0.937291     0.801096      21359.5
1     0.937291     0.815542      19521.4
1     0.937291     0.829469      19461.8
1     0.937291     0.842913      14221
1     0.937291     0.855906      7573.8
1     0.937291     0.868478      3924.11
1     0.937291     0.880654      880.89
1     0.937291     0.89246      0.000190508
1     0.958905     0      0
1     0.958905     0.10169      235.962
1     0.958905     0.182169      490.175
1     0.958905     0.248776      886.145
1     0.958905     0.305599      1708.66
1     0.958905     0.355146      2985.88
1     0.958905     0.399071      4749.57
1     0.958905     0.438521      7320.74
1     0.958905     0.474324      10382.9
1     0.958905     0.507097      13491.5
1     0.958905     0.537314      15684.5
1     0.958905     0.565345      16163.4
1     0.958905     0.591485      14990.4
1     0.958905     0.615972      13109.2
1     0.958905     0.639004      11896.6
1     0.958905     0.660744      11429.3
1     0.958905     0.681329      12123.4
1     0.958905     0.700875      13587.5
1     0.958905     0.719483      16770.4
1     0.958905     0.737239      19508.6
1     0.958905     0.754216      22056.4
1     0.958905     0.770481      27118.6
1     0.958905     0.786091      30690
1     0.958905     0.801096      32352.4
1     0.958905     0.815542      30351.6
1     0.958905     0.829469      30326.9
1     0.958905     0.842913      24478.2
1     0.958905     0.855906      15048.9
1     0.958905     0.868478      7611.95
1     0.958905     0.880654      2272.2
1     0.958905     0.89246      0.000462939
1     0.979792     0      0
1     0.979792     0.10169      229.612
1     0.979792     0.182169      470.82
1     0.979792     0.248776      837.608
1     0.979792     0.305599      1632.11
1     0.979792     0.355146      2835.82
1     0.979792     0.399071      4551.38
1     0.979792     0.438521      7007.41
1     0.979792     0.474324      10255.1
1     0.979792     0.507097      14000.8
1     0.979792     0.537314      17262.9
1     0.979792     0.565345      19024.9
1     0.979792     0.591485      18615.6
1     0.979792     0.615972      16591.4
1     0.979792     0.639004      14828.1
1     0.979792     0.660744      13813.8
1     0.979792     0.681329      13683.8
1     0.979792     0.700875      14397.8
1     0.979792     0.719483      16157.6
1     0.979792     0.737239      18333.5
1     0.979792     0.754216      20579.9
1     0.979792     0.770481      27811.6
1     0.979792     0.786091      34063.4
1     0.979792     0.801096      40294.9
1     0.979792     0.815542      45601.6
1     0.979792     0.829469      51597.2
1     0.979792     0.842913      45343.8
1     0.979792     0.855906      27859.5
1     0.979792     0.868478      16866.5
1     0.979792     0.880654      4818.05
1     0.979792     0.89246      0.000980034
1     1     0      0
1     1     0.10169      222.018
1     1     0.182169      436.877
1     1     0.248776      761.297
1     1     0.305599      1438.07
1     1     0.355146      2474.53
1     1     0.399071      3920.72
1     1     0.438521      5967.94
1     1     0.474324      8894.46
1     1     0.507097      12661.1
1     1     0.537314      16595.4
1     1     0.565345      19614.4
1     1     0.591485      20723.1
1     1     0.615972      19565.2
1     1     0.639004      17574.7
1     1     0.660744      16454.4
1     1     0.681329      16425.2
1     1     0.700875      16213.6
1     1     0.719483      16794.3
1     1     0.737239      16543.9
1     1     0.754216      15881.3
1     1     0.770481      19943.6
1     1     0.786091      25139.3
1     1     0.801096      36018.1
1     1     0.815542      55088.2
1     1     0.829469      79622.7
1     1     0.842913      90252
1     1     0.855906      73439.1
1     1     0.868478      37509.4
1     1     0.880654      10017.1
1     1     0.89246      5.48349
