0.1175	-1	0	0
0.1175	-1	0.0116317	5.56973
0.1175	-1	0.0208372	19.2145
0.1175	-1	0.028456	38.2818
0.1175	-1	0.0349555	57.4257
0.1175	-1	0.0406229	74.729
0.1175	-1	0.0456472	88.1838
0.1175	-1	0.0501597	94.8137
0.1175	-1	0.054255	99.1423
0.1175	-1	0.0580037	100.68
0.1175	-1	0.0614601	98.968
0.1175	-1	0.0646664	96.9373
0.1175	-1	0.0676563	120.103
0.1175	-1	0.0704573	112.095
0.1175	-1	0.0730918	113.751
0.1175	-1	0.0755784	115.048
0.1175	-1	0.077933	114.485
0.1175	-1	0.0801688	108.512
0.1175	-1	0.0822973	111.513
0.1175	-1	0.0843282	84.7956
0.1175	-1	0.0862701	62.4859
0.1175	-1	0.0881306	54.4916
0.1175	-1	0.0899161	37.4133
0.1175	-1	0.0916325	25.4671
0.1175	-1	0.0932849	14.6659
0.1175	-1	0.0948779	7.10936
0.1175	-1	0.0964156	3.28747
0.1175	-1	0.0979018	1.42085
0.1175	-1	0.0993398	0.438581
0.1175	-1	0.100733	0.057113
0.1175	-1	0.102083	0
0.1175	-0.634788	0	0
0.1175	-0.634788	0.0116317	5.12256
0.1175	-0.634788	0.0208372	17.8671
0.1175	-0.634788	0.028456	36.0457
0.1175	-0.634788	0.0349555	55.2031
0.1175	-0.634788	0.0406229	73.2489
0.1175	-0.634788	0.0456472	87.5244
0.1175	-0.634788	0.0501597	95.1031
0.1175	-0.634788	0.054255	99.3671
0.1175	-0.634788	0.0580037	99.0707
0.1175	-0.634788	0.0614601	98.0271
0.1175	-0.634788	0.0646664	95.6949
0.1175	-0.634788	0.0676563	114.982
0.1175	-0.634788	0.0704573	104.544
0.1175	-0.634788	0.0730918	102.597
0.1175	-0.634788	0.0755784	102.157
0.1175	-0.634788	0.077933	103.255
0.1175	-0.634788	0.0801688	101.563
0.1175	-0.634788	0.0822973	111.466
0.1175	-0.634788	0.0843282	89.7147
0.1175	-0.634788	0.0862701	70.0986
0.1175	-0.634788	0.0881306	65.1902
0.1175	-0.634788	0.0899161	50.3384
0.1175	-0.634788	0.0916325	37.3746
0.1175	-0.634788	0.0932849	23.2641
0.1175	-0.634788	0.0948779	12.7981
0.1175	-0.634788	0.0964156	5.40615
0.1175	-0.634788	0.0979018	1.70452
0.1175	-0.634788	0.0993398	0.448795
0.1175	-0.634788	0.100733	0.0593867
0.1175	-0.634788	0.102083	0
0.1175	-0.406307	0	0
0.1175	-0.406307	0.0116317	4.82778
0.1175	-0.406307	0.0208372	16.9805
0.1175	-0.406307	0.028456	34.8058
0.1175	-0.406307	0.0349555	53.7127
0.1175	-0.406307	0.0406229	71.9692
0.1175	-0.406307	0.0456472	86.7682
0.1175	-0.406307	0.0501597	96.2375
0.1175	-0.406307	0.054255	100.764
0.1175	-0.406307	0.0580037	100.051
0.1175	-0.406307	0.0614601	97.5118
0.1175	-0.406307	0.0646664	94.6584
0.1175	-0.406307	0.0676563	110.865
0.1175	-0.406307	0.0704573	99.7008
0.1175	-0.406307	0.0730918	95.8204
0.1175	-0.406307	0.0755784	94.0933
0.1175	-0.406307	0.077933	94.0274
0.1175	-0.406307	0.0801688	92.8476
0.1175	-0.406307	0.0822973	105.254
0.1175	-0.406307	0.0843282	88.3023
0.1175	-0.406307	0.0862701	72.2137
0.1175	-0.406307	0.0881306	70.6146
0.1175	-0.406307	0.0899161	59.6412
0.1175	-0.406307	0.0916325	46.9578
0.1175	-0.406307	0.0932849	30.9964
0.1175	-0.406307	0.0948779	19.3847
0.1175	-0.406307	0.0964156	9.68206
0.1175	-0.406307	0.0979018	3.37022
0.1175	-0.406307	0.0993398	0.628538
0.1175	-0.406307	0.100733	0.058864
0.1175	-0.406307	0.102083	0
0.1175	-0.239626	0	0
0.1175	-0.239626	0.0116317	4.6114
0.1175	-0.239626	0.0208372	16.3164
0.1175	-0.239626	0.028456	33.8693
0.1175	-0.239626	0.0349555	52.584
0.1175	-0.239626	0.0406229	70.7985
0.1175	-0.239626	0.0456472	85.891
0.1175	-0.239626	0.0501597	96.4621
0.1175	-0.239626	0.054255	101.685
0.1175	-0.239626	0.0580037	100.612
0.1175	-0.239626	0.0614601	97.6404
0.1175	-0.239626	0.0646664	94.2004
0.1175	-0.239626	0.0676563	108.186
0.1175	-0.239626	0.0704573	96.8346
0.1175	-0.239626	0.0730918	91.1836
0.1175	-0.239626	0.0755784	87.9415
0.1175	-0.239626	0.077933	86.8192
0.1175	-0.239626	0.0801688	85.4207
0.1175	-0.239626	0.0822973	98.4221
0.1175	-0.239626	0.0843282	83.891
0.1175	-0.239626	0.0862701	71.0345
0.1175	-0.239626	0.0881306	72.5162
0.1175	-0.239626	0.0899161	65.3256
0.1175	-0.239626	0.0916325	54.8633
0.1175	-0.239626	0.0932849	38.3781
0.1175	-0.239626	0.0948779	25.9354
0.1175	-0.239626	0.0964156	14.484
0.1175	-0.239626	0.0979018	6.33329
0.1175	-0.239626	0.0993398	1.50504
0.1175	-0.239626	0.100733	0.104797
0.1175	-0.239626	0.102083	0
0.1175	-0.108332	0	0
0.1175	-0.108332	0.0116317	4.44036
0.1175	-0.108332	0.0208372	15.7851
0.1175	-0.108332	0.028456	33.0826
0.1175	-0.108332	0.0349555	51.7023
0.1175	-0.108332	0.0406229	69.8485
0.1175	-0.108332	0.0456472	85.0368
0.1175	-0.108332	0.0501597	96.246
0.1175	-0.108332	0.054255	102.12
0.1175	-0.108332	0.0580037	101.574
0.1175	-0.108332	0.0614601	98.2934
0.1175	-0.108332	0.0646664	94.6069
0.1175	-0.108332	0.0676563	105.748
0.1175	-0.108332	0.0704573	94.8139
0.1175	-0.108332	0.0730918	87.8832
0.1175	-0.108332	0.0755784	83.1597
0.1175	-0.108332	0.077933	80.9713
0.1175	-0.108332	0.0801688	79.1985
0.1175	-0.108332	0.0822973	92.2013
0.1175	-0.108332	0.0843282	78.7751
0.1175	-0.108332	0.0862701	68.0641
0.1175	-0.108332	0.0881306	72.5129
0.1175	-0.108332	0.0899161	68.5963
0.1175	-0.108332	0.0916325	60.6058
0.1175	-0.108332	0.0932849	44.9627
0.1175	-0.108332	0.0948779	32.4119
0.1175	-0.108332	0.0964156	19.7076
0.1175	-0.108332	0.0979018	9.9953
0.1175	-0.108332	0.0993398	3.17249
0.1175	-0.108332	0.100733	0.367934
0.1175	-0.108332	0.102083	0
0.1175	-2e-20	0	0
0.1175	-2e-20	0.0116317	4.2998
0.1175	-2e-20	0.0208372	15.3402
0.1175	-2e-20	0.028456	32.4072
0.1175	-2e-20	0.0349555	50.9673
0.1175	-2e-20	0.0406229	69.0323
0.1175	-2e-20	0.0456472	84.2394
0.1175	-2e-20	0.0501597	95.7339
0.1175	-2e-20	0.054255	102.475
0.1175	-2e-20	0.0580037	102.684
0.1175	-2e-20	0.0614601	99.0896
0.1175	-2e-20	0.0646664	95.1345
0.1175	-2e-20	0.0676563	103.908
0.1175	-2e-20	0.0704573	93.2369
0.1175	-2e-20	0.0730918	85.1968
0.1175	-2e-20	0.0755784	79.2623
0.1175	-2e-20	0.077933	76.4259
0.1175	-2e-20	0.0801688	73.2396
0.1175	-2e-20	0.0822973	87.1349
0.1175	-2e-20	0.0843282	73.8655
0.1175	-2e-20	0.0862701	64.3407
0.1175	-2e-20	0.0881306	70.9142
0.1175	-2e-20	0.0899161	70.1182
0.1175	-2e-20	0.0916325	64.6999
0.1175	-2e-20	0.0932849	50.4228
0.1175	-2e-20	0.0948779	38.828
0.1175	-2e-20	0.0964156	24.9062
0.1175	-2e-20	0.0979018	14.0211
0.1175	-2e-20	0.0993398	5.31835
0.1175	-2e-20	0.100733	0.849258
0.1175	-2e-20	0.102083	0
0.1175	0.0922185	0	0
0.1175	0.0922185	0.0116317	4.1796
0.1175	0.0922185	0.0208372	14.9588
0.1175	0.0922185	0.028456	31.813
0.1175	0.0922185	0.0349555	50.307
0.1175	0.0922185	0.0406229	68.2969
0.1175	0.0922185	0.0456472	83.5168
0.1175	0.0922185	0.0501597	95.1771
0.1175	0.0922185	0.054255	102.808
0.1175	0.0922185	0.0580037	103.549
0.1175	0.0922185	0.0614601	100.304
0.1175	0.0922185	0.0646664	95.7142
0.1175	0.0922185	0.0676563	102.365
0.1175	0.0922185	0.0704573	91.8206
0.1175	0.0922185	0.0730918	83.6854
0.1175	0.0922185	0.0755784	76.4823
0.1175	0.0922185	0.077933	72.0472
0.1175	0.0922185	0.0801688	69.2697
0.1175	0.0922185	0.0822973	81.9339
0.1175	0.0922185	0.0843282	69.7212
0.1175	0.0922185	0.0862701	60.6209
0.1175	0.0922185	0.0881306	68.3979
0.1175	0.0922185	0.0899161	70.3427
0.1175	0.0922185	0.0916325	67.2895
0.1175	0.0922185	0.0932849	54.6221
0.1175	0.0922185	0.0948779	44.7613
0.1175	0.0922185	0.0964156	30.3017
0.1175	0.0922185	0.0979018	18.3328
0.1175	0.0922185	0.0993398	7.66545
0.1175	0.0922185	0.100733	1.33362
0.1175	0.0922185	0.102083	0
0.1175	0.172502	0	0
0.1175	0.172502	0.0116317	4.07461
0.1175	0.172502	0.0208372	14.6249
0.1175	0.172502	0.028456	31.2838
0.1175	0.172502	0.0349555	49.7459
0.1175	0.172502	0.0406229	67.6571
0.1175	0.172502	0.0456472	82.7942
0.1175	0.172502	0.0501597	94.7516
0.1175	0.172502	0.054255	102.904
0.1175	0.172502	0.0580037	104.2
0.1175	0.172502	0.0614601	101.42
0.1175	0.172502	0.0646664	96.4961
0.1175	0.172502	0.0676563	101.136
0.1175	0.172502	0.0704573	90.642
0.1175	0.172502	0.0730918	82.4969
0.1175	0.172502	0.0755784	74.123
0.1175	0.172502	0.077933	68.9292
0.1175	0.172502	0.0801688	65.1115
0.1175	0.172502	0.0822973	77.4729
0.1175	0.172502	0.0843282	65.6847
0.1175	0.172502	0.0862701	57.5254
0.1175	0.172502	0.0881306	65.6259
0.1175	0.172502	0.0899161	69.2301
0.1175	0.172502	0.0916325	68.8705
0.1175	0.172502	0.0932849	57.8993
0.1175	0.172502	0.0948779	50.0214
0.1175	0.172502	0.0964156	35.7574
0.1175	0.172502	0.0979018	22.7627
0.1175	0.172502	0.0993398	10.0481
0.1175	0.172502	0.100733	1.75498
0.1175	0.172502	0.102083	0
0.1175	0.243589	0	0
0.1175	0.243589	0.0116317	3.98145
0.1175	0.243589	0.0208372	14.3275
0.1175	0.243589	0.028456	30.8004
0.1175	0.243589	0.0349555	49.2137
0.1175	0.243589	0.0406229	67.0503
0.1175	0.243589	0.0456472	82.1329
0.1175	0.243589	0.0501597	94.3619
0.1175	0.243589	0.054255	102.836
0.1175	0.243589	0.0580037	104.9
0.1175	0.243589	0.0614601	102.422
0.1175	0.243589	0.0646664	97.295
0.1175	0.243589	0.0676563	100.334
0.1175	0.243589	0.0704573	89.7254
0.1175	0.243589	0.0730918	81.6022
0.1175	0.243589	0.0755784	72.6275
0.1175	0.243589	0.077933	66.1976
0.1175	0.243589	0.0801688	60.8731
0.1175	0.243589	0.0822973	74.2371
0.1175	0.243589	0.0843282	61.501
0.1175	0.243589	0.0862701	54.3057
0.1175	0.243589	0.0881306	62.4668
0.1175	0.243589	0.0899161	67.1843
0.1175	0.243589	0.0916325	69.3541
0.1175	0.243589	0.0932849	60.2645
0.1175	0.243589	0.0948779	54.5817
0.1175	0.243589	0.0964156	41.0813
0.1175	0.243589	0.0979018	27.3666
0.1175	0.243589	0.0993398	12.521
0.1175	0.243589	0.100733	2.22505
0.1175	0.243589	0.102083	0
0.1175	0.307372	0	0
0.1175	0.307372	0.0116317	3.89768
0.1175	0.307372	0.0208372	14.0586
0.1175	0.307372	0.028456	30.3588
0.1175	0.307372	0.0349555	48.7064
0.1175	0.307372	0.0406229	66.4913
0.1175	0.307372	0.0456472	81.6101
0.1175	0.307372	0.0501597	93.9452
0.1175	0.307372	0.054255	102.641
0.1175	0.307372	0.0580037	105.488
0.1175	0.307372	0.0614601	103.48
0.1175	0.307372	0.0646664	98.1232
0.1175	0.307372	0.0676563	99.6651
0.1175	0.307372	0.0704573	89.0991
0.1175	0.307372	0.0730918	80.7964
0.1175	0.307372	0.0755784	71.514
0.1175	0.307372	0.077933	63.6963
0.1175	0.307372	0.0801688	57.8191
0.1175	0.307372	0.0822973	70.7088
0.1175	0.307372	0.0843282	58.05
0.1175	0.307372	0.0862701	51.2696
0.1175	0.307372	0.0881306	59.9158
0.1175	0.307372	0.0899161	64.7448
0.1175	0.307372	0.0916325	68.8023
0.1175	0.307372	0.0932849	61.9224
0.1175	0.307372	0.0948779	58.432
0.1175	0.307372	0.0964156	46.0855
0.1175	0.307372	0.0979018	32.2438
0.1175	0.307372	0.0993398	15.0021
0.1175	0.307372	0.100733	2.66199
0.1175	0.307372	0.102083	0
0.1175	0.365212	0	0
0.1175	0.365212	0.0116317	3.82156
0.1175	0.365212	0.0208372	13.8197
0.1175	0.365212	0.028456	29.9535
0.1175	0.365212	0.0349555	48.2195
0.1175	0.365212	0.0406229	65.9627
0.1175	0.365212	0.0456472	81.1186
0.1175	0.365212	0.0501597	93.5392
0.1175	0.365212	0.054255	102.382
0.1175	0.365212	0.0580037	105.931
0.1175	0.365212	0.0614601	104.382
0.1175	0.365212	0.0646664	98.8583
0.1175	0.365212	0.0676563	99.1618
0.1175	0.365212	0.0704573	88.7207
0.1175	0.365212	0.0730918	80.1211
0.1175	0.365212	0.0755784	70.6408
0.1175	0.365212	0.077933	61.8554
0.1175	0.365212	0.0801688	55.1814
0.1175	0.365212	0.0822973	67.1654
0.1175	0.365212	0.0843282	55.3314
0.1175	0.365212	0.0862701	48.2166
0.1175	0.365212	0.0881306	57.0241
0.1175	0.365212	0.0899161	61.7313
0.1175	0.365212	0.0916325	67.3317
0.1175	0.365212	0.0932849	62.7526
0.1175	0.365212	0.0948779	61.6973
0.1175	0.365212	0.0964156	50.7648
0.1175	0.365212	0.0979018	37.1863
0.1175	0.365212	0.0993398	17.5207
0.1175	0.365212	0.100733	3.12282
0.1175	0.365212	0.102083	0
0.1175	0.418124	0	0
0.1175	0.418124	0.0116317	3.75181
0.1175	0.418124	0.0208372	13.6041
0.1175	0.418124	0.028456	29.5776
0.1175	0.418124	0.0349555	47.7693
0.1175	0.418124	0.0406229	65.4545
0.1175	0.418124	0.0456472	80.6476
0.1175	0.418124	0.0501597	93.101
0.1175	0.418124	0.054255	102.307
0.1175	0.418124	0.0580037	106.263
0.1175	0.418124	0.0614601	105.107
0.1175	0.418124	0.0646664	99.5979
0.1175	0.418124	0.0676563	98.6538
0.1175	0.418124	0.0704573	88.4839
0.1175	0.418124	0.0730918	79.5558
0.1175	0.418124	0.0755784	69.685
0.1175	0.418124	0.077933	60.5132
0.1175	0.418124	0.0801688	52.7459
0.1175	0.418124	0.0822973	64.3162
0.1175	0.418124	0.0843282	52.4462
0.1175	0.418124	0.0862701	45.5723
0.1175	0.418124	0.0881306	54.2376
0.1175	0.418124	0.0899161	59.0174
0.1175	0.418124	0.0916325	65.2293
0.1175	0.418124	0.0932849	62.7246
0.1175	0.418124	0.0948779	64.4619
0.1175	0.418124	0.0964156	54.9009
0.1175	0.418124	0.0979018	41.9935
0.1175	0.418124	0.0993398	20.1147
0.1175	0.418124	0.100733	3.59343
0.1175	0.418124	0.102083	0
0.1175	0.466881	0	0
0.1175	0.466881	0.0116317	3.68741
0.1175	0.466881	0.0208372	13.4043
0.1175	0.466881	0.028456	29.2243
0.1175	0.466881	0.0349555	47.3382
0.1175	0.466881	0.0406229	64.9957
0.1175	0.466881	0.0456472	80.1749
0.1175	0.466881	0.0501597	92.674
0.1175	0.466881	0.054255	102.193
0.1175	0.466881	0.0580037	106.529
0.1175	0.466881	0.0614601	105.694
0.1175	0.466881	0.0646664	100.328
0.1175	0.466881	0.0676563	98.4108
0.1175	0.466881	0.0704573	88.2144
0.1175	0.466881	0.0730918	79.0506
0.1175	0.466881	0.0755784	68.8574
0.1175	0.466881	0.077933	59.4806
0.1175	0.466881	0.0801688	50.756
0.1175	0.466881	0.0822973	62.0127
0.1175	0.466881	0.0843282	49.509
0.1175	0.466881	0.0862701	43.1393
0.1175	0.466881	0.0881306	51.6083
0.1175	0.466881	0.0899161	55.9757
0.1175	0.466881	0.0916325	62.5784
0.1175	0.466881	0.0932849	61.9875
0.1175	0.466881	0.0948779	66.5186
0.1175	0.466881	0.0964156	58.6513
0.1175	0.466881	0.0979018	46.6359
0.1175	0.466881	0.0993398	22.8029
0.1175	0.466881	0.100733	4.06431
0.1175	0.466881	0.102083	0
0.1175	0.512089	0	0
0.1175	0.512089	0.0116317	3.6276
0.1175	0.512089	0.0208372	13.218
0.1175	0.512089	0.028456	28.891
0.1175	0.512089	0.0349555	46.9272
0.1175	0.512089	0.0406229	64.5867
0.1175	0.512089	0.0456472	79.7329
0.1175	0.512089	0.0501597	92.2532
0.1175	0.512089	0.054255	102.055
0.1175	0.512089	0.0580037	106.696
0.1175	0.512089	0.0614601	106.138
0.1175	0.512089	0.0646664	101.122
0.1175	0.512089	0.0676563	98.586
0.1175	0.512089	0.0704573	87.9558
0.1175	0.512089	0.0730918	78.6414
0.1175	0.512089	0.0755784	68.0622
0.1175	0.512089	0.077933	58.4236
0.1175	0.512089	0.0801688	49.2488
0.1175	0.512089	0.0822973	59.6977
0.1175	0.512089	0.0843282	46.7827
0.1175	0.512089	0.0862701	40.9032
0.1175	0.512089	0.0881306	49.1212
0.1175	0.512089	0.0899161	53.1605
0.1175	0.512089	0.0916325	60.1246
0.1175	0.512089	0.0932849	60.4393
0.1175	0.512089	0.0948779	67.8354
0.1175	0.512089	0.0964156	62.0737
0.1175	0.512089	0.0979018	51.1974
0.1175	0.512089	0.0993398	25.6704
0.1175	0.512089	0.100733	4.56491
0.1175	0.512089	0.102083	0
0.1175	0.55423	0	0
0.1175	0.55423	0.0116317	3.57174
0.1175	0.55423	0.0208372	13.0434
0.1175	0.55423	0.028456	28.5757
0.1175	0.55423	0.0349555	46.5344
0.1175	0.55423	0.0406229	64.1843
0.1175	0.55423	0.0456472	79.3079
0.1175	0.55423	0.0501597	91.9508
0.1175	0.55423	0.054255	101.876
0.1175	0.55423	0.0580037	106.753
0.1175	0.55423	0.0614601	106.5
0.1175	0.55423	0.0646664	101.829
0.1175	0.55423	0.0676563	98.6887
0.1175	0.55423	0.0704573	87.8385
0.1175	0.55423	0.0730918	78.2152
0.1175	0.55423	0.0755784	67.2777
0.1175	0.55423	0.077933	57.605
0.1175	0.55423	0.0801688	48.1631
0.1175	0.55423	0.0822973	57.6403
0.1175	0.55423	0.0843282	44.7057
0.1175	0.55423	0.0862701	38.5734
0.1175	0.55423	0.0881306	46.3806
0.1175	0.55423	0.0899161	50.3133
0.1175	0.55423	0.0916325	57.2593
0.1175	0.55423	0.0932849	58.1503
0.1175	0.55423	0.0948779	68.4236
0.1175	0.55423	0.0964156	65.1359
0.1175	0.55423	0.0979018	55.5045
0.1175	0.55423	0.0993398	28.599
0.1175	0.55423	0.100733	5.06723
0.1175	0.55423	0.102083	0
0.1175	0.593693	0	0
0.1175	0.593693	0.0116317	3.51937
0.1175	0.593693	0.0208372	12.8789
0.1175	0.593693	0.028456	28.2789
0.1175	0.593693	0.0349555	46.1535
0.1175	0.593693	0.0406229	63.7974
0.1175	0.593693	0.0456472	78.8952
0.1175	0.593693	0.0501597	91.7273
0.1175	0.593693	0.054255	101.73
0.1175	0.593693	0.0580037	106.738
0.1175	0.593693	0.0614601	106.773
0.1175	0.593693	0.0646664	102.525
0.1175	0.593693	0.0676563	98.6999
0.1175	0.593693	0.0704573	87.954
0.1175	0.593693	0.0730918	77.7303
0.1175	0.593693	0.0755784	66.626
0.1175	0.593693	0.077933	56.7224
0.1175	0.593693	0.0801688	47.1151
0.1175	0.593693	0.0822973	55.7998
0.1175	0.593693	0.0843282	42.5987
0.1175	0.593693	0.0862701	36.2372
0.1175	0.593693	0.0881306	44.3447
0.1175	0.593693	0.0899161	47.4555
0.1175	0.593693	0.0916325	54.9951
0.1175	0.593693	0.0932849	56.068
0.1175	0.593693	0.0948779	68.2271
0.1175	0.593693	0.0964156	67.7529
0.1175	0.593693	0.0979018	59.4315
0.1175	0.593693	0.0993398	31.4554
0.1175	0.593693	0.100733	5.5816
0.1175	0.593693	0.102083	0
0.1175	0.630798	0	0
0.1175	0.630798	0.0116317	3.47003
0.1175	0.630798	0.0208372	12.7234
0.1175	0.630798	0.028456	27.9955
0.1175	0.630798	0.0349555	45.7862
0.1175	0.630798	0.0406229	63.4136
0.1175	0.630798	0.0456472	78.5207
0.1175	0.630798	0.0501597	91.4884
0.1175	0.630798	0.054255	101.577
0.1175	0.630798	0.0580037	106.657
0.1175	0.630798	0.0614601	107.026
0.1175	0.630798	0.0646664	103.107
0.1175	0.630798	0.0676563	98.7046
0.1175	0.630798	0.0704573	88.1508
0.1175	0.630798	0.0730918	77.3566
0.1175	0.630798	0.0755784	66.071
0.1175	0.630798	0.077933	55.8541
0.1175	0.630798	0.0801688	46.1717
0.1175	0.630798	0.0822973	54.1127
0.1175	0.630798	0.0843282	40.7861
0.1175	0.630798	0.0862701	34.2774
0.1175	0.630798	0.0881306	42.0938
0.1175	0.630798	0.0899161	44.0641
0.1175	0.630798	0.0916325	52.1016
0.1175	0.630798	0.0932849	53.5025
0.1175	0.630798	0.0948779	67.2678
0.1175	0.630798	0.0964156	69.7172
0.1175	0.630798	0.0979018	63.1781
0.1175	0.630798	0.0993398	34.2355
0.1175	0.630798	0.100733	6.1066
0.1175	0.630798	0.102083	0
0.1175	0.665812	0	0
0.1175	0.665812	0.0116317	3.42338
0.1175	0.665812	0.0208372	12.5774
0.1175	0.665812	0.028456	27.7271
0.1175	0.665812	0.0349555	45.4286
0.1175	0.665812	0.0406229	63.0334
0.1175	0.665812	0.0456472	78.1526
0.1175	0.665812	0.0501597	91.2442
0.1175	0.665812	0.054255	101.392
0.1175	0.665812	0.0580037	106.528
0.1175	0.665812	0.0614601	107.173
0.1175	0.665812	0.0646664	103.581
0.1175	0.665812	0.0676563	98.5924
0.1175	0.665812	0.0704573	88.3102
0.1175	0.665812	0.0730918	77.1507
0.1175	0.665812	0.0755784	65.4701
0.1175	0.665812	0.077933	55.0744
0.1175	0.665812	0.0801688	45.2994
0.1175	0.665812	0.0822973	52.5253
0.1175	0.665812	0.0843282	39.0755
0.1175	0.665812	0.0862701	32.4479
0.1175	0.665812	0.0881306	39.8104
0.1175	0.665812	0.0899161	41.3478
0.1175	0.665812	0.0916325	49.3931
0.1175	0.665812	0.0932849	51.8516
0.1175	0.665812	0.0948779	65.4857
0.1175	0.665812	0.0964156	71.0554
0.1175	0.665812	0.0979018	66.8461
0.1175	0.665812	0.0993398	37.0157
0.1175	0.665812	0.100733	6.68909
0.1175	0.665812	0.102083	0
0.1175	0.698958	0	0
0.1175	0.698958	0.0116317	3.37913
0.1175	0.698958	0.0208372	12.4392
0.1175	0.698958	0.028456	27.4728
0.1175	0.698958	0.0349555	45.0925
0.1175	0.698958	0.0406229	62.6639
0.1175	0.698958	0.0456472	77.8298
0.1175	0.698958	0.0501597	90.9977
0.1175	0.698958	0.054255	101.193
0.1175	0.698958	0.0580037	106.339
0.1175	0.698958	0.0614601	107.29
0.1175	0.698958	0.0646664	103.99
0.1175	0.698958	0.0676563	98.6986
0.1175	0.698958	0.0704573	88.4202
0.1175	0.698958	0.0730918	77.124
0.1175	0.698958	0.0755784	64.995
0.1175	0.698958	0.077933	54.3304
0.1175	0.698958	0.0801688	44.3337
0.1175	0.698958	0.0822973	51.1024
0.1175	0.698958	0.0843282	37.4071
0.1175	0.698958	0.0862701	30.8372
0.1175	0.698958	0.0881306	37.6492
0.1175	0.698958	0.0899161	38.749
0.1175	0.698958	0.0916325	46.0142
0.1175	0.698958	0.0932849	49.6576
0.1175	0.698958	0.0948779	63.7621
0.1175	0.698958	0.0964156	71.5313
0.1175	0.698958	0.0979018	70.3864
0.1175	0.698958	0.0993398	39.535
0.1175	0.698958	0.100733	7.30851
0.1175	0.698958	0.102083	0
0.1175	0.730425	0	0
0.1175	0.730425	0.0116317	3.33706
0.1175	0.730425	0.0208372	12.3071
0.1175	0.730425	0.028456	27.2329
0.1175	0.730425	0.0349555	44.7732
0.1175	0.730425	0.0406229	62.3002
0.1175	0.730425	0.0456472	77.5986
0.1175	0.730425	0.0501597	90.7626
0.1175	0.730425	0.054255	100.994
0.1175	0.730425	0.0580037	106.204
0.1175	0.730425	0.0614601	107.359
0.1175	0.730425	0.0646664	104.309
0.1175	0.730425	0.0676563	98.8762
0.1175	0.730425	0.0704573	88.478
0.1175	0.730425	0.0730918	77.1273
0.1175	0.730425	0.0755784	64.5903
0.1175	0.730425	0.077933	53.6219
0.1175	0.730425	0.0801688	43.4095
0.1175	0.730425	0.0822973	49.6305
0.1175	0.730425	0.0843282	36.1372
0.1175	0.730425	0.0862701	29.2229
0.1175	0.730425	0.0881306	35.6689
0.1175	0.730425	0.0899161	35.8669
0.1175	0.730425	0.0916325	42.8287
0.1175	0.730425	0.0932849	46.971
0.1175	0.730425	0.0948779	61.8828
0.1175	0.730425	0.0964156	71.2374
0.1175	0.730425	0.0979018	73.4441
0.1175	0.730425	0.0993398	41.8919
0.1175	0.730425	0.100733	7.9416
0.1175	0.730425	0.102083	0
0.1175	0.760374	0	0
0.1175	0.760374	0.0116317	3.29692
0.1175	0.760374	0.0208372	12.1805
0.1175	0.760374	0.028456	27.0005
0.1175	0.760374	0.0349555	44.4583
0.1175	0.760374	0.0406229	61.9391
0.1175	0.760374	0.0456472	77.3588
0.1175	0.760374	0.0501597	90.5545
0.1175	0.760374	0.054255	100.779
0.1175	0.760374	0.0580037	106.086
0.1175	0.760374	0.0614601	107.361
0.1175	0.760374	0.0646664	104.566
0.1175	0.760374	0.0676563	98.9668
0.1175	0.760374	0.0704573	88.6528
0.1175	0.760374	0.0730918	77.0908
0.1175	0.760374	0.0755784	64.3508
0.1175	0.760374	0.077933	52.9881
0.1175	0.760374	0.0801688	42.5297
0.1175	0.760374	0.0822973	47.9111
0.1175	0.760374	0.0843282	34.9289
0.1175	0.760374	0.0862701	27.5431
0.1175	0.760374	0.0881306	33.8324
0.1175	0.760374	0.0899161	32.6357
0.1175	0.760374	0.0916325	40.1012
0.1175	0.760374	0.0932849	44.0403
0.1175	0.760374	0.0948779	59.6225
0.1175	0.760374	0.0964156	70.3381
0.1175	0.760374	0.0979018	76.0223
0.1175	0.760374	0.0993398	44.1255
0.1175	0.760374	0.100733	8.6195
0.1175	0.760374	0.102083	0
0.1175	0.788947	0	0
0.1175	0.788947	0.0116317	3.25853
0.1175	0.788947	0.0208372	12.0586
0.1175	0.788947	0.028456	26.7747
0.1175	0.788947	0.0349555	44.1504
0.1175	0.788947	0.0406229	61.5776
0.1175	0.788947	0.0456472	77.115
0.1175	0.788947	0.0501597	90.3571
0.1175	0.788947	0.054255	100.564
0.1175	0.788947	0.0580037	105.981
0.1175	0.788947	0.0614601	107.348
0.1175	0.788947	0.0646664	104.741
0.1175	0.788947	0.0676563	98.9485
0.1175	0.788947	0.0704573	88.9655
0.1175	0.788947	0.0730918	77.1018
0.1175	0.788947	0.0755784	64.1769
0.1175	0.788947	0.077933	52.379
0.1175	0.788947	0.0801688	41.7354
0.1175	0.788947	0.0822973	46.5517
0.1175	0.788947	0.0843282	33.5824
0.1175	0.788947	0.0862701	26.4005
0.1175	0.788947	0.0881306	32.1605
0.1175	0.788947	0.0899161	29.8655
0.1175	0.788947	0.0916325	37.033
0.1175	0.788947	0.0932849	40.8081
0.1175	0.788947	0.0948779	56.8721
0.1175	0.788947	0.0964156	68.937
0.1175	0.788947	0.0979018	77.7909
0.1175	0.788947	0.0993398	46.4604
0.1175	0.788947	0.100733	9.36977
0.1175	0.788947	0.102083	0
0.1175	0.816262	0	0
0.1175	0.816262	0.0116317	3.22175
0.1175	0.816262	0.0208372	11.941
0.1175	0.816262	0.028456	26.5546
0.1175	0.816262	0.0349555	43.8612
0.1175	0.816262	0.0406229	61.219
0.1175	0.816262	0.0456472	76.8669
0.1175	0.816262	0.0501597	90.1506
0.1175	0.816262	0.054255	100.343
0.1175	0.816262	0.0580037	105.877
0.1175	0.816262	0.0614601	107.273
0.1175	0.816262	0.0646664	104.853
0.1175	0.816262	0.0676563	98.909
0.1175	0.816262	0.0704573	89.2658
0.1175	0.816262	0.0730918	77.1732
0.1175	0.816262	0.0755784	64.0468
0.1175	0.816262	0.077933	51.9626
0.1175	0.816262	0.0801688	41.0092
0.1175	0.816262	0.0822973	45.2876
0.1175	0.816262	0.0843282	32.2427
0.1175	0.816262	0.0862701	25.2236
0.1175	0.816262	0.0881306	30.482
0.1175	0.816262	0.0899161	27.0449
0.1175	0.816262	0.0916325	33.2557
0.1175	0.816262	0.0932849	37.8132
0.1175	0.816262	0.0948779	54.4067
0.1175	0.816262	0.0964156	66.9352
0.1175	0.816262	0.0979018	78.9967
0.1175	0.816262	0.0993398	48.7611
0.1175	0.816262	0.100733	10.1891
0.1175	0.816262	0.102083	0
0.1175	0.842428	0	0
0.1175	0.842428	0.0116317	3.18641
0.1175	0.842428	0.0208372	11.8283
0.1175	0.842428	0.028456	26.3396
0.1175	0.842428	0.0349555	43.5862
0.1175	0.842428	0.0406229	60.8618
0.1175	0.842428	0.0456472	76.6132
0.1175	0.842428	0.0501597	89.9395
0.1175	0.842428	0.054255	100.148
0.1175	0.842428	0.0580037	105.79
0.1175	0.842428	0.0614601	107.194
0.1175	0.842428	0.0646664	104.88
0.1175	0.842428	0.0676563	98.9336
0.1175	0.842428	0.0704573	89.4771
0.1175	0.842428	0.0730918	77.4032
0.1175	0.842428	0.0755784	63.9556
0.1175	0.842428	0.077933	51.6806
0.1175	0.842428	0.0801688	40.2919
0.1175	0.842428	0.0822973	43.9274
0.1175	0.842428	0.0843282	31.026
0.1175	0.842428	0.0862701	23.9605
0.1175	0.842428	0.0881306	29.2092
0.1175	0.842428	0.0899161	24.223
0.1175	0.842428	0.0916325	29.8037
0.1175	0.842428	0.0932849	34.7949
0.1175	0.842428	0.0948779	51.4513
0.1175	0.842428	0.0964156	64.551
0.1175	0.842428	0.0979018	79.6497
0.1175	0.842428	0.0993398	51.1572
0.1175	0.842428	0.100733	11.0632
0.1175	0.842428	0.102083	0
0.1175	0.867536	0	0
0.1175	0.867536	0.0116317	3.15337
0.1175	0.867536	0.0208372	11.7242
0.1175	0.867536	0.028456	26.128
0.1175	0.867536	0.0349555	43.3159
0.1175	0.867536	0.0406229	60.5712
0.1175	0.867536	0.0456472	76.3507
0.1175	0.867536	0.0501597	89.7254
0.1175	0.867536	0.054255	100.017
0.1175	0.867536	0.0580037	105.698
0.1175	0.867536	0.0614601	107.1
0.1175	0.867536	0.0646664	104.837
0.1175	0.867536	0.0676563	98.9584
0.1175	0.867536	0.0704573	89.7178
0.1175	0.867536	0.0730918	77.6554
0.1175	0.867536	0.0755784	63.9372
0.1175	0.867536	0.077933	51.4344
0.1175	0.867536	0.0801688	39.8014
0.1175	0.867536	0.0822973	42.16
0.1175	0.867536	0.0843282	29.63
0.1175	0.867536	0.0862701	22.9944
0.1175	0.867536	0.0881306	27.2143
0.1175	0.867536	0.0899161	21.5671
0.1175	0.867536	0.0916325	26.2964
0.1175	0.867536	0.0932849	31.0855
0.1175	0.867536	0.0948779	48.2028
0.1175	0.867536	0.0964156	62.9352
0.1175	0.867536	0.0979018	79.3319
0.1175	0.867536	0.0993398	53.2936
0.1175	0.867536	0.100733	11.9347
0.1175	0.867536	0.102083	0
0.1175	0.891668	0	0
0.1175	0.891668	0.0116317	3.12233
0.1175	0.891668	0.0208372	11.6237
0.1175	0.891668	0.028456	25.9191
0.1175	0.891668	0.0349555	43.0502
0.1175	0.891668	0.0406229	60.2985
0.1175	0.891668	0.0456472	76.079
0.1175	0.891668	0.0501597	89.5073
0.1175	0.891668	0.054255	99.8769
0.1175	0.891668	0.0580037	105.588
0.1175	0.891668	0.0614601	106.952
0.1175	0.891668	0.0646664	104.734
0.1175	0.891668	0.0676563	99.0478
0.1175	0.891668	0.0704573	89.9377
0.1175	0.891668	0.0730918	77.8835
0.1175	0.891668	0.0755784	64.1032
0.1175	0.891668	0.077933	51.2066
0.1175	0.891668	0.0801688	39.4042
0.1175	0.891668	0.0822973	40.6694
0.1175	0.891668	0.0843282	28.1
0.1175	0.891668	0.0862701	21.8266
0.1175	0.891668	0.0881306	25.8536
0.1175	0.891668	0.0899161	18.5444
0.1175	0.891668	0.0916325	22.892
0.1175	0.891668	0.0932849	26.598
0.1175	0.891668	0.0948779	44.3224
0.1175	0.891668	0.0964156	60.4964
0.1175	0.891668	0.0979018	78.0498
0.1175	0.891668	0.0993398	54.4753
0.1175	0.891668	0.100733	12.8018
0.1175	0.891668	0.102083	0
0.1175	0.914898	0	0
0.1175	0.914898	0.0116317	3.09239
0.1175	0.914898	0.0208372	11.5289
0.1175	0.914898	0.028456	25.7142
0.1175	0.914898	0.0349555	42.7861
0.1175	0.914898	0.0406229	60.0315
0.1175	0.914898	0.0456472	75.8153
0.1175	0.914898	0.0501597	89.2773
0.1175	0.914898	0.054255	99.7267
0.1175	0.914898	0.0580037	105.449
0.1175	0.914898	0.0614601	106.792
0.1175	0.914898	0.0646664	104.579
0.1175	0.914898	0.0676563	99.1006
0.1175	0.914898	0.0704573	90.1083
0.1175	0.914898	0.0730918	78.0777
0.1175	0.914898	0.0755784	64.3046
0.1175	0.914898	0.077933	51.1468
0.1175	0.914898	0.0801688	39.0248
0.1175	0.914898	0.0822973	39.4491
0.1175	0.914898	0.0843282	26.2819
0.1175	0.914898	0.0862701	20.3314
0.1175	0.914898	0.0881306	24.687
0.1175	0.914898	0.0899161	16.436
0.1175	0.914898	0.0916325	18.7483
0.1175	0.914898	0.0932849	22.8302
0.1175	0.914898	0.0948779	39.5302
0.1175	0.914898	0.0964156	57.3132
0.1175	0.914898	0.0979018	76.2658
0.1175	0.914898	0.0993398	55.3248
0.1175	0.914898	0.100733	13.7756
0.1175	0.914898	0.102083	0
0.1175	0.937291	0	0
0.1175	0.937291	0.0116317	3.06345
0.1175	0.937291	0.0208372	11.4366
0.1175	0.937291	0.028456	25.5201
0.1175	0.937291	0.0349555	42.5254
0.1175	0.937291	0.0406229	59.7628
0.1175	0.937291	0.0456472	75.5617
0.1175	0.937291	0.0501597	89.0366
0.1175	0.937291	0.054255	99.592
0.1175	0.937291	0.0580037	105.31
0.1175	0.937291	0.0614601	106.612
0.1175	0.937291	0.0646664	104.407
0.1175	0.937291	0.0676563	99.0843
0.1175	0.937291	0.0704573	90.2865
0.1175	0.937291	0.0730918	78.3209
0.1175	0.937291	0.0755784	64.5188
0.1175	0.937291	0.077933	51.2565
0.1175	0.937291	0.0801688	38.743
0.1175	0.937291	0.0822973	37.8556
0.1175	0.937291	0.0843282	24.782
0.1175	0.937291	0.0862701	18.6762
0.1175	0.937291	0.0881306	23.5717
0.1175	0.937291	0.0899161	14.5388
0.1175	0.937291	0.0916325	15.504
0.1175	0.937291	0.0932849	17.9496
0.1175	0.937291	0.0948779	33.6776
0.1175	0.937291	0.0964156	53.3301
0.1175	0.937291	0.0979018	74.6895
0.1175	0.937291	0.0993398	56.0287
0.1175	0.937291	0.100733	14.7329
0.1175	0.937291	0.102083	0
0.1175	0.958905	0	0
0.1175	0.958905	0.0116317	3.0354
0.1175	0.958905	0.0208372	11.3503
0.1175	0.958905	0.028456	25.3336
0.1175	0.958905	0.0349555	42.261
0.1175	0.958905	0.0406229	59.5022
0.1175	0.958905	0.0456472	75.3041
0.1175	0.958905	0.0501597	88.8812
0.1175	0.958905	0.054255	99.4598
0.1175	0.958905	0.0580037	105.154
0.1175	0.958905	0.0614601	106.427
0.1175	0.958905	0.0646664	104.269
0.1175	0.958905	0.0676563	99.0085
0.1175	0.958905	0.0704573	90.3996
0.1175	0.958905	0.0730918	78.5265
0.1175	0.958905	0.0755784	64.7969
0.1175	0.958905	0.077933	51.4018
0.1175	0.958905	0.0801688	38.6586
0.1175	0.958905	0.0822973	36.0099
0.1175	0.958905	0.0843282	23.1557
0.1175	0.958905	0.0862701	17.1426
0.1175	0.958905	0.0881306	21.7875
0.1175	0.958905	0.0899161	13.0917
0.1175	0.958905	0.0916325	12.849
0.1175	0.958905	0.0932849	13.131
0.1175	0.958905	0.0948779	27.7253
0.1175	0.958905	0.0964156	48.034
0.1175	0.958905	0.0979018	72.9928
0.1175	0.958905	0.0993398	56.2911
0.1175	0.958905	0.100733	15.407
0.1175	0.958905	0.102083	0
0.1175	0.979792	0	0
0.1175	0.979792	0.0116317	3.0081
0.1175	0.979792	0.0208372	11.2661
0.1175	0.979792	0.028456	25.1566
0.1175	0.979792	0.0349555	42.0071
0.1175	0.979792	0.0406229	59.2416
0.1175	0.979792	0.0456472	75.0124
0.1175	0.979792	0.0501597	88.708
0.1175	0.979792	0.054255	99.3414
0.1175	0.979792	0.0580037	104.956
0.1175	0.979792	0.0614601	106.18
0.1175	0.979792	0.0646664	104.064
0.1175	0.979792	0.0676563	98.853
0.1175	0.979792	0.0704573	90.3653
0.1175	0.979792	0.0730918	78.6351
0.1175	0.979792	0.0755784	65.0779
0.1175	0.979792	0.077933	51.6104
0.1175	0.979792	0.0801688	38.6545
0.1175	0.979792	0.0822973	34.8392
0.1175	0.979792	0.0843282	21.5129
0.1175	0.979792	0.0862701	15.3506
0.1175	0.979792	0.0881306	20.3145
0.1175	0.979792	0.0899161	10.9195
0.1175	0.979792	0.0916325	10.9361
0.1175	0.979792	0.0932849	8.62463
0.1175	0.979792	0.0948779	18.8396
0.1175	0.979792	0.0964156	40.8105
0.1175	0.979792	0.0979018	70.68
0.1175	0.979792	0.0993398	56.3656
0.1175	0.979792	0.100733	15.6645
0.1175	0.979792	0.102083	0
0.1175	1	0	0
0.1175	1	0.0116317	2.98179
0.1175	1	0.0208372	11.1825
0.1175	1	0.028456	24.9983
0.1175	1	0.0349555	41.8333
0.1175	1	0.0406229	58.9814
0.1175	1	0.0456472	74.5645
0.1175	1	0.0501597	88.5401
0.1175	1	0.054255	99.1849
0.1175	1	0.0580037	104.652
0.1175	1	0.0614601	105.894
0.1175	1	0.0646664	103.765
0.1175	1	0.0676563	98.5638
0.1175	1	0.0704573	90.1217
0.1175	1	0.0730918	78.4505
0.1175	1	0.0755784	65.1697
0.1175	1	0.077933	51.7826
0.1175	1	0.0801688	38.7255
0.1175	1	0.0822973	33.4797
0.1175	1	0.0843282	20.016
0.1175	1	0.0862701	13.6229
0.1175	1	0.0881306	16.4201
0.1175	1	0.0899161	8.91117
0.1175	1	0.0916325	8.87629
0.1175	1	0.0932849	6.02529
0.1175	1	0.0948779	11.1185
0.1175	1	0.0964156	29.9886
0.1175	1	0.0979018	68.0008
0.1175	1	0.0993398	57.0437
0.1175	1	0.100733	16.3546
0.1175	1	0.102083	0
