0.1075	-1	0	0
0.1075	-1	0.0106092	1.82114
0.1075	-1	0.0190054	5.44262
0.1075	-1	0.0259545	9.36738
0.1075	-1	0.0318826	12.5125
0.1075	-1	0.0370518	14.1296
0.1075	-1	0.0416344	15.0263
0.1075	-1	0.0457502	15.3204
0.1075	-1	0.0494855	15.3174
0.1075	-1	0.0529047	17.0624
0.1075	-1	0.0560572	16.1412
0.1075	-1	0.0589816	15.4508
0.1075	-1	0.0617087	14.8988
0.1075	-1	0.0642635	14.1124
0.1075	-1	0.0666664	13.4283
0.1075	-1	0.0689344	15.6774
0.1075	-1	0.071082	12.8022
0.1075	-1	0.0731213	13.8709
0.1075	-1	0.0750626	15.2293
0.1075	-1	0.076915	14.3858
0.1075	-1	0.0786862	11.1655
0.1075	-1	0.0803831	8.24369
0.1075	-1	0.0820117	7.53093
0.1075	-1	0.0835772	5.85493
0.1075	-1	0.0850843	3.97923
0.1075	-1	0.0865373	2.78426
0.1075	-1	0.0879398	1.68715
0.1075	-1	0.0892954	0.734308
0.1075	-1	0.090607	0.225663
0.1075	-1	0.0918773	0.0322713
0.1075	-1	0.093109	0
0.1075	-0.634788	0	0
0.1075	-0.634788	0.0106092	1.89045
0.1075	-0.634788	0.0190054	5.85124
0.1075	-0.634788	0.0259545	10.379
0.1075	-0.634788	0.0318826	14.2831
0.1075	-0.634788	0.0370518	16.5856
0.1075	-0.634788	0.0416344	17.7743
0.1075	-0.634788	0.0457502	18.184
0.1075	-0.634788	0.0494855	18.1805
0.1075	-0.634788	0.0529047	19.612
0.1075	-0.634788	0.0560572	18.2766
0.1075	-0.634788	0.0589816	17.6429
0.1075	-0.634788	0.0617087	17.052
0.1075	-0.634788	0.0642635	15.9532
0.1075	-0.634788	0.0666664	14.8716
0.1075	-0.634788	0.0689344	17.4823
0.1075	-0.634788	0.071082	14.3861
0.1075	-0.634788	0.0731213	16.09
0.1075	-0.634788	0.0750626	18.5595
0.1075	-0.634788	0.076915	18.2939
0.1075	-0.634788	0.0786862	15.1579
0.1075	-0.634788	0.0803831	11.8652
0.1075	-0.634788	0.0820117	11.6666
0.1075	-0.634788	0.0835772	9.56816
0.1075	-0.634788	0.0850843	6.91167
0.1075	-0.634788	0.0865373	4.84132
0.1075	-0.634788	0.0879398	2.98461
0.1075	-0.634788	0.0892954	1.3245
0.1075	-0.634788	0.090607	0.410245
0.1075	-0.634788	0.0918773	0.0559532
0.1075	-0.634788	0.093109	0
0.1075	-0.406307	0	0
0.1075	-0.406307	0.0106092	1.93464
0.1075	-0.406307	0.0190054	6.1026
0.1075	-0.406307	0.0259545	11.0254
0.1075	-0.406307	0.0318826	15.4156
0.1075	-0.406307	0.0370518	18.3069
0.1075	-0.406307	0.0416344	19.901
0.1075	-0.406307	0.0457502	20.4416
0.1075	-0.406307	0.0494855	20.5608
0.1075	-0.406307	0.0529047	21.8274
0.1075	-0.406307	0.0560572	20.2695
0.1075	-0.406307	0.0589816	19.4904
0.1075	-0.406307	0.0617087	18.8305
0.1075	-0.406307	0.0642635	17.6134
0.1075	-0.406307	0.0666664	16.3254
0.1075	-0.406307	0.0689344	18.9747
0.1075	-0.406307	0.071082	15.3345
0.1075	-0.406307	0.0731213	17.3771
0.1075	-0.406307	0.0750626	20.5741
0.1075	-0.406307	0.076915	20.8613
0.1075	-0.406307	0.0786862	17.814
0.1075	-0.406307	0.0803831	14.4559
0.1075	-0.406307	0.0820117	15.0597
0.1075	-0.406307	0.0835772	12.9583
0.1075	-0.406307	0.0850843	9.80466
0.1075	-0.406307	0.0865373	6.9874
0.1075	-0.406307	0.0879398	4.21328
0.1075	-0.406307	0.0892954	1.83894
0.1075	-0.406307	0.090607	0.582702
0.1075	-0.406307	0.0918773	0.0814477
0.1075	-0.406307	0.093109	0
0.1075	-0.239626	0	0
0.1075	-0.239626	0.0106092	1.96607
0.1075	-0.239626	0.0190054	6.28603
0.1075	-0.239626	0.0259545	11.4895
0.1075	-0.239626	0.0318826	16.2412
0.1075	-0.239626	0.0370518	19.6128
0.1075	-0.239626	0.0416344	21.6742
0.1075	-0.239626	0.0457502	22.4277
0.1075	-0.239626	0.0494855	22.584
0.1075	-0.239626	0.0529047	23.6555
0.1075	-0.239626	0.0560572	22.0621
0.1075	-0.239626	0.0589816	20.9907
0.1075	-0.239626	0.0617087	20.2506
0.1075	-0.239626	0.0642635	19.0004
0.1075	-0.239626	0.0666664	17.6029
0.1075	-0.239626	0.0689344	20.5312
0.1075	-0.239626	0.071082	16.1895
0.1075	-0.239626	0.0731213	18.0618
0.1075	-0.239626	0.0750626	21.7751
0.1075	-0.239626	0.076915	22.6652
0.1075	-0.239626	0.0786862	19.7295
0.1075	-0.239626	0.0803831	16.4123
0.1075	-0.239626	0.0820117	17.8225
0.1075	-0.239626	0.0835772	15.9945
0.1075	-0.239626	0.0850843	12.6585
0.1075	-0.239626	0.0865373	9.19232
0.1075	-0.239626	0.0879398	5.54393
0.1075	-0.239626	0.0892954	2.32089
0.1075	-0.239626	0.090607	0.727414
0.1075	-0.239626	0.0918773	0.1048
0.1075	-0.239626	0.093109	0
0.1075	-0.108332	0	0
0.1075	-0.108332	0.0106092	1.99069
0.1075	-0.108332	0.0190054	6.43031
0.1075	-0.108332	0.0259545	11.8514
0.1075	-0.108332	0.0318826	16.8966
0.1075	-0.108332	0.0370518	20.6835
0.1075	-0.108332	0.0416344	23.1972
0.1075	-0.108332	0.0457502	24.1514
0.1075	-0.108332	0.0494855	24.3525
0.1075	-0.108332	0.0529047	25.2335
0.1075	-0.108332	0.0560572	23.6805
0.1075	-0.108332	0.0589816	22.4331
0.1075	-0.108332	0.0617087	21.558
0.1075	-0.108332	0.0642635	20.1889
0.1075	-0.108332	0.0666664	18.7602
0.1075	-0.108332	0.0689344	21.9514
0.1075	-0.108332	0.071082	17.0452
0.1075	-0.108332	0.0731213	18.5439
0.1075	-0.108332	0.0750626	22.4636
0.1075	-0.108332	0.076915	23.76
0.1075	-0.108332	0.0786862	21.2165
0.1075	-0.108332	0.0803831	17.9199
0.1075	-0.108332	0.0820117	20.0946
0.1075	-0.108332	0.0835772	18.7042
0.1075	-0.108332	0.0850843	15.3197
0.1075	-0.108332	0.0865373	11.4277
0.1075	-0.108332	0.0879398	7.00458
0.1075	-0.108332	0.0892954	2.90629
0.1075	-0.108332	0.090607	0.838607
0.1075	-0.108332	0.0918773	0.119766
0.1075	-0.108332	0.093109	0
0.1075	-2e-20	0	0
0.1075	-2e-20	0.0106092	2.01067
0.1075	-2e-20	0.0190054	6.54863
0.1075	-2e-20	0.0259545	12.15
0.1075	-2e-20	0.0318826	17.4608
0.1075	-2e-20	0.0370518	21.5545
0.1075	-2e-20	0.0416344	24.4925
0.1075	-2e-20	0.0457502	25.6916
0.1075	-2e-20	0.0494855	25.9467
0.1075	-2e-20	0.0529047	26.7397
0.1075	-2e-20	0.0560572	25.1311
0.1075	-2e-20	0.0589816	23.818
0.1075	-2e-20	0.0617087	22.7328
0.1075	-2e-20	0.0642635	21.2405
0.1075	-2e-20	0.0666664	19.7171
0.1075	-2e-20	0.0689344	23.2412
0.1075	-2e-20	0.071082	17.9017
0.1075	-2e-20	0.0731213	18.9055
0.1075	-2e-20	0.0750626	22.7452
0.1075	-2e-20	0.076915	24.4649
0.1075	-2e-20	0.0786862	22.1073
0.1075	-2e-20	0.0803831	19.1052
0.1075	-2e-20	0.0820117	22.0701
0.1075	-2e-20	0.0835772	21.0369
0.1075	-2e-20	0.0850843	17.8402
0.1075	-2e-20	0.0865373	13.6781
0.1075	-2e-20	0.0879398	8.48957
0.1075	-2e-20	0.0892954	3.68352
0.1075	-2e-20	0.090607	0.986789
0.1075	-2e-20	0.0918773	0.132423
0.1075	-2e-20	0.093109	0
0.1075	0.0922185	0	0
0.1075	0.0922185	0.0106092	2.0275
0.1075	0.0922185	0.0190054	6.64956
0.1075	0.0922185	0.0259545	12.4065
0.1075	0.0922185	0.0318826	17.9446
0.1075	0.0922185	0.0370518	22.2899
0.1075	0.0922185	0.0416344	25.6123
0.1075	0.0922185	0.0457502	27.0861
0.1075	0.0922185	0.0494855	27.412
0.1075	0.0922185	0.0529047	28.0998
0.1075	0.0922185	0.0560572	26.4788
0.1075	0.0922185	0.0589816	25.127
0.1075	0.0922185	0.0617087	23.894
0.1075	0.0922185	0.0642635	22.2197
0.1075	0.0922185	0.0666664	20.5241
0.1075	0.0922185	0.0689344	24.5313
0.1075	0.0922185	0.071082	18.6725
0.1075	0.0922185	0.0731213	19.2924
0.1075	0.0922185	0.0750626	22.7406
0.1075	0.0922185	0.076915	24.7781
0.1075	0.0922185	0.0786862	22.616
0.1075	0.0922185	0.0803831	19.972
0.1075	0.0922185	0.0820117	23.7056
0.1075	0.0922185	0.0835772	23.0793
0.1075	0.0922185	0.0850843	20.1434
0.1075	0.0922185	0.0865373	15.8178
0.1075	0.0922185	0.0879398	10.136
0.1075	0.0922185	0.0892954	4.57818
0.1075	0.0922185	0.090607	1.23804
0.1075	0.0922185	0.0918773	0.144887
0.1075	0.0922185	0.093109	0
0.1075	0.172502	0	0
0.1075	0.172502	0.0106092	2.04208
0.1075	0.172502	0.0190054	6.73496
0.1075	0.172502	0.0259545	12.631
0.1075	0.172502	0.0318826	18.3657
0.1075	0.172502	0.0370518	22.9621
0.1075	0.172502	0.0416344	26.5988
0.1075	0.172502	0.0457502	28.351
0.1075	0.172502	0.0494855	28.8357
0.1075	0.172502	0.0529047	29.3256
0.1075	0.172502	0.0560572	27.7742
0.1075	0.172502	0.0589816	26.3288
0.1075	0.172502	0.0617087	24.9633
0.1075	0.172502	0.0642635	23.0454
0.1075	0.172502	0.0666664	21.383
0.1075	0.172502	0.0689344	25.6432
0.1075	0.172502	0.071082	19.4279
0.1075	0.172502	0.0731213	19.6948
0.1075	0.172502	0.0750626	22.8255
0.1075	0.172502	0.076915	24.723
0.1075	0.172502	0.0786862	22.9238
0.1075	0.172502	0.0803831	20.4273
0.1075	0.172502	0.0820117	25.1954
0.1075	0.172502	0.0835772	24.9671
0.1075	0.172502	0.0850843	22.1898
0.1075	0.172502	0.0865373	17.8707
0.1075	0.172502	0.0879398	11.8281
0.1075	0.172502	0.0892954	5.5911
0.1075	0.172502	0.090607	1.65089
0.1075	0.172502	0.0918773	0.160803
0.1075	0.172502	0.093109	0
0.1075	0.243589	0	0
0.1075	0.243589	0.0106092	2.05491
0.1075	0.243589	0.0190054	6.80925
0.1075	0.243589	0.0259545	12.8387
0.1075	0.243589	0.0318826	18.7354
0.1075	0.243589	0.0370518	23.563
0.1075	0.243589	0.0416344	27.4695
0.1075	0.243589	0.0457502	29.5032
0.1075	0.243589	0.0494855	30.1583
0.1075	0.243589	0.0529047	30.5303
0.1075	0.243589	0.0560572	28.9924
0.1075	0.243589	0.0589816	27.468
0.1075	0.243589	0.0617087	25.9745
0.1075	0.243589	0.0642635	23.9295
0.1075	0.243589	0.0666664	22.1732
0.1075	0.243589	0.0689344	26.6085
0.1075	0.243589	0.071082	20.1764
0.1075	0.243589	0.0731213	20.0575
0.1075	0.243589	0.0750626	22.7024
0.1075	0.243589	0.076915	24.5639
0.1075	0.243589	0.0786862	22.9218
0.1075	0.243589	0.0803831	20.6581
0.1075	0.243589	0.0820117	26.3024
0.1075	0.243589	0.0835772	26.6499
0.1075	0.243589	0.0850843	23.9848
0.1075	0.243589	0.0865373	19.8231
0.1075	0.243589	0.0879398	13.5185
0.1075	0.243589	0.0892954	6.77907
0.1075	0.243589	0.090607	2.20845
0.1075	0.243589	0.0918773	0.205406
0.1075	0.243589	0.093109	0
0.1075	0.307372	0	0
0.1075	0.307372	0.0106092	2.06631
0.1075	0.307372	0.0190054	6.87621
0.1075	0.307372	0.0259545	13.023
0.1075	0.307372	0.0318826	19.0637
0.1075	0.307372	0.0370518	24.1019
0.1075	0.307372	0.0416344	28.2478
0.1075	0.307372	0.0457502	30.5785
0.1075	0.307372	0.0494855	31.4006
0.1075	0.307372	0.0529047	31.7201
0.1075	0.307372	0.0560572	30.1284
0.1075	0.307372	0.0589816	28.548
0.1075	0.307372	0.0617087	26.9249
0.1075	0.307372	0.0642635	24.8112
0.1075	0.307372	0.0666664	22.8517
0.1075	0.307372	0.0689344	27.5008
0.1075	0.307372	0.071082	20.8445
0.1075	0.307372	0.0731213	20.4655
0.1075	0.307372	0.0750626	22.7788
0.1075	0.307372	0.076915	24.4162
0.1075	0.307372	0.0786862	22.5487
0.1075	0.307372	0.0803831	20.6775
0.1075	0.307372	0.0820117	27.1388
0.1075	0.307372	0.0835772	28.1832
0.1075	0.307372	0.0850843	25.6727
0.1075	0.307372	0.0865373	21.6154
0.1075	0.307372	0.0879398	15.2409
0.1075	0.307372	0.0892954	8.08398
0.1075	0.307372	0.090607	2.88798
0.1075	0.307372	0.0918773	0.323347
0.1075	0.307372	0.093109	0
0.1075	0.365212	0	0
0.1075	0.365212	0.0106092	2.0766
0.1075	0.365212	0.0190054	6.9359
0.1075	0.365212	0.0259545	13.1893
0.1075	0.365212	0.0318826	19.36
0.1075	0.365212	0.0370518	24.5919
0.1075	0.365212	0.0416344	28.9511
0.1075	0.365212	0.0457502	31.5817
0.1075	0.365212	0.0494855	32.5681
0.1075	0.365212	0.0529047	32.8338
0.1075	0.365212	0.0560572	31.2196
0.1075	0.365212	0.0589816	29.5549
0.1075	0.365212	0.0617087	27.8578
0.1075	0.365212	0.0642635	25.6749
0.1075	0.365212	0.0666664	23.5187
0.1075	0.365212	0.0689344	28.326
0.1075	0.365212	0.071082	21.3966
0.1075	0.365212	0.0731213	20.8213
0.1075	0.365212	0.0750626	22.754
0.1075	0.365212	0.076915	24.182
0.1075	0.365212	0.0786862	22.2152
0.1075	0.365212	0.0803831	20.5569
0.1075	0.365212	0.0820117	27.7363
0.1075	0.365212	0.0835772	29.3874
0.1075	0.365212	0.0850843	27.2626
0.1075	0.365212	0.0865373	23.2148
0.1075	0.365212	0.0879398	16.9359
0.1075	0.365212	0.0892954	9.49681
0.1075	0.365212	0.090607	3.70126
0.1075	0.365212	0.0918773	0.538808
0.1075	0.365212	0.093109	0
0.1075	0.418124	0	0
0.1075	0.418124	0.0106092	2.08606
0.1075	0.418124	0.0190054	6.98953
0.1075	0.418124	0.0259545	13.3401
0.1075	0.418124	0.0318826	19.6398
0.1075	0.418124	0.0370518	25.0378
0.1075	0.418124	0.0416344	29.5932
0.1075	0.418124	0.0457502	32.5018
0.1075	0.418124	0.0494855	33.6986
0.1075	0.418124	0.0529047	33.8779
0.1075	0.418124	0.0560572	32.3065
0.1075	0.418124	0.0589816	30.5115
0.1075	0.418124	0.0617087	28.8242
0.1075	0.418124	0.0642635	26.4847
0.1075	0.418124	0.0666664	24.1442
0.1075	0.418124	0.0689344	29.08
0.1075	0.418124	0.071082	21.9047
0.1075	0.418124	0.0731213	21.0505
0.1075	0.418124	0.0750626	22.7112
0.1075	0.418124	0.076915	24.0799
0.1075	0.418124	0.0786862	21.8366
0.1075	0.418124	0.0803831	20.1055
0.1075	0.418124	0.0820117	28.0598
0.1075	0.418124	0.0835772	30.3355
0.1075	0.418124	0.0850843	28.8096
0.1075	0.418124	0.0865373	24.6843
0.1075	0.418124	0.0879398	18.5687
0.1075	0.418124	0.0892954	10.9703
0.1075	0.418124	0.090607	4.67324
0.1075	0.418124	0.0918773	0.858128
0.1075	0.418124	0.093109	0
0.1075	0.466881	0	0
0.1075	0.466881	0.0106092	2.09471
0.1075	0.466881	0.0190054	7.03819
0.1075	0.466881	0.0259545	13.4781
0.1075	0.466881	0.0318826	19.9087
0.1075	0.466881	0.0370518	25.4452
0.1075	0.466881	0.0416344	30.199
0.1075	0.466881	0.0457502	33.3461
0.1075	0.466881	0.0494855	34.7647
0.1075	0.466881	0.0529047	34.8967
0.1075	0.466881	0.0560572	33.3606
0.1075	0.466881	0.0589816	31.4253
0.1075	0.466881	0.0617087	29.7247
0.1075	0.466881	0.0642635	27.2599
0.1075	0.466881	0.0666664	24.7905
0.1075	0.466881	0.0689344	29.6535
0.1075	0.466881	0.071082	22.4184
0.1075	0.466881	0.0731213	21.2039
0.1075	0.466881	0.0750626	22.622
0.1075	0.466881	0.076915	23.9035
0.1075	0.466881	0.0786862	21.4896
0.1075	0.466881	0.0803831	19.724
0.1075	0.466881	0.0820117	28.1758
0.1075	0.466881	0.0835772	31.1402
0.1075	0.466881	0.0850843	30.0931
0.1075	0.466881	0.0865373	25.9948
0.1075	0.466881	0.0879398	20.11
0.1075	0.466881	0.0892954	12.4917
0.1075	0.466881	0.090607	5.76416
0.1075	0.466881	0.0918773	1.26575
0.1075	0.466881	0.093109	0
0.1075	0.512089	0	0
0.1075	0.512089	0.0106092	2.10267
0.1075	0.512089	0.0190054	7.08253
0.1075	0.512089	0.0259545	13.6048
0.1075	0.512089	0.0318826	20.1556
0.1075	0.512089	0.0370518	25.8199
0.1075	0.512089	0.0416344	30.7758
0.1075	0.512089	0.0457502	34.1241
0.1075	0.512089	0.0494855	35.7744
0.1075	0.512089	0.0529047	35.8736
0.1075	0.512089	0.0560572	34.3813
0.1075	0.512089	0.0589816	32.3975
0.1075	0.512089	0.0617087	30.5577
0.1075	0.512089	0.0642635	28.0109
0.1075	0.512089	0.0666664	25.4506
0.1075	0.512089	0.0689344	30.1171
0.1075	0.512089	0.071082	22.8721
0.1075	0.512089	0.0731213	21.3315
0.1075	0.512089	0.0750626	22.4631
0.1075	0.512089	0.076915	23.6327
0.1075	0.512089	0.0786862	21.1879
0.1075	0.512089	0.0803831	19.199
0.1075	0.512089	0.0820117	28.0185
0.1075	0.512089	0.0835772	31.608
0.1075	0.512089	0.0850843	31.1241
0.1075	0.512089	0.0865373	27.5378
0.1075	0.512089	0.0879398	21.4865
0.1075	0.512089	0.0892954	14.0676
0.1075	0.512089	0.090607	7.03443
0.1075	0.512089	0.0918773	1.75637
0.1075	0.512089	0.093109	0
0.1075	0.55423	0	0
0.1075	0.55423	0.0106092	2.11003
0.1075	0.55423	0.0190054	7.12379
0.1075	0.55423	0.0259545	13.7213
0.1075	0.55423	0.0318826	20.3858
0.1075	0.55423	0.0370518	26.1702
0.1075	0.55423	0.0416344	31.3074
0.1075	0.55423	0.0457502	34.8543
0.1075	0.55423	0.0494855	36.736
0.1075	0.55423	0.0529047	36.8422
0.1075	0.55423	0.0560572	35.3555
0.1075	0.55423	0.0589816	33.3708
0.1075	0.55423	0.0617087	31.3649
0.1075	0.55423	0.0642635	28.7213
0.1075	0.55423	0.0666664	26.0946
0.1075	0.55423	0.0689344	30.581
0.1075	0.55423	0.071082	23.2282
0.1075	0.55423	0.0731213	21.4967
0.1075	0.55423	0.0750626	22.2194
0.1075	0.55423	0.076915	23.402
0.1075	0.55423	0.0786862	20.8306
0.1075	0.55423	0.0803831	18.8675
0.1075	0.55423	0.0820117	27.7623
0.1075	0.55423	0.0835772	31.7428
0.1075	0.55423	0.0850843	31.9012
0.1075	0.55423	0.0865373	28.8734
0.1075	0.55423	0.0879398	22.7908
0.1075	0.55423	0.0892954	15.6059
0.1075	0.55423	0.090607	8.43503
0.1075	0.55423	0.0918773	2.30134
0.1075	0.55423	0.093109	0
0.1075	0.593693	0	0
0.1075	0.593693	0.0106092	2.11688
0.1075	0.593693	0.0190054	7.16385
0.1075	0.593693	0.0259545	13.8294
0.1075	0.593693	0.0318826	20.6001
0.1075	0.593693	0.0370518	26.4987
0.1075	0.593693	0.0416344	31.8005
0.1075	0.593693	0.0457502	35.5567
0.1075	0.593693	0.0494855	37.6403
0.1075	0.593693	0.0529047	37.7892
0.1075	0.593693	0.0560572	36.3023
0.1075	0.593693	0.0589816	34.3138
0.1075	0.593693	0.0617087	32.1766
0.1075	0.593693	0.0642635	29.4016
0.1075	0.593693	0.0666664	26.7075
0.1075	0.593693	0.0689344	31.1115
0.1075	0.593693	0.071082	23.5196
0.1075	0.593693	0.0731213	21.5751
0.1075	0.593693	0.0750626	21.8503
0.1075	0.593693	0.076915	23.2186
0.1075	0.593693	0.0786862	20.4122
0.1075	0.593693	0.0803831	18.4266
0.1075	0.593693	0.0820117	27.145
0.1075	0.593693	0.0835772	31.6556
0.1075	0.593693	0.0850843	32.5946
0.1075	0.593693	0.0865373	30.1426
0.1075	0.593693	0.0879398	23.9811
0.1075	0.593693	0.0892954	17.1216
0.1075	0.593693	0.090607	9.96068
0.1075	0.593693	0.0918773	2.91027
0.1075	0.593693	0.093109	0
0.1075	0.630798	0	0
0.1075	0.630798	0.0106092	2.12327
0.1075	0.630798	0.0190054	7.20104
0.1075	0.630798	0.0259545	13.9301
0.1075	0.630798	0.0318826	20.8052
0.1075	0.630798	0.0370518	26.8111
0.1075	0.630798	0.0416344	32.2613
0.1075	0.630798	0.0457502	36.2152
0.1075	0.630798	0.0494855	38.4968
0.1075	0.630798	0.0529047	38.6976
0.1075	0.630798	0.0560572	37.2511
0.1075	0.630798	0.0589816	35.2269
0.1075	0.630798	0.0617087	32.9836
0.1075	0.630798	0.0642635	30.0557
0.1075	0.630798	0.0666664	27.2896
0.1075	0.630798	0.0689344	31.5558
0.1075	0.630798	0.071082	23.8682
0.1075	0.630798	0.0731213	21.5066
0.1075	0.630798	0.0750626	21.6069
0.1075	0.630798	0.076915	22.9476
0.1075	0.630798	0.0786862	19.9795
0.1075	0.630798	0.0803831	18.0468
0.1075	0.630798	0.0820117	26.6116
0.1075	0.630798	0.0835772	31.3876
0.1075	0.630798	0.0850843	32.841
0.1075	0.630798	0.0865373	31.1477
0.1075	0.630798	0.0879398	25.3783
0.1075	0.630798	0.0892954	18.4942
0.1075	0.630798	0.090607	11.6172
0.1075	0.630798	0.0918773	3.60876
0.1075	0.630798	0.093109	0
0.1075	0.665812	0	0
0.1075	0.665812	0.0106092	2.12925
0.1075	0.665812	0.0190054	7.23536
0.1075	0.665812	0.0259545	14.0247
0.1075	0.665812	0.0318826	21.002
0.1075	0.665812	0.0370518	27.1199
0.1075	0.665812	0.0416344	32.6891
0.1075	0.665812	0.0457502	36.8344
0.1075	0.665812	0.0494855	39.3033
0.1075	0.665812	0.0529047	39.5623
0.1075	0.665812	0.0560572	38.2264
0.1075	0.665812	0.0589816	36.121
0.1075	0.665812	0.0617087	33.779
0.1075	0.665812	0.0642635	30.7336
0.1075	0.665812	0.0666664	27.8351
0.1075	0.665812	0.0689344	31.9026
0.1075	0.665812	0.071082	24.2204
0.1075	0.665812	0.0731213	21.4103
0.1075	0.665812	0.0750626	21.2706
0.1075	0.665812	0.076915	22.4623
0.1075	0.665812	0.0786862	19.7177
0.1075	0.665812	0.0803831	17.6166
0.1075	0.665812	0.0820117	25.982
0.1075	0.665812	0.0835772	30.7523
0.1075	0.665812	0.0850843	32.8225
0.1075	0.665812	0.0865373	32.018
0.1075	0.665812	0.0879398	26.7244
0.1075	0.665812	0.0892954	19.7482
0.1075	0.665812	0.090607	13.3576
0.1075	0.665812	0.0918773	4.40485
0.1075	0.665812	0.093109	0
0.1075	0.698958	0	0
0.1075	0.698958	0.0106092	2.13488
0.1075	0.698958	0.0190054	7.26727
0.1075	0.698958	0.0259545	14.1137
0.1075	0.698958	0.0318826	21.1877
0.1075	0.698958	0.0370518	27.4205
0.1075	0.698958	0.0416344	33.0905
0.1075	0.698958	0.0457502	37.4091
0.1075	0.698958	0.0494855	40.0597
0.1075	0.698958	0.0529047	40.4075
0.1075	0.698958	0.0560572	39.1992
0.1075	0.698958	0.0589816	37.0003
0.1075	0.698958	0.0617087	34.5488
0.1075	0.698958	0.0642635	31.424
0.1075	0.698958	0.0666664	28.3516
0.1075	0.698958	0.0689344	32.31
0.1075	0.698958	0.071082	24.502
0.1075	0.698958	0.0731213	21.3798
0.1075	0.698958	0.0750626	20.7545
0.1075	0.698958	0.076915	22.0138
0.1075	0.698958	0.0786862	19.4109
0.1075	0.698958	0.0803831	17.1049
0.1075	0.698958	0.0820117	25.1594
0.1075	0.698958	0.0835772	29.874
0.1075	0.698958	0.0850843	32.6822
0.1075	0.698958	0.0865373	32.725
0.1075	0.698958	0.0879398	28.0287
0.1075	0.698958	0.0892954	20.8498
0.1075	0.698958	0.090607	15.152
0.1075	0.698958	0.0918773	5.30303
0.1075	0.698958	0.093109	0
0.1075	0.730425	0	0
0.1075	0.730425	0.0106092	2.14017
0.1075	0.730425	0.0190054	7.29686
0.1075	0.730425	0.0259545	14.2081
0.1075	0.730425	0.0318826	21.3632
0.1075	0.730425	0.0370518	27.7054
0.1075	0.730425	0.0416344	33.4779
0.1075	0.730425	0.0457502	37.9486
0.1075	0.730425	0.0494855	40.7756
0.1075	0.730425	0.0529047	41.2501
0.1075	0.730425	0.0560572	40.145
0.1075	0.730425	0.0589816	37.872
0.1075	0.730425	0.0617087	35.3045
0.1075	0.730425	0.0642635	32.0964
0.1075	0.730425	0.0666664	28.864
0.1075	0.730425	0.0689344	32.7708
0.1075	0.730425	0.071082	24.7419
0.1075	0.730425	0.0731213	21.3259
0.1075	0.730425	0.0750626	20.2221
0.1075	0.730425	0.076915	21.5778
0.1075	0.730425	0.0786862	18.914
0.1075	0.730425	0.0803831	16.8427
0.1075	0.730425	0.0820117	24.6223
0.1075	0.730425	0.0835772	29.0757
0.1075	0.730425	0.0850843	32.1727
0.1075	0.730425	0.0865373	33.0763
0.1075	0.730425	0.0879398	29.0293
0.1075	0.730425	0.0892954	22.0581
0.1075	0.730425	0.090607	16.9435
0.1075	0.730425	0.0918773	6.36047
0.1075	0.730425	0.093109	0
0.1075	0.760374	0	0
0.1075	0.760374	0.0106092	2.14517
0.1075	0.760374	0.0190054	7.32567
0.1075	0.760374	0.0259545	14.2987
0.1075	0.760374	0.0318826	21.5337
0.1075	0.760374	0.0370518	27.9767
0.1075	0.760374	0.0416344	33.8576
0.1075	0.760374	0.0457502	38.4627
0.1075	0.760374	0.0494855	41.4564
0.1075	0.760374	0.0529047	42.0998
0.1075	0.760374	0.0560572	41.062
0.1075	0.760374	0.0589816	38.7544
0.1075	0.760374	0.0617087	36.084
0.1075	0.760374	0.0642635	32.7632
0.1075	0.760374	0.0666664	29.3807
0.1075	0.760374	0.0689344	33.0758
0.1075	0.760374	0.071082	25.0442
0.1075	0.760374	0.0731213	21.2329
0.1075	0.760374	0.0750626	19.6594
0.1075	0.760374	0.076915	21.0631
0.1075	0.760374	0.0786862	18.2354
0.1075	0.760374	0.0803831	16.6379
0.1075	0.760374	0.0820117	24.0388
0.1075	0.760374	0.0835772	27.8654
0.1075	0.760374	0.0850843	31.3896
0.1075	0.760374	0.0865373	33.0982
0.1075	0.760374	0.0879398	30.0075
0.1075	0.760374	0.0892954	23.324
0.1075	0.760374	0.090607	18.6827
0.1075	0.760374	0.0918773	7.56822
0.1075	0.760374	0.093109	0
0.1075	0.788947	0	0
0.1075	0.788947	0.0106092	2.14989
0.1075	0.788947	0.0190054	7.35338
0.1075	0.788947	0.0259545	14.3842
0.1075	0.788947	0.0318826	21.6973
0.1075	0.788947	0.0370518	28.2323
0.1075	0.788947	0.0416344	34.2203
0.1075	0.788947	0.0457502	38.9531
0.1075	0.788947	0.0494855	42.0967
0.1075	0.788947	0.0529047	42.9187
0.1075	0.788947	0.0560572	41.9514
0.1075	0.788947	0.0589816	39.6399
0.1075	0.788947	0.0617087	36.8787
0.1075	0.788947	0.0642635	33.4076
0.1075	0.788947	0.0666664	29.8885
0.1075	0.788947	0.0689344	33.2328
0.1075	0.788947	0.071082	25.3004
0.1075	0.788947	0.0731213	21.2243
0.1075	0.788947	0.0750626	19.1867
0.1075	0.788947	0.076915	20.4422
0.1075	0.788947	0.0786862	17.7051
0.1075	0.788947	0.0803831	16.2434
0.1075	0.788947	0.0820117	23.4774
0.1075	0.788947	0.0835772	27.2418
0.1075	0.788947	0.0850843	30.5036
0.1075	0.788947	0.0865373	32.9056
0.1075	0.788947	0.0879398	30.706
0.1075	0.788947	0.0892954	24.575
0.1075	0.788947	0.090607	20.2551
0.1075	0.788947	0.0918773	8.96049
0.1075	0.788947	0.093109	0
0.1075	0.816262	0	0
0.1075	0.816262	0.0106092	2.15435
0.1075	0.816262	0.0190054	7.37925
0.1075	0.816262	0.0259545	14.4652
0.1075	0.816262	0.0318826	21.8531
0.1075	0.816262	0.0370518	28.4795
0.1075	0.816262	0.0416344	34.5684
0.1075	0.816262	0.0457502	39.4147
0.1075	0.816262	0.0494855	42.7035
0.1075	0.816262	0.0529047	43.7164
0.1075	0.816262	0.0560572	42.8306
0.1075	0.816262	0.0589816	40.5096
0.1075	0.816262	0.0617087	37.6896
0.1075	0.816262	0.0642635	34.0368
0.1075	0.816262	0.0666664	30.4004
0.1075	0.816262	0.0689344	33.4917
0.1075	0.816262	0.071082	25.4747
0.1075	0.816262	0.0731213	21.2309
0.1075	0.816262	0.0750626	18.7435
0.1075	0.816262	0.076915	19.6677
0.1075	0.816262	0.0786862	17.112
0.1075	0.816262	0.0803831	15.6246
0.1075	0.816262	0.0820117	22.9711
0.1075	0.816262	0.0835772	26.5281
0.1075	0.816262	0.0850843	29.3486
0.1075	0.816262	0.0865373	32.5485
0.1075	0.816262	0.0879398	31.2518
0.1075	0.816262	0.0892954	25.7513
0.1075	0.816262	0.090607	21.7139
0.1075	0.816262	0.0918773	10.5138
0.1075	0.816262	0.093109	0
0.1075	0.842428	0	0
0.1075	0.842428	0.0106092	2.15857
0.1075	0.842428	0.0190054	7.40438
0.1075	0.842428	0.0259545	14.5419
0.1075	0.842428	0.0318826	22.0017
0.1075	0.842428	0.0370518	28.7154
0.1075	0.842428	0.0416344	34.9009
0.1075	0.842428	0.0457502	39.8567
0.1075	0.842428	0.0494855	43.2808
0.1075	0.842428	0.0529047	44.4959
0.1075	0.842428	0.0560572	43.6763
0.1075	0.842428	0.0589816	41.3759
0.1075	0.842428	0.0617087	38.5023
0.1075	0.842428	0.0642635	34.6798
0.1075	0.842428	0.0666664	30.9066
0.1075	0.842428	0.0689344	33.7791
0.1075	0.842428	0.071082	25.5515
0.1075	0.842428	0.0731213	21.2297
0.1075	0.842428	0.0750626	18.4185
0.1075	0.842428	0.076915	18.8004
0.1075	0.842428	0.0786862	16.3582
0.1075	0.842428	0.0803831	15.2022
0.1075	0.842428	0.0820117	22.1576
0.1075	0.842428	0.0835772	25.6292
0.1075	0.842428	0.0850843	28.2431
0.1075	0.842428	0.0865373	31.9713
0.1075	0.842428	0.0879398	31.3994
0.1075	0.842428	0.0892954	26.821
0.1075	0.842428	0.090607	23.2053
0.1075	0.842428	0.0918773	12.2182
0.1075	0.842428	0.093109	0
0.1075	0.867536	0	0
0.1075	0.867536	0.0106092	2.16257
0.1075	0.867536	0.0190054	7.42802
0.1075	0.867536	0.0259545	14.6143
0.1075	0.867536	0.0318826	22.1477
0.1075	0.867536	0.0370518	28.9401
0.1075	0.867536	0.0416344	35.2189
0.1075	0.867536	0.0457502	40.2772
0.1075	0.867536	0.0494855	43.8722
0.1075	0.867536	0.0529047	45.2445
0.1075	0.867536	0.0560572	44.5052
0.1075	0.867536	0.0589816	42.2761
0.1075	0.867536	0.0617087	39.3126
0.1075	0.867536	0.0642635	35.3594
0.1075	0.867536	0.0666664	31.3889
0.1075	0.867536	0.0689344	33.9875
0.1075	0.867536	0.071082	25.6959
0.1075	0.867536	0.0731213	21.2093
0.1075	0.867536	0.0750626	18.068
0.1075	0.867536	0.076915	18.263
0.1075	0.867536	0.0786862	15.2182
0.1075	0.867536	0.0803831	14.6745
0.1075	0.867536	0.0820117	21.0052
0.1075	0.867536	0.0835772	24.7929
0.1075	0.867536	0.0850843	27.1702
0.1075	0.867536	0.0865373	30.7226
0.1075	0.867536	0.0879398	30.9868
0.1075	0.867536	0.0892954	27.5729
0.1075	0.867536	0.090607	24.8304
0.1075	0.867536	0.0918773	14.0439
0.1075	0.867536	0.093109	0
0.1075	0.891668	0	0
0.1075	0.891668	0.0106092	2.16635
0.1075	0.891668	0.0190054	7.45012
0.1075	0.891668	0.0259545	14.6835
0.1075	0.891668	0.0318826	22.2925
0.1075	0.891668	0.0370518	29.1548
0.1075	0.891668	0.0416344	35.5235
0.1075	0.891668	0.0457502	40.6845
0.1075	0.891668	0.0494855	44.4639
0.1075	0.891668	0.0529047	45.9607
0.1075	0.891668	0.0560572	45.3071
0.1075	0.891668	0.0589816	43.1599
0.1075	0.891668	0.0617087	40.1211
0.1075	0.891668	0.0642635	36.0537
0.1075	0.891668	0.0666664	31.8964
0.1075	0.891668	0.0689344	34.0496
0.1075	0.891668	0.071082	25.8362
0.1075	0.891668	0.0731213	21.1857
0.1075	0.891668	0.0750626	17.8339
0.1075	0.891668	0.076915	17.7874
0.1075	0.891668	0.0786862	14.5023
0.1075	0.891668	0.0803831	13.7745
0.1075	0.891668	0.0820117	19.8175
0.1075	0.891668	0.0835772	23.7025
0.1075	0.891668	0.0850843	25.8211
0.1075	0.891668	0.0865373	29.2189
0.1075	0.891668	0.0879398	30.7972
0.1075	0.891668	0.0892954	27.947
0.1075	0.891668	0.090607	26.4228
0.1075	0.891668	0.0918773	15.8666
0.1075	0.891668	0.093109	0
0.1075	0.914898	0	0
0.1075	0.914898	0.0106092	2.1699
0.1075	0.914898	0.0190054	7.47063
0.1075	0.914898	0.0259545	14.7491
0.1075	0.914898	0.0318826	22.4371
0.1075	0.914898	0.0370518	29.3758
0.1075	0.914898	0.0416344	35.8076
0.1075	0.914898	0.0457502	41.0731
0.1075	0.914898	0.0494855	45.0213
0.1075	0.914898	0.0529047	46.64
0.1075	0.914898	0.0560572	46.0909
0.1075	0.914898	0.0589816	44.0389
0.1075	0.914898	0.0617087	40.9397
0.1075	0.914898	0.0642635	36.7617
0.1075	0.914898	0.0666664	32.4494
0.1075	0.914898	0.0689344	33.9247
0.1075	0.914898	0.071082	25.9244
0.1075	0.914898	0.0731213	21.1535
0.1075	0.914898	0.0750626	17.715
0.1075	0.914898	0.076915	17.3886
0.1075	0.914898	0.0786862	13.8058
0.1075	0.914898	0.0803831	12.9793
0.1075	0.914898	0.0820117	18.5166
0.1075	0.914898	0.0835772	22.104
0.1075	0.914898	0.0850843	24.5012
0.1075	0.914898	0.0865373	27.6667
0.1075	0.914898	0.0879398	29.2487
0.1075	0.914898	0.0892954	27.941
0.1075	0.914898	0.090607	28.2168
0.1075	0.914898	0.0918773	17.5742
0.1075	0.914898	0.093109	0
0.1075	0.937291	0	0
0.1075	0.937291	0.0106092	2.17326
0.1075	0.937291	0.0190054	7.48934
0.1075	0.937291	0.0259545	14.8106
0.1075	0.937291	0.0318826	22.5808
0.1075	0.937291	0.0370518	29.5845
0.1075	0.937291	0.0416344	36.0781
0.1075	0.937291	0.0457502	41.4385
0.1075	0.937291	0.0494855	45.558
0.1075	0.937291	0.0529047	47.2941
0.1075	0.937291	0.0560572	46.8612
0.1075	0.937291	0.0589816	44.9067
0.1075	0.937291	0.0617087	41.7763
0.1075	0.937291	0.0642635	37.4772
0.1075	0.937291	0.0666664	33.0024
0.1075	0.937291	0.0689344	33.8522
0.1075	0.937291	0.071082	25.9568
0.1075	0.937291	0.0731213	21.0601
0.1075	0.937291	0.0750626	17.6617
0.1075	0.937291	0.076915	17.1665
0.1075	0.937291	0.0786862	13.1419
0.1075	0.937291	0.0803831	12.3099
0.1075	0.937291	0.0820117	16.8811
0.1075	0.937291	0.0835772	20.2534
0.1075	0.937291	0.0850843	23.5323
0.1075	0.937291	0.0865373	25.8874
0.1075	0.937291	0.0879398	27.8776
0.1075	0.937291	0.0892954	27.3042
0.1075	0.937291	0.090607	29.7059
0.1075	0.937291	0.0918773	19.0844
0.1075	0.937291	0.093109	0
0.1075	0.958905	0	0
0.1075	0.958905	0.0106092	2.17636
0.1075	0.958905	0.0190054	7.50616
0.1075	0.958905	0.0259545	14.8674
0.1075	0.958905	0.0318826	22.7178
0.1075	0.958905	0.0370518	29.7911
0.1075	0.958905	0.0416344	36.338
0.1075	0.958905	0.0457502	41.8002
0.1075	0.958905	0.0494855	46.054
0.1075	0.958905	0.0529047	47.9126
0.1075	0.958905	0.0560572	47.6185
0.1075	0.958905	0.0589816	45.7431
0.1075	0.958905	0.0617087	42.6073
0.1075	0.958905	0.0642635	38.211
0.1075	0.958905	0.0666664	33.563
0.1075	0.958905	0.0689344	34.0146
0.1075	0.958905	0.071082	26.0252
0.1075	0.958905	0.0731213	20.9276
0.1075	0.958905	0.0750626	17.5206
0.1075	0.958905	0.076915	17.0952
0.1075	0.958905	0.0786862	12.5665
0.1075	0.958905	0.0803831	11.6817
0.1075	0.958905	0.0820117	14.7313
0.1075	0.958905	0.0835772	18.2297
0.1075	0.958905	0.0850843	22.0219
0.1075	0.958905	0.0865373	24.8278
0.1075	0.958905	0.0879398	26.186
0.1075	0.958905	0.0892954	25.9231
0.1075	0.958905	0.090607	31.0009
0.1075	0.958905	0.0918773	20.6394
0.1075	0.958905	0.093109	0
0.1075	0.979792	0	0
0.1075	0.979792	0.0106092	2.17913
0.1075	0.979792	0.0190054	7.52287
0.1075	0.979792	0.0259545	14.9192
0.1075	0.979792	0.0318826	22.8513
0.1075	0.979792	0.0370518	30.0049
0.1075	0.979792	0.0416344	36.5745
0.1075	0.979792	0.0457502	42.2163
0.1075	0.979792	0.0494855	46.5304
0.1075	0.979792	0.0529047	48.5182
0.1075	0.979792	0.0560572	48.3656
0.1075	0.979792	0.0589816	46.5611
0.1075	0.979792	0.0617087	43.4339
0.1075	0.979792	0.0642635	38.969
0.1075	0.979792	0.0666664	34.1649
0.1075	0.979792	0.0689344	33.8991
0.1075	0.979792	0.071082	26.146
0.1075	0.979792	0.0731213	20.8287
0.1075	0.979792	0.0750626	17.357
0.1075	0.979792	0.076915	16.9821
0.1075	0.979792	0.0786862	12.2321
0.1075	0.979792	0.0803831	10.9192
0.1075	0.979792	0.0820117	12.9316
0.1075	0.979792	0.0835772	15.1132
0.1075	0.979792	0.0850843	20.4353
0.1075	0.979792	0.0865373	24.3561
0.1075	0.979792	0.0879398	23.6789
0.1075	0.979792	0.0892954	23.3063
0.1075	0.979792	0.090607	31.9719
0.1075	0.979792	0.0918773	22.2966
0.1075	0.979792	0.093109	0
0.1075	1	0	0
0.1075	1	0.0106092	2.18157
0.1075	1	0.0190054	7.54663
0.1075	1	0.0259545	14.9635
0.1075	1	0.0318826	22.9722
0.1075	1	0.0370518	30.2279
0.1075	1	0.0416344	36.7632
0.1075	1	0.0457502	42.6554
0.1075	1	0.0494855	47.0392
0.1075	1	0.0529047	49.1502
0.1075	1	0.0560572	49.0938
0.1075	1	0.0589816	47.422
0.1075	1	0.0617087	44.3131
0.1075	1	0.0642635	39.7771
0.1075	1	0.0666664	34.8409
0.1075	1	0.0689344	34.1219
0.1075	1	0.071082	26.194
0.1075	1	0.0731213	20.794
0.1075	1	0.0750626	17.2619
0.1075	1	0.076915	16.4153
0.1075	1	0.0786862	11.9761
0.1075	1	0.0803831	10.674
0.1075	1	0.0820117	10.3123
0.1075	1	0.0835772	12.4191
0.1075	1	0.0850843	17.7246
0.1075	1	0.0865373	24.1416
0.1075	1	0.0879398	22.3157
0.1075	1	0.0892954	19.3653
0.1075	1	0.090607	32.9913
0.1075	1	0.0918773	24.4452
0.1075	1	0.093109	0
