0.1625	-1	0	0
0.1625	-1	0.00523125	24.1649
0.1625	-1	0.00937135	32.1458
0.1625	-1	0.0127979	29.1427
0.1625	-1	0.015721	27.6773
0.1625	-1	0.0182698	26.2652
0.1625	-1	0.0205295	23.5858
0.1625	-1	0.0225589	20.0148
0.1625	-1	0.0244007	18.1956
0.1625	-1	0.0260867	15.6333
0.1625	-1	0.0276412	11.4396
0.1625	-1	0.0290832	8.4451
0.1625	-1	0.0304279	6.3536
0.1625	-1	0.0316876	6.2257
0.1625	-1	0.0328724	4.20807
0.1625	-1	0.0339908	3.05437
0.1625	-1	0.0350497	2.66792
0.1625	-1	0.0360553	1.91402
0.1625	-1	0.0370125	1.46654
0.1625	-1	0.0379259	1.06723
0.1625	-1	0.0387993	0.771441
0.1625	-1	0.039636	0.544784
0.1625	-1	0.040439	0.370391
0.1625	-1	0.041211	0.24408
0.1625	-1	0.0419541	0.148445
0.1625	-1	0.0426706	0.0837106
0.1625	-1	0.0433621	0.0416042
0.1625	-1	0.0440306	0.0169399
0.1625	-1	0.0446773	0.004748
0.1625	-1	0.0453037	0.000551441
0.1625	-1	0.045911	0
0.1625	-0.634788	0	0
0.1625	-0.634788	0.00523125	26.7293
0.1625	-0.634788	0.00937135	36.8771
0.1625	-0.634788	0.0127979	33.4434
0.1625	-0.634788	0.015721	32.2207
0.1625	-0.634788	0.0182698	32.0396
0.1625	-0.634788	0.0205295	30.4107
0.1625	-0.634788	0.0225589	27.4846
0.1625	-0.634788	0.0244007	26.072
0.1625	-0.634788	0.0260867	23.182
0.1625	-0.634788	0.0276412	17.5427
0.1625	-0.634788	0.0290832	13.0486
0.1625	-0.634788	0.0304279	10.0012
0.1625	-0.634788	0.0316876	9.60089
0.1625	-0.634788	0.0328724	6.79567
0.1625	-0.634788	0.0339908	4.90927
0.1625	-0.634788	0.0350497	4.01467
0.1625	-0.634788	0.0360553	2.73996
0.1625	-0.634788	0.0370125	2.02717
0.1625	-0.634788	0.0379259	1.46479
0.1625	-0.634788	0.0387993	1.06516
0.1625	-0.634788	0.039636	0.758241
0.1625	-0.634788	0.040439	0.521336
0.1625	-0.634788	0.041211	0.343174
0.1625	-0.634788	0.0419541	0.212147
0.1625	-0.634788	0.0426706	0.12081
0.1625	-0.634788	0.0433621	0.0609931
0.1625	-0.634788	0.0440306	0.0254311
0.1625	-0.634788	0.0446773	0.00747317
0.1625	-0.634788	0.0453037	0.00089213
0.1625	-0.634788	0.045911	0
0.1625	-0.406307	0	0
0.1625	-0.406307	0.00523125	28.9385
0.1625	-0.406307	0.00937135	40.3082
0.1625	-0.406307	0.0127979	36.7104
0.1625	-0.406307	0.015721	35.1676
0.1625	-0.406307	0.0182698	35.2818
0.1625	-0.406307	0.0205295	34.7355
0.1625	-0.406307	0.0225589	32.667
0.1625	-0.406307	0.0244007	32.1198
0.1625	-0.406307	0.0260867	29.5827
0.1625	-0.406307	0.0276412	23.3614
0.1625	-0.406307	0.0290832	17.8233
0.1625	-0.406307	0.0304279	13.8261
0.1625	-0.406307	0.0316876	13.2943
0.1625	-0.406307	0.0328724	9.96056
0.1625	-0.406307	0.0339908	7.52166
0.1625	-0.406307	0.0350497	6.15404
0.1625	-0.406307	0.0360553	4.21305
0.1625	-0.406307	0.0370125	2.97763
0.1625	-0.406307	0.0379259	1.9847
0.1625	-0.406307	0.0387993	1.34706
0.1625	-0.406307	0.039636	0.93033
0.1625	-0.406307	0.040439	0.64023
0.1625	-0.406307	0.041211	0.420693
0.1625	-0.406307	0.0419541	0.262502
0.1625	-0.406307	0.0426706	0.149419
0.1625	-0.406307	0.0433621	0.0756855
0.1625	-0.406307	0.0440306	0.0314878
0.1625	-0.406307	0.0446773	0.00922674
0.1625	-0.406307	0.0453037	0.00110437
0.1625	-0.406307	0.045911	0
0.1625	-0.239626	0	0
0.1625	-0.239626	0.00523125	30.8133
0.1625	-0.239626	0.00937135	43.2292
0.1625	-0.239626	0.0127979	39.6287
0.1625	-0.239626	0.015721	37.6394
0.1625	-0.239626	0.0182698	37.6133
0.1625	-0.239626	0.0205295	37.3921
0.1625	-0.239626	0.0225589	36.1538
0.1625	-0.239626	0.0244007	36.7067
0.1625	-0.239626	0.0260867	34.8096
0.1625	-0.239626	0.0276412	28.3569
0.1625	-0.239626	0.0290832	22.308
0.1625	-0.239626	0.0304279	17.7862
0.1625	-0.239626	0.0316876	17.202
0.1625	-0.239626	0.0328724	13.5232
0.1625	-0.239626	0.0339908	10.656
0.1625	-0.239626	0.0350497	8.84891
0.1625	-0.239626	0.0360553	6.34804
0.1625	-0.239626	0.0370125	4.54551
0.1625	-0.239626	0.0379259	3.06782
0.1625	-0.239626	0.0387993	1.95473
0.1625	-0.239626	0.039636	1.23455
0.1625	-0.239626	0.040439	0.777452
0.1625	-0.239626	0.041211	0.494629
0.1625	-0.239626	0.0419541	0.308638
0.1625	-0.239626	0.0426706	0.176959
0.1625	-0.239626	0.0433621	0.0894415
0.1625	-0.239626	0.0440306	0.0375315
0.1625	-0.239626	0.0446773	0.0110072
0.1625	-0.239626	0.0453037	0.00131685
0.1625	-0.239626	0.045911	0
0.1625	-0.108332	0	0
0.1625	-0.108332	0.00523125	32.4247
0.1625	-0.108332	0.00937135	45.7879
0.1625	-0.108332	0.0127979	42.19
0.1625	-0.108332	0.015721	39.6857
0.1625	-0.108332	0.0182698	39.3895
0.1625	-0.108332	0.0205295	39.2203
0.1625	-0.108332	0.0225589	38.4449
0.1625	-0.108332	0.0244007	40.1624
0.1625	-0.108332	0.0260867	38.9487
0.1625	-0.108332	0.0276412	32.4449
0.1625	-0.108332	0.0290832	26.28
0.1625	-0.108332	0.0304279	21.4434
0.1625	-0.108332	0.0316876	21.164
0.1625	-0.108332	0.0328724	17.3304
0.1625	-0.108332	0.0339908	14.141
0.1625	-0.108332	0.0350497	11.9622
0.1625	-0.108332	0.0360553	8.90786
0.1625	-0.108332	0.0370125	6.54783
0.1625	-0.108332	0.0379259	4.67515
0.1625	-0.108332	0.0387993	3.10168
0.1625	-0.108332	0.039636	1.91366
0.1625	-0.108332	0.040439	1.10777
0.1625	-0.108332	0.041211	0.639603
0.1625	-0.108332	0.0419541	0.361508
0.1625	-0.108332	0.0426706	0.201602
0.1625	-0.108332	0.0433621	0.103874
0.1625	-0.108332	0.0440306	0.0432014
0.1625	-0.108332	0.0446773	0.0128143
0.1625	-0.108332	0.0453037	0.00155479
0.1625	-0.108332	0.045911	0
0.1625	-2e-20	0	0
0.1625	-2e-20	0.00523125	33.8525
0.1625	-2e-20	0.00937135	48.001
0.1625	-2e-20	0.0127979	44.3818
0.1625	-2e-20	0.015721	41.4604
0.1625	-2e-20	0.0182698	40.9651
0.1625	-2e-20	0.0205295	40.6247
0.1625	-2e-20	0.0225589	40.1029
0.1625	-2e-20	0.0244007	42.5779
0.1625	-2e-20	0.0260867	42.0773
0.1625	-2e-20	0.0276412	35.929
0.1625	-2e-20	0.0290832	29.6087
0.1625	-2e-20	0.0304279	24.6911
0.1625	-2e-20	0.0316876	24.8861
0.1625	-2e-20	0.0328724	21.2349
0.1625	-2e-20	0.0339908	17.9176
0.1625	-2e-20	0.0350497	15.3913
0.1625	-2e-20	0.0360553	11.8111
0.1625	-2e-20	0.0370125	8.99262
0.1625	-2e-20	0.0379259	6.72817
0.1625	-2e-20	0.0387993	4.67531
0.1625	-2e-20	0.039636	3.04038
0.1625	-2e-20	0.040439	1.85358
0.1625	-2e-20	0.041211	1.0064
0.1625	-2e-20	0.0419541	0.496352
0.1625	-2e-20	0.0426706	0.239301
0.1625	-2e-20	0.0433621	0.113989
0.1625	-2e-20	0.0440306	0.0480964
0.1625	-2e-20	0.0446773	0.0142585
0.1625	-2e-20	0.0453037	0.00180864
0.1625	-2e-20	0.045911	0
0.1625	0.0922185	0	0
0.1625	0.0922185	0.00523125	35.1369
0.1625	0.0922185	0.00937135	49.9595
0.1625	0.0922185	0.0127979	46.3218
0.1625	0.0922185	0.015721	42.9037
0.1625	0.0922185	0.0182698	42.252
0.1625	0.0922185	0.0205295	41.9424
0.1625	0.0922185	0.0225589	41.3371
0.1625	0.0922185	0.0244007	44.1293
0.1625	0.0922185	0.0260867	44.4773
0.1625	0.0922185	0.0276412	38.6101
0.1625	0.0922185	0.0290832	32.4655
0.1625	0.0922185	0.0304279	27.4536
0.1625	0.0922185	0.0316876	28.2866
0.1625	0.0922185	0.0328724	24.9934
0.1625	0.0922185	0.0339908	21.8003
0.1625	0.0922185	0.0350497	19.148
0.1625	0.0922185	0.0360553	15.0425
0.1625	0.0922185	0.0370125	11.6743
0.1625	0.0922185	0.0379259	9.13897
0.1625	0.0922185	0.0387993	6.6708
0.1625	0.0922185	0.039636	4.5764
0.1625	0.0922185	0.040439	2.96481
0.1625	0.0922185	0.041211	1.74441
0.1625	0.0922185	0.0419541	0.866704
0.1625	0.0922185	0.0426706	0.386046
0.1625	0.0922185	0.0433621	0.150615
0.1625	0.0922185	0.0440306	0.0529628
0.1625	0.0922185	0.0446773	0.0154911
0.1625	0.0922185	0.0453037	0.00195914
0.1625	0.0922185	0.045911	0
0.1625	0.172502	0	0
0.1625	0.172502	0.00523125	36.3019
0.1625	0.172502	0.00937135	51.6508
0.1625	0.172502	0.0127979	48.0977
0.1625	0.172502	0.015721	44.3738
0.1625	0.172502	0.0182698	43.5363
0.1625	0.172502	0.0205295	43.0019
0.1625	0.172502	0.0225589	42.0611
0.1625	0.172502	0.0244007	45.4952
0.1625	0.172502	0.0260867	46.1312
0.1625	0.172502	0.0276412	40.5759
0.1625	0.172502	0.0290832	34.7014
0.1625	0.172502	0.0304279	29.8397
0.1625	0.172502	0.0316876	31.2976
0.1625	0.172502	0.0328724	28.515
0.1625	0.172502	0.0339908	25.638
0.1625	0.172502	0.0350497	23.0485
0.1625	0.172502	0.0360553	18.5887
0.1625	0.172502	0.0370125	14.73
0.1625	0.172502	0.0379259	11.8673
0.1625	0.172502	0.0387993	8.97304
0.1625	0.172502	0.039636	6.46311
0.1625	0.172502	0.040439	4.46133
0.1625	0.172502	0.041211	2.84272
0.1625	0.172502	0.0419541	1.56719
0.1625	0.172502	0.0426706	0.735598
0.1625	0.172502	0.0433621	0.274766
0.1625	0.172502	0.0440306	0.0804828
0.1625	0.172502	0.0446773	0.0174605
0.1625	0.172502	0.0453037	0.00219401
0.1625	0.172502	0.045911	0
0.1625	0.243589	0	0
0.1625	0.243589	0.00523125	37.3715
0.1625	0.243589	0.00937135	53.1807
0.1625	0.243589	0.0127979	49.7353
0.1625	0.243589	0.015721	45.8231
0.1625	0.243589	0.0182698	44.6044
0.1625	0.243589	0.0205295	43.8044
0.1625	0.243589	0.0225589	42.9527
0.1625	0.243589	0.0244007	46.3918
0.1625	0.243589	0.0260867	47.3944
0.1625	0.243589	0.0276412	41.9573
0.1625	0.243589	0.0290832	36.3385
0.1625	0.243589	0.0304279	31.8074
0.1625	0.243589	0.0316876	33.9279
0.1625	0.243589	0.0328724	31.7362
0.1625	0.243589	0.0339908	29.301
0.1625	0.243589	0.0350497	26.971
0.1625	0.243589	0.0360553	22.3309
0.1625	0.243589	0.0370125	18.0416
0.1625	0.243589	0.0379259	15.0104
0.1625	0.243589	0.0387993	11.638
0.1625	0.243589	0.039636	8.68254
0.1625	0.243589	0.040439	6.29308
0.1625	0.243589	0.041211	4.31915
0.1625	0.243589	0.0419541	2.57449
0.1625	0.243589	0.0426706	1.3599
0.1625	0.243589	0.0433621	0.581669
0.1625	0.243589	0.0440306	0.186285
0.1625	0.243589	0.0446773	0.0367285
0.1625	0.243589	0.0453037	0.00234106
0.1625	0.243589	0.045911	0
0.1625	0.307372	0	0
0.1625	0.307372	0.00523125	38.3607
0.1625	0.307372	0.00937135	54.5656
0.1625	0.307372	0.0127979	51.3052
0.1625	0.307372	0.015721	47.2371
0.1625	0.307372	0.0182698	45.6277
0.1625	0.307372	0.0205295	44.4642
0.1625	0.307372	0.0225589	43.5541
0.1625	0.307372	0.0244007	47.175
0.1625	0.307372	0.0260867	48.3376
0.1625	0.307372	0.0276412	42.8154
0.1625	0.307372	0.0290832	37.5105
0.1625	0.307372	0.0304279	33.2666
0.1625	0.307372	0.0316876	36.2188
0.1625	0.307372	0.0328724	34.59
0.1625	0.307372	0.0339908	32.7346
0.1625	0.307372	0.0350497	30.7534
0.1625	0.307372	0.0360553	26.1499
0.1625	0.307372	0.0370125	21.5907
0.1625	0.307372	0.0379259	18.3842
0.1625	0.307372	0.0387993	14.6943
0.1625	0.307372	0.039636	11.2285
0.1625	0.307372	0.040439	8.52919
0.1625	0.307372	0.041211	6.12113
0.1625	0.307372	0.0419541	3.92689
0.1625	0.307372	0.0426706	2.28518
0.1625	0.307372	0.0433621	1.12767
0.1625	0.307372	0.0440306	0.430638
0.1625	0.307372	0.0446773	0.111858
0.1625	0.307372	0.0453037	0.0111677
0.1625	0.307372	0.045911	0
0.1625	0.365212	0	0
0.1625	0.365212	0.00523125	39.2621
0.1625	0.365212	0.00937135	55.8217
0.1625	0.365212	0.0127979	52.8761
0.1625	0.365212	0.015721	48.6022
0.1625	0.365212	0.0182698	46.6218
0.1625	0.365212	0.0205295	45.0851
0.1625	0.365212	0.0225589	43.9624
0.1625	0.365212	0.0244007	47.8627
0.1625	0.365212	0.0260867	48.8204
0.1625	0.365212	0.0276412	43.448
0.1625	0.365212	0.0290832	38.1628
0.1625	0.365212	0.0304279	34.2655
0.1625	0.365212	0.0316876	38.0773
0.1625	0.365212	0.0328724	37.1355
0.1625	0.365212	0.0339908	35.8535
0.1625	0.365212	0.0350497	34.3517
0.1625	0.365212	0.0360553	29.8633
0.1625	0.365212	0.0370125	25.2693
0.1625	0.365212	0.0379259	22.1174
0.1625	0.365212	0.0387993	18.007
0.1625	0.365212	0.039636	14.0902
0.1625	0.365212	0.040439	11.0425
0.1625	0.365212	0.041211	8.28598
0.1625	0.365212	0.0419541	5.60935
0.1625	0.365212	0.0426706	3.54307
0.1625	0.365212	0.0433621	1.89008
0.1625	0.365212	0.0440306	0.832654
0.1625	0.365212	0.0446773	0.266343
0.1625	0.365212	0.0453037	0.0386216
0.1625	0.365212	0.045911	0
0.1625	0.418124	0	0
0.1625	0.418124	0.00523125	40.1128
0.1625	0.418124	0.00937135	56.9643
0.1625	0.418124	0.0127979	54.3854
0.1625	0.418124	0.015721	49.9098
0.1625	0.418124	0.0182698	47.4807
0.1625	0.418124	0.0205295	45.6986
0.1625	0.418124	0.0225589	44.2087
0.1625	0.418124	0.0244007	48.2513
0.1625	0.418124	0.0260867	49.5964
0.1625	0.418124	0.0276412	43.733
0.1625	0.418124	0.0290832	38.7032
0.1625	0.418124	0.0304279	34.8814
0.1625	0.418124	0.0316876	39.4713
0.1625	0.418124	0.0328724	39.3102
0.1625	0.418124	0.0339908	38.6357
0.1625	0.418124	0.0350497	37.7321
0.1625	0.418124	0.0360553	33.4247
0.1625	0.418124	0.0370125	28.8886
0.1625	0.418124	0.0379259	26.0208
0.1625	0.418124	0.0387993	21.7335
0.1625	0.418124	0.039636	17.3015
0.1625	0.418124	0.040439	13.8879
0.1625	0.418124	0.041211	10.7969
0.1625	0.418124	0.0419541	7.62158
0.1625	0.418124	0.0426706	5.09891
0.1625	0.418124	0.0433621	2.87
0.1625	0.418124	0.0440306	1.33865
0.1625	0.418124	0.0446773	0.472198
0.1625	0.418124	0.0453037	0.0750024
0.1625	0.418124	0.045911	0
0.1625	0.466881	0	0
0.1625	0.466881	0.00523125	40.9206
0.1625	0.466881	0.00937135	58.0337
0.1625	0.466881	0.0127979	55.8232
0.1625	0.466881	0.015721	51.2059
0.1625	0.466881	0.0182698	48.4052
0.1625	0.466881	0.0205295	46.29
0.1625	0.466881	0.0225589	44.4258
0.1625	0.466881	0.0244007	48.5048
0.1625	0.466881	0.0260867	50.0461
0.1625	0.466881	0.0276412	43.876
0.1625	0.466881	0.0290832	38.8847
0.1625	0.466881	0.0304279	35.2713
0.1625	0.466881	0.0316876	40.4942
0.1625	0.466881	0.0328724	41.0173
0.1625	0.466881	0.0339908	41.1245
0.1625	0.466881	0.0350497	40.7786
0.1625	0.466881	0.0360553	36.8619
0.1625	0.466881	0.0370125	32.3596
0.1625	0.466881	0.0379259	29.9753
0.1625	0.466881	0.0387993	25.6586
0.1625	0.466881	0.039636	20.9064
0.1625	0.466881	0.040439	17.1638
0.1625	0.466881	0.041211	13.6349
0.1625	0.466881	0.0419541	9.98782
0.1625	0.466881	0.0426706	6.89097
0.1625	0.466881	0.0433621	4.02123
0.1625	0.466881	0.0440306	1.9102
0.1625	0.466881	0.0446773	0.684598
0.1625	0.466881	0.0453037	0.108821
0.1625	0.466881	0.045911	0
0.1625	0.512089	0	0
0.1625	0.512089	0.00523125	41.6881
0.1625	0.512089	0.00937135	59.0734
0.1625	0.512089	0.0127979	57.2165
0.1625	0.512089	0.015721	52.4948
0.1625	0.512089	0.0182698	49.3397
0.1625	0.512089	0.0205295	46.8151
0.1625	0.512089	0.0225589	44.6444
0.1625	0.512089	0.0244007	48.6066
0.1625	0.512089	0.0260867	50.1899
0.1625	0.512089	0.0276412	44.1567
0.1625	0.512089	0.0290832	38.7418
0.1625	0.512089	0.0304279	35.3897
0.1625	0.512089	0.0316876	41.1339
0.1625	0.512089	0.0328724	42.2373
0.1625	0.512089	0.0339908	43.2303
0.1625	0.512089	0.0350497	43.5632
0.1625	0.512089	0.0360553	39.9912
0.1625	0.512089	0.0370125	35.7687
0.1625	0.512089	0.0379259	33.8293
0.1625	0.512089	0.0387993	29.7524
0.1625	0.512089	0.039636	24.7553
0.1625	0.512089	0.040439	20.7884
0.1625	0.512089	0.041211	16.9058
0.1625	0.512089	0.0419541	12.6541
0.1625	0.512089	0.0426706	8.99238
0.1625	0.512089	0.0433621	5.30871
0.1625	0.512089	0.0440306	2.56595
0.1625	0.512089	0.0446773	0.895792
0.1625	0.512089	0.0453037	0.139485
0.1625	0.512089	0.045911	0
0.1625	0.55423	0	0
0.1625	0.55423	0.00523125	42.4192
0.1625	0.55423	0.00937135	60.1307
0.1625	0.55423	0.0127979	58.5228
0.1625	0.55423	0.015721	53.7743
0.1625	0.55423	0.0182698	50.2415
0.1625	0.55423	0.0205295	47.2491
0.1625	0.55423	0.0225589	44.7105
0.1625	0.55423	0.0244007	48.815
0.1625	0.55423	0.0260867	50.2243
0.1625	0.55423	0.0276412	44.0403
0.1625	0.55423	0.0290832	38.855
0.1625	0.55423	0.0304279	35.2747
0.1625	0.55423	0.0316876	41.6748
0.1625	0.55423	0.0328724	43.0182
0.1625	0.55423	0.0339908	44.7815
0.1625	0.55423	0.0350497	46.0355
0.1625	0.55423	0.0360553	42.8521
0.1625	0.55423	0.0370125	38.9684
0.1625	0.55423	0.0379259	37.6602
0.1625	0.55423	0.0387993	33.8372
0.1625	0.55423	0.039636	28.8558
0.1625	0.55423	0.040439	24.7969
0.1625	0.55423	0.041211	20.5191
0.1625	0.55423	0.0419541	15.7182
0.1625	0.55423	0.0426706	11.3098
0.1625	0.55423	0.0433621	6.76098
0.1625	0.55423	0.0440306	3.28319
0.1625	0.55423	0.0446773	1.13242
0.1625	0.55423	0.0453037	0.167634
0.1625	0.55423	0.045911	0
0.1625	0.593693	0	0
0.1625	0.593693	0.00523125	43.1161
0.1625	0.593693	0.00937135	61.1883
0.1625	0.593693	0.0127979	59.7614
0.1625	0.593693	0.015721	55.0246
0.1625	0.593693	0.0182698	51.2101
0.1625	0.593693	0.0205295	47.7411
0.1625	0.593693	0.0225589	44.8017
0.1625	0.593693	0.0244007	49.0051
0.1625	0.593693	0.0260867	50.1449
0.1625	0.593693	0.0276412	43.6502
0.1625	0.593693	0.0290832	38.7736
0.1625	0.593693	0.0304279	35.0904
0.1625	0.593693	0.0316876	41.805
0.1625	0.593693	0.0328724	43.6265
0.1625	0.593693	0.0339908	45.8415
0.1625	0.593693	0.0350497	48.0106
0.1625	0.593693	0.0360553	45.4579
0.1625	0.593693	0.0370125	41.8691
0.1625	0.593693	0.0379259	41.447
0.1625	0.593693	0.0387993	37.9178
0.1625	0.593693	0.039636	33.0343
0.1625	0.593693	0.040439	29.1289
0.1625	0.593693	0.041211	24.6368
0.1625	0.593693	0.0419541	19.1192
0.1625	0.593693	0.0426706	13.9262
0.1625	0.593693	0.0433621	8.39864
0.1625	0.593693	0.0440306	4.09665
0.1625	0.593693	0.0446773	1.43316
0.1625	0.593693	0.0453037	0.21397
0.1625	0.593693	0.045911	0
0.1625	0.630798	0	0
0.1625	0.630798	0.00523125	43.7946
0.1625	0.630798	0.00937135	62.2096
0.1625	0.630798	0.0127979	60.9331
0.1625	0.630798	0.015721	56.3136
0.1625	0.630798	0.0182698	52.2545
0.1625	0.630798	0.0205295	48.2591
0.1625	0.630798	0.0225589	44.7475
0.1625	0.630798	0.0244007	48.9388
0.1625	0.630798	0.0260867	50.2667
0.1625	0.630798	0.0276412	43.1839
0.1625	0.630798	0.0290832	38.3786
0.1625	0.630798	0.0304279	35.0251
0.1625	0.630798	0.0316876	41.6348
0.1625	0.630798	0.0328724	43.7421
0.1625	0.630798	0.0339908	46.5038
0.1625	0.630798	0.0350497	49.4058
0.1625	0.630798	0.0360553	47.7171
0.1625	0.630798	0.0370125	44.5779
0.1625	0.630798	0.0379259	44.9572
0.1625	0.630798	0.0387993	42.0468
0.1625	0.630798	0.039636	37.2314
0.1625	0.630798	0.040439	33.6713
0.1625	0.630798	0.041211	29.1165
0.1625	0.630798	0.0419541	22.9059
0.1625	0.630798	0.0426706	16.826
0.1625	0.630798	0.0433621	10.2336
0.1625	0.630798	0.0440306	5.00269
0.1625	0.630798	0.0446773	1.7676
0.1625	0.630798	0.0453037	0.282964
0.1625	0.630798	0.045911	0
0.1625	0.665812	0	0
0.1625	0.665812	0.00523125	44.4525
0.1625	0.665812	0.00937135	63.183
0.1625	0.665812	0.0127979	62.1158
0.1625	0.665812	0.015721	57.5759
0.1625	0.665812	0.0182698	53.2682
0.1625	0.665812	0.0205295	48.7531
0.1625	0.665812	0.0225589	44.8895
0.1625	0.665812	0.0244007	48.9539
0.1625	0.665812	0.0260867	50.3209
0.1625	0.665812	0.0276412	42.6529
0.1625	0.665812	0.0290832	37.7834
0.1625	0.665812	0.0304279	34.7184
0.1625	0.665812	0.0316876	41.6984
0.1625	0.665812	0.0328724	43.4123
0.1625	0.665812	0.0339908	46.8878
0.1625	0.665812	0.0350497	50.2506
0.1625	0.665812	0.0360553	49.3711
0.1625	0.665812	0.0370125	47.0219
0.1625	0.665812	0.0379259	48.2578
0.1625	0.665812	0.0387993	46.0286
0.1625	0.665812	0.039636	41.4653
0.1625	0.665812	0.040439	38.3288
0.1625	0.665812	0.041211	33.9413
0.1625	0.665812	0.0419541	27.1233
0.1625	0.665812	0.0426706	20.0444
0.1625	0.665812	0.0433621	12.182
0.1625	0.665812	0.0440306	5.94646
0.1625	0.665812	0.0446773	2.08716
0.1625	0.665812	0.0453037	0.331202
0.1625	0.665812	0.045911	0
0.1625	0.698958	0	0
0.1625	0.698958	0.00523125	45.0763
0.1625	0.698958	0.00937135	64.0955
0.1625	0.698958	0.0127979	63.2999
0.1625	0.698958	0.015721	58.7687
0.1625	0.698958	0.0182698	54.2527
0.1625	0.698958	0.0205295	49.3378
0.1625	0.698958	0.0225589	45.0159
0.1625	0.698958	0.0244007	48.8713
0.1625	0.698958	0.0260867	50.085
0.1625	0.698958	0.0276412	42.3915
0.1625	0.698958	0.0290832	37.0799
0.1625	0.698958	0.0304279	34.0846
0.1625	0.698958	0.0316876	41.7016
0.1625	0.698958	0.0328724	43.1548
0.1625	0.698958	0.0339908	46.5684
0.1625	0.698958	0.0350497	50.9644
0.1625	0.698958	0.0360553	50.4299
0.1625	0.698958	0.0370125	48.9723
0.1625	0.698958	0.0379259	51.3216
0.1625	0.698958	0.0387993	49.773
0.1625	0.698958	0.039636	45.729
0.1625	0.698958	0.040439	43.0291
0.1625	0.698958	0.041211	38.9636
0.1625	0.698958	0.0419541	31.6548
0.1625	0.698958	0.0426706	23.6096
0.1625	0.698958	0.0433621	14.3366
0.1625	0.698958	0.0440306	6.96048
0.1625	0.698958	0.0446773	2.43304
0.1625	0.698958	0.0453037	0.364587
0.1625	0.698958	0.045911	0
0.1625	0.730425	0	0
0.1625	0.730425	0.00523125	45.7128
0.1625	0.730425	0.00937135	65.0057
0.1625	0.730425	0.0127979	64.4364
0.1625	0.730425	0.015721	59.9622
0.1625	0.730425	0.0182698	55.3007
0.1625	0.730425	0.0205295	50.0078
0.1625	0.730425	0.0225589	45.0982
0.1625	0.730425	0.0244007	48.9138
0.1625	0.730425	0.0260867	49.9065
0.1625	0.730425	0.0276412	41.9808
0.1625	0.730425	0.0290832	36.4336
0.1625	0.730425	0.0304279	33.3356
0.1625	0.730425	0.0316876	41.3154
0.1625	0.730425	0.0328724	42.7945
0.1625	0.730425	0.0339908	46.1068
0.1625	0.730425	0.0350497	50.9284
0.1625	0.730425	0.0360553	51.1201
0.1625	0.730425	0.0370125	50.2706
0.1625	0.730425	0.0379259	54.0646
0.1625	0.730425	0.0387993	53.3627
0.1625	0.730425	0.039636	49.8067
0.1625	0.730425	0.040439	47.8694
0.1625	0.730425	0.041211	44.1049
0.1625	0.730425	0.0419541	36.4859
0.1625	0.730425	0.0426706	27.4995
0.1625	0.730425	0.0433621	16.7749
0.1625	0.730425	0.0440306	8.11646
0.1625	0.730425	0.0446773	2.84491
0.1625	0.730425	0.0453037	0.43529
0.1625	0.730425	0.045911	0
0.1625	0.760374	0	0
0.1625	0.760374	0.00523125	46.3546
0.1625	0.760374	0.00937135	65.8698
0.1625	0.760374	0.0127979	65.516
0.1625	0.760374	0.015721	61.1164
0.1625	0.760374	0.0182698	56.3417
0.1625	0.760374	0.0205295	50.6599
0.1625	0.760374	0.0225589	45.2451
0.1625	0.760374	0.0244007	48.9756
0.1625	0.760374	0.0260867	49.6647
0.1625	0.760374	0.0276412	41.2858
0.1625	0.760374	0.0290832	36.0291
0.1625	0.760374	0.0304279	32.4418
0.1625	0.760374	0.0316876	40.6662
0.1625	0.760374	0.0328724	42.1483
0.1625	0.760374	0.0339908	45.6236
0.1625	0.760374	0.0350497	50.5958
0.1625	0.760374	0.0360553	51.3336
0.1625	0.760374	0.0370125	51.0235
0.1625	0.760374	0.0379259	56.1588
0.1625	0.760374	0.0387993	56.7355
0.1625	0.760374	0.039636	53.7485
0.1625	0.760374	0.040439	52.682
0.1625	0.760374	0.041211	49.3611
0.1625	0.760374	0.0419541	41.4644
0.1625	0.760374	0.0426706	31.777
0.1625	0.760374	0.0433621	19.4888
0.1625	0.760374	0.0440306	9.43331
0.1625	0.760374	0.0446773	3.30882
0.1625	0.760374	0.0453037	0.524687
0.1625	0.760374	0.045911	0
0.1625	0.788947	0	0
0.1625	0.788947	0.00523125	46.9996
0.1625	0.788947	0.00937135	66.7127
0.1625	0.788947	0.0127979	66.6047
0.1625	0.788947	0.015721	62.2425
0.1625	0.788947	0.0182698	57.3989
0.1625	0.788947	0.0205295	51.4271
0.1625	0.788947	0.0225589	45.5603
0.1625	0.788947	0.0244007	48.9904
0.1625	0.788947	0.0260867	49.5706
0.1625	0.788947	0.0276412	40.68
0.1625	0.788947	0.0290832	35.3698
0.1625	0.788947	0.0304279	31.8618
0.1625	0.788947	0.0316876	40.057
0.1625	0.788947	0.0328724	41.103
0.1625	0.788947	0.0339908	44.9068
0.1625	0.788947	0.0350497	50.1172
0.1625	0.788947	0.0360553	51.0036
0.1625	0.788947	0.0370125	51.4461
0.1625	0.788947	0.0379259	57.51
0.1625	0.788947	0.0387993	59.6219
0.1625	0.788947	0.039636	57.4796
0.1625	0.788947	0.040439	57.4139
0.1625	0.788947	0.041211	54.7448
0.1625	0.788947	0.0419541	46.5885
0.1625	0.788947	0.0426706	36.2289
0.1625	0.788947	0.0433621	22.4341
0.1625	0.788947	0.0440306	10.8523
0.1625	0.788947	0.0446773	3.78889
0.1625	0.788947	0.0453037	0.589864
0.1625	0.788947	0.045911	0
0.1625	0.816262	0	0
0.1625	0.816262	0.00523125	47.6274
0.1625	0.816262	0.00937135	67.5746
0.1625	0.816262	0.0127979	67.7117
0.1625	0.816262	0.015721	63.3203
0.1625	0.816262	0.0182698	58.4214
0.1625	0.816262	0.0205295	52.2461
0.1625	0.816262	0.0225589	45.9323
0.1625	0.816262	0.0244007	49.0021
0.1625	0.816262	0.0260867	49.4794
0.1625	0.816262	0.0276412	39.9412
0.1625	0.816262	0.0290832	34.487
0.1625	0.816262	0.0304279	31.28
0.1625	0.816262	0.0316876	39.3387
0.1625	0.816262	0.0328724	40.0543
0.1625	0.816262	0.0339908	43.5323
0.1625	0.816262	0.0350497	49.4014
0.1625	0.816262	0.0360553	50.4895
0.1625	0.816262	0.0370125	51.1494
0.1625	0.816262	0.0379259	58.5017
0.1625	0.816262	0.0387993	61.7592
0.1625	0.816262	0.039636	60.935
0.1625	0.816262	0.040439	62.041
0.1625	0.816262	0.041211	60.1739
0.1625	0.816262	0.0419541	51.958
0.1625	0.816262	0.0426706	40.822
0.1625	0.816262	0.0433621	25.5792
0.1625	0.816262	0.0440306	12.4602
0.1625	0.816262	0.0446773	4.322
0.1625	0.816262	0.0453037	0.668269
0.1625	0.816262	0.045911	0
0.1625	0.842428	0	0
0.1625	0.842428	0.00523125	48.2259
0.1625	0.842428	0.00937135	68.4129
0.1625	0.842428	0.0127979	68.7807
0.1625	0.842428	0.015721	64.3533
0.1625	0.842428	0.0182698	59.3994
0.1625	0.842428	0.0205295	53.0604
0.1625	0.842428	0.0225589	46.3211
0.1625	0.842428	0.0244007	49.204
0.1625	0.842428	0.0260867	49.3494
0.1625	0.842428	0.0276412	39.4205
0.1625	0.842428	0.0290832	33.71
0.1625	0.842428	0.0304279	30.3985
0.1625	0.842428	0.0316876	38.813
0.1625	0.842428	0.0328724	38.8496
0.1625	0.842428	0.0339908	42.2737
0.1625	0.842428	0.0350497	48.1392
0.1625	0.842428	0.0360553	49.7336
0.1625	0.842428	0.0370125	50.9382
0.1625	0.842428	0.0379259	58.6653
0.1625	0.842428	0.0387993	63.3603
0.1625	0.842428	0.039636	63.7386
0.1625	0.842428	0.040439	66.4484
0.1625	0.842428	0.041211	65.5582
0.1625	0.842428	0.0419541	57.4126
0.1625	0.842428	0.0426706	45.4369
0.1625	0.842428	0.0433621	28.902
0.1625	0.842428	0.0440306	14.1962
0.1625	0.842428	0.0446773	4.93257
0.1625	0.842428	0.0453037	0.76454
0.1625	0.842428	0.045911	0
0.1625	0.867536	0	0
0.1625	0.867536	0.00523125	48.8019
0.1625	0.867536	0.00937135	69.2108
0.1625	0.867536	0.0127979	69.8352
0.1625	0.867536	0.015721	65.3845
0.1625	0.867536	0.0182698	60.3197
0.1625	0.867536	0.0205295	53.8442
0.1625	0.867536	0.0225589	46.9003
0.1625	0.867536	0.0244007	49.4774
0.1625	0.867536	0.0260867	49.2066
0.1625	0.867536	0.0276412	38.8324
0.1625	0.867536	0.0290832	32.808
0.1625	0.867536	0.0304279	29.441
0.1625	0.867536	0.0316876	38.1652
0.1625	0.867536	0.0328724	37.5672
0.1625	0.867536	0.0339908	40.9333
0.1625	0.867536	0.0350497	46.6309
0.1625	0.867536	0.0360553	48.5032
0.1625	0.867536	0.0370125	50.1111
0.1625	0.867536	0.0379259	58.9929
0.1625	0.867536	0.0387993	64.1516
0.1625	0.867536	0.039636	65.8388
0.1625	0.867536	0.040439	70.4376
0.1625	0.867536	0.041211	70.8313
0.1625	0.867536	0.0419541	62.88
0.1625	0.867536	0.0426706	50.3123
0.1625	0.867536	0.0433621	32.2537
0.1625	0.867536	0.0440306	16.0415
0.1625	0.867536	0.0446773	5.59438
0.1625	0.867536	0.0453037	0.856779
0.1625	0.867536	0.045911	0
0.1625	0.891668	0	0
0.1625	0.891668	0.00523125	49.3803
0.1625	0.891668	0.00937135	69.9655
0.1625	0.891668	0.0127979	70.8624
0.1625	0.891668	0.015721	66.3774
0.1625	0.891668	0.0182698	61.2141
0.1625	0.891668	0.0205295	54.6023
0.1625	0.891668	0.0225589	47.4683
0.1625	0.891668	0.0244007	49.7269
0.1625	0.891668	0.0260867	49.194
0.1625	0.891668	0.0276412	38.1828
0.1625	0.891668	0.0290832	32.0673
0.1625	0.891668	0.0304279	28.4813
0.1625	0.891668	0.0316876	37.1805
0.1625	0.891668	0.0328724	36.2877
0.1625	0.891668	0.0339908	39.1874
0.1625	0.891668	0.0350497	45.3603
0.1625	0.891668	0.0360553	46.5764
0.1625	0.891668	0.0370125	48.9741
0.1625	0.891668	0.0379259	58.2332
0.1625	0.891668	0.0387993	64.9257
0.1625	0.891668	0.039636	67.1414
0.1625	0.891668	0.040439	73.7116
0.1625	0.891668	0.041211	75.9165
0.1625	0.891668	0.0419541	68.2906
0.1625	0.891668	0.0426706	55.4344
0.1625	0.891668	0.0433621	35.6195
0.1625	0.891668	0.0440306	17.9761
0.1625	0.891668	0.0446773	6.31185
0.1625	0.891668	0.0453037	0.94235
0.1625	0.891668	0.045911	0
0.1625	0.914898	0	0
0.1625	0.914898	0.00523125	49.9465
0.1625	0.914898	0.00937135	70.6796
0.1625	0.914898	0.0127979	71.849
0.1625	0.914898	0.015721	67.4044
0.1625	0.914898	0.0182698	62.1151
0.1625	0.914898	0.0205295	55.3378
0.1625	0.914898	0.0225589	47.9991
0.1625	0.914898	0.0244007	50.1387
0.1625	0.914898	0.0260867	49.2095
0.1625	0.914898	0.0276412	37.6903
0.1625	0.914898	0.0290832	31.1647
0.1625	0.914898	0.0304279	27.482
0.1625	0.914898	0.0316876	36.4116
0.1625	0.914898	0.0328724	34.5563
0.1625	0.914898	0.0339908	37.3316
0.1625	0.914898	0.0350497	43.3933
0.1625	0.914898	0.0360553	45.2115
0.1625	0.914898	0.0370125	46.9878
0.1625	0.914898	0.0379259	57.1756
0.1625	0.914898	0.0387993	64.5092
0.1625	0.914898	0.039636	68.2121
0.1625	0.914898	0.040439	76.2733
0.1625	0.914898	0.041211	80.4195
0.1625	0.914898	0.0419541	73.6156
0.1625	0.914898	0.0426706	60.3208
0.1625	0.914898	0.0433621	39.0871
0.1625	0.914898	0.0440306	19.9021
0.1625	0.914898	0.0446773	7.10315
0.1625	0.914898	0.0453037	1.06468
0.1625	0.914898	0.045911	0
0.1625	0.937291	0	0
0.1625	0.937291	0.00523125	50.4961
0.1625	0.937291	0.00937135	71.3859
0.1625	0.937291	0.0127979	72.8049
0.1625	0.937291	0.015721	68.4355
0.1625	0.937291	0.0182698	63.0157
0.1625	0.937291	0.0205295	56.0401
0.1625	0.937291	0.0225589	48.4734
0.1625	0.937291	0.0244007	50.4837
0.1625	0.937291	0.0260867	49.2518
0.1625	0.937291	0.0276412	37.2793
0.1625	0.937291	0.0290832	30.3562
0.1625	0.937291	0.0304279	26.5218
0.1625	0.937291	0.0316876	35.3054
0.1625	0.937291	0.0328724	32.9903
0.1625	0.937291	0.0339908	35.1214
0.1625	0.937291	0.0350497	41.5211
0.1625	0.937291	0.0360553	43.0903
0.1625	0.937291	0.0370125	45.3239
0.1625	0.937291	0.0379259	55.3987
0.1625	0.937291	0.0387993	63.4807
0.1625	0.937291	0.039636	68.1607
0.1625	0.937291	0.040439	78.1565
0.1625	0.937291	0.041211	84.2839
0.1625	0.937291	0.0419541	78.5202
0.1625	0.937291	0.0426706	65.197
0.1625	0.937291	0.0433621	42.5964
0.1625	0.937291	0.0440306	21.838
0.1625	0.937291	0.0446773	8.04345
0.1625	0.937291	0.0453037	1.25125
0.1625	0.937291	0.045911	0
0.1625	0.958905	0	0
0.1625	0.958905	0.00523125	51.0352
0.1625	0.958905	0.00937135	72.1627
0.1625	0.958905	0.0127979	73.7136
0.1625	0.958905	0.015721	69.4318
0.1625	0.958905	0.0182698	63.9486
0.1625	0.958905	0.0205295	56.7018
0.1625	0.958905	0.0225589	48.9669
0.1625	0.958905	0.0244007	50.7426
0.1625	0.958905	0.0260867	49.3794
0.1625	0.958905	0.0276412	36.9306
0.1625	0.958905	0.0290832	29.6753
0.1625	0.958905	0.0304279	25.3938
0.1625	0.958905	0.0316876	34.4979
0.1625	0.958905	0.0328724	31.0295
0.1625	0.958905	0.0339908	32.8641
0.1625	0.958905	0.0350497	38.9261
0.1625	0.958905	0.0360553	40.8719
0.1625	0.958905	0.0370125	43.031
0.1625	0.958905	0.0379259	53.3407
0.1625	0.958905	0.0387993	62.1124
0.1625	0.958905	0.039636	67.2911
0.1625	0.958905	0.040439	79.1168
0.1625	0.958905	0.041211	87.0158
0.1625	0.958905	0.0419541	82.9803
0.1625	0.958905	0.0426706	69.7821
0.1625	0.958905	0.0433621	46.2107
0.1625	0.958905	0.0440306	23.9486
0.1625	0.958905	0.0446773	9.09276
0.1625	0.958905	0.0453037	1.51745
0.1625	0.958905	0.045911	0
0.1625	0.979792	0	0
0.1625	0.979792	0.00523125	51.5599
0.1625	0.979792	0.00937135	72.89
0.1625	0.979792	0.0127979	74.5829
0.1625	0.979792	0.015721	70.4869
0.1625	0.979792	0.0182698	64.8879
0.1625	0.979792	0.0205295	57.4191
0.1625	0.979792	0.0225589	49.4728
0.1625	0.979792	0.0244007	51.0106
0.1625	0.979792	0.0260867	49.4506
0.1625	0.979792	0.0276412	36.7593
0.1625	0.979792	0.0290832	29.0629
0.1625	0.979792	0.0304279	24.5698
0.1625	0.979792	0.0316876	33.541
0.1625	0.979792	0.0328724	29.0389
0.1625	0.979792	0.0339908	30.128
0.1625	0.979792	0.0350497	36.1748
0.1625	0.979792	0.0360553	37.8036
0.1625	0.979792	0.0370125	40.6465
0.1625	0.979792	0.0379259	50.5282
0.1625	0.979792	0.0387993	60.4445
0.1625	0.979792	0.039636	66.0771
0.1625	0.979792	0.040439	78.8565
0.1625	0.979792	0.041211	89.0864
0.1625	0.979792	0.0419541	86.4515
0.1625	0.979792	0.0426706	74.0014
0.1625	0.979792	0.0433621	49.6767
0.1625	0.979792	0.0440306	26.1901
0.1625	0.979792	0.0446773	10.2513
0.1625	0.979792	0.0453037	1.86183
0.1625	0.979792	0.045911	0
0.1625	1	0	0
0.1625	1	0.00523125	52.0667
0.1625	1	0.00937135	73.6383
0.1625	1	0.0127979	75.4944
0.1625	1	0.015721	71.6404
0.1625	1	0.0182698	65.9194
0.1625	1	0.0205295	58.2914
0.1625	1	0.0225589	50.077
0.1625	1	0.0244007	51.4786
0.1625	1	0.0260867	49.5912
0.1625	1	0.0276412	36.6191
0.1625	1	0.0290832	28.6138
0.1625	1	0.0304279	23.7086
0.1625	1	0.0316876	32.7104
0.1625	1	0.0328724	27.2267
0.1625	1	0.0339908	27.4648
0.1625	1	0.0350497	33.4022
0.1625	1	0.0360553	34.1756
0.1625	1	0.0370125	36.1631
0.1625	1	0.0379259	47.8762
0.1625	1	0.0387993	57.2836
0.1625	1	0.039636	64.1128
0.1625	1	0.040439	78.4728
0.1625	1	0.041211	89.743
0.1625	1	0.0419541	88.9067
0.1625	1	0.0426706	78.099
0.1625	1	0.0433621	52.6348
0.1625	1	0.0440306	28.3176
0.1625	1	0.0446773	11.5456
0.1625	1	0.0453037	2.28999
0.1625	1	0.045911	0
