0.105     -1     0      0
0.105     -1     0.0103324      11.9401
0.105     -1     0.0185096      40.5007
0.105     -1     0.0252774      78.0409
0.105     -1     0.0310509      116.825
0.105     -1     0.0360852      151.626
0.105     -1     0.0405483      180.953
0.105     -1     0.0445567      202.199
0.105     -1     0.0481945      212.337
0.105     -1     0.0515245      221.245
0.105     -1     0.0545948      223.321
0.105     -1     0.0574429      225.561
0.105     -1     0.0600989      300.764
0.105     -1     0.062587      272.868
0.105     -1     0.0649272      242.877
0.105     -1     0.0671361      220.897
0.105     -1     0.0692277      200.121
0.105     -1     0.0712137      180.114
0.105     -1     0.0731044      224.888
0.105     -1     0.0749085      167.221
0.105     -1     0.0766335      125.848
0.105     -1     0.0782861      120.617
0.105     -1     0.0798722      78.3984
0.105     -1     0.0813968      56.4695
0.105     -1     0.0828646      34.666
0.105     -1     0.0842797      20.0166
0.105     -1     0.0856457      10.629
0.105     -1     0.0869659      4.75979
0.105     -1     0.0882432      1.485
0.105     -1     0.0894805      0.190513
0.105     -1     0.09068      0
0.105     -0.634788     0      0
0.105     -0.634788     0.0103324      11.0655
0.105     -0.634788     0.0185096      38.1367
0.105     -0.634788     0.0252774      74.5573
0.105     -0.634788     0.0310509      113.768
0.105     -0.634788     0.0360852      150.029
0.105     -0.634788     0.0405483      179.77
0.105     -0.634788     0.0445567      201.815
0.105     -0.634788     0.0481945      215.559
0.105     -0.634788     0.0515245      222.522
0.105     -0.634788     0.0545948      224.695
0.105     -0.634788     0.0574429      222.817
0.105     -0.634788     0.0600989      283.296
0.105     -0.634788     0.062587      261.675
0.105     -0.634788     0.0649272      232.737
0.105     -0.634788     0.0671361      211.128
0.105     -0.634788     0.0692277      191.685
0.105     -0.634788     0.0712137      174.063
0.105     -0.634788     0.0731044      221.876
0.105     -0.634788     0.0749085      164.642
0.105     -0.634788     0.0766335      125.192
0.105     -0.634788     0.0782861      124.579
0.105     -0.634788     0.0798722      83.9512
0.105     -0.634788     0.0813968      61.8356
0.105     -0.634788     0.0828646      36.7647
0.105     -0.634788     0.0842797      19.6997
0.105     -0.634788     0.0856457      10.1497
0.105     -0.634788     0.0869659      4.45227
0.105     -0.634788     0.0882432      1.36779
0.105     -0.634788     0.0894805      0.181375
0.105     -0.634788     0.09068      0
0.105     -0.406307     0      0
0.105     -0.406307     0.0103324      10.5061
0.105     -0.406307     0.0185096      36.4904
0.105     -0.406307     0.0252774      72.6314
0.105     -0.406307     0.0310509      111.631
0.105     -0.406307     0.0360852      148.28
0.105     -0.406307     0.0405483      178.177
0.105     -0.406307     0.0445567      201.506
0.105     -0.406307     0.0481945      216.383
0.105     -0.406307     0.0515245      222.833
0.105     -0.406307     0.0545948      225.144
0.105     -0.406307     0.0574429      222.895
0.105     -0.406307     0.0600989      271.449
0.105     -0.406307     0.062587      253.528
0.105     -0.406307     0.0649272      226.8
0.105     -0.406307     0.0671361      204.934
0.105     -0.406307     0.0692277      184.453
0.105     -0.406307     0.0712137      167.387
0.105     -0.406307     0.0731044      216.962
0.105     -0.406307     0.0749085      163.049
0.105     -0.406307     0.0766335      124.422
0.105     -0.406307     0.0782861      124.161
0.105     -0.406307     0.0798722      86.4049
0.105     -0.406307     0.0813968      65.8712
0.105     -0.406307     0.0828646      41.2481
0.105     -0.406307     0.0842797      21.8174
0.105     -0.406307     0.0856457      10.1332
0.105     -0.406307     0.0869659      4.3319
0.105     -0.406307     0.0882432      1.34837
0.105     -0.406307     0.0894805      0.181344
0.105     -0.406307     0.09068      0
0.105     -0.239626     0      0
0.105     -0.239626     0.0103324      10.0916
0.105     -0.239626     0.0185096      35.2767
0.105     -0.239626     0.0252774      71.126
0.105     -0.239626     0.0310509      109.935
0.105     -0.239626     0.0360852      146.751
0.105     -0.239626     0.0405483      176.65
0.105     -0.239626     0.0445567      200.66
0.105     -0.239626     0.0481945      216.197
0.105     -0.239626     0.0515245      225.158
0.105     -0.239626     0.0545948      227.562
0.105     -0.239626     0.0574429      223.987
0.105     -0.239626     0.0600989      263.043
0.105     -0.239626     0.062587      246.064
0.105     -0.239626     0.0649272      221.891
0.105     -0.239626     0.0671361      200.578
0.105     -0.239626     0.0692277      179.318
0.105     -0.239626     0.0712137      161.896
0.105     -0.239626     0.0731044      211.804
0.105     -0.239626     0.0749085      159.261
0.105     -0.239626     0.0766335      123.194
0.105     -0.239626     0.0782861      123.001
0.105     -0.239626     0.0798722      86.3708
0.105     -0.239626     0.0813968      68.3379
0.105     -0.239626     0.0828646      44.921
0.105     -0.239626     0.0842797      25.8428
0.105     -0.239626     0.0856457      11.6509
0.105     -0.239626     0.0869659      4.3338
0.105     -0.239626     0.0882432      1.35978
0.105     -0.239626     0.0894805      0.184427
0.105     -0.239626     0.09068      0
0.105     -0.108332     0      0
0.105     -0.108332     0.0103324      9.76462
0.105     -0.108332     0.0185096      34.3269
0.105     -0.108332     0.0252774      69.8768
0.105     -0.108332     0.0310509      108.621
0.105     -0.108332     0.0360852      145.401
0.105     -0.108332     0.0405483      175.411
0.105     -0.108332     0.0445567      199.79
0.105     -0.108332     0.0481945      216.504
0.105     -0.108332     0.0515245      226.789
0.105     -0.108332     0.0545948      229.475
0.105     -0.108332     0.0574429      225.4
0.105     -0.108332     0.0600989      256.358
0.105     -0.108332     0.062587      241.032
0.105     -0.108332     0.0649272      217.009
0.105     -0.108332     0.0671361      196.888
0.105     -0.108332     0.0692277      175.783
0.105     -0.108332     0.0712137      157.186
0.105     -0.108332     0.0731044      207.019
0.105     -0.108332     0.0749085      155.465
0.105     -0.108332     0.0766335      119.978
0.105     -0.108332     0.0782861      122.733
0.105     -0.108332     0.0798722      85.8283
0.105     -0.108332     0.0813968      68.7678
0.105     -0.108332     0.0828646      48.2803
0.105     -0.108332     0.0842797      29.2478
0.105     -0.108332     0.0856457      14.3712
0.105     -0.108332     0.0869659      4.8872
0.105     -0.108332     0.0882432      1.36442
0.105     -0.108332     0.0894805      0.183487
0.105     -0.108332     0.09068      0
0.105     -2e-20     0      0
0.105     -2e-20     0.0103324      9.49363
0.105     -2e-20     0.0185096      33.5338
0.105     -2e-20     0.0252774      68.7788
0.105     -2e-20     0.0310509      107.552
0.105     -2e-20     0.0360852      144.216
0.105     -2e-20     0.0405483      174.365
0.105     -2e-20     0.0445567      199.074
0.105     -2e-20     0.0481945      216.458
0.105     -2e-20     0.0515245      227.816
0.105     -2e-20     0.0545948      231.24
0.105     -2e-20     0.0574429      227.587
0.105     -2e-20     0.0600989      252.268
0.105     -2e-20     0.062587      236.671
0.105     -2e-20     0.0649272      213.198
0.105     -2e-20     0.0671361      193.527
0.105     -2e-20     0.0692277      172.772
0.105     -2e-20     0.0712137      153.573
0.105     -2e-20     0.0731044      203.067
0.105     -2e-20     0.0749085      151.073
0.105     -2e-20     0.0766335      117.281
0.105     -2e-20     0.0782861      121.464
0.105     -2e-20     0.0798722      85.8108
0.105     -2e-20     0.0813968      68.9743
0.105     -2e-20     0.0828646      49.6692
0.105     -2e-20     0.0842797      32.8189
0.105     -2e-20     0.0856457      17.6869
0.105     -2e-20     0.0869659      6.30625
0.105     -2e-20     0.0882432      1.36674
0.105     -2e-20     0.0894805      0.182691
0.105     -2e-20     0.09068      0
0.105     0.0922185     0      0
0.105     0.0922185     0.0103324      9.26338
0.105     0.0922185     0.0185096      32.8567
0.105     0.0922185     0.0252774      67.7973
0.105     0.0922185     0.0310509      106.57
0.105     0.0922185     0.0360852      143.14
0.105     0.0922185     0.0405483      173.583
0.105     0.0922185     0.0445567      198.391
0.105     0.0922185     0.0481945      216.383
0.105     0.0922185     0.0515245      228.465
0.105     0.0922185     0.0545948      232.793
0.105     0.0922185     0.0574429      229.471
0.105     0.0922185     0.0600989      249.57
0.105     0.0922185     0.062587      233.117
0.105     0.0922185     0.0649272      210.062
0.105     0.0922185     0.0671361      190.202
0.105     0.0922185     0.0692277      169.988
0.105     0.0922185     0.0712137      150.476
0.105     0.0922185     0.0731044      199.839
0.105     0.0922185     0.0749085      147.856
0.105     0.0922185     0.0766335      114.551
0.105     0.0922185     0.0782861      119.241
0.105     0.0922185     0.0798722      85.8689
0.105     0.0922185     0.0813968      68.8928
0.105     0.0922185     0.0828646      50.4103
0.105     0.0922185     0.0842797      35.6549
0.105     0.0922185     0.0856457      20.6206
0.105     0.0922185     0.0869659      8.64393
0.105     0.0922185     0.0882432      1.52706
0.105     0.0922185     0.0894805      0.18031
0.105     0.0922185     0.09068      0
0.105     0.172502     0      0
0.105     0.172502     0.0103324      9.06207
0.105     0.172502     0.0185096      32.2635
0.105     0.172502     0.0252774      66.9063
0.105     0.172502     0.0310509      105.669
0.105     0.172502     0.0360852      142.225
0.105     0.172502     0.0405483      172.816
0.105     0.172502     0.0445567      197.702
0.105     0.172502     0.0481945      216.415
0.105     0.172502     0.0515245      228.99
0.105     0.172502     0.0545948      234.292
0.105     0.172502     0.0574429      231.025
0.105     0.172502     0.0600989      246.847
0.105     0.172502     0.062587      230.941
0.105     0.172502     0.0649272      207.178
0.105     0.172502     0.0671361      187.822
0.105     0.172502     0.0692277      166.928
0.105     0.172502     0.0712137      147.516
0.105     0.172502     0.0731044      197.452
0.105     0.172502     0.0749085      144.802
0.105     0.172502     0.0766335      111.167
0.105     0.172502     0.0782861      117.521
0.105     0.172502     0.0798722      85.0753
0.105     0.172502     0.0813968      69.5363
0.105     0.172502     0.0828646      50.6535
0.105     0.172502     0.0842797      37.3914
0.105     0.172502     0.0856457      23.5616
0.105     0.172502     0.0869659      11.287
0.105     0.172502     0.0882432      2.13284
0.105     0.172502     0.0894805      0.176315
0.105     0.172502     0.09068      0
0.105     0.243589     0      0
0.105     0.243589     0.0103324      8.88348
0.105     0.243589     0.0185096      31.7345
0.105     0.243589     0.0252774      66.1052
0.105     0.243589     0.0310509      104.831
0.105     0.243589     0.0360852      141.47
0.105     0.243589     0.0405483      172.056
0.105     0.243589     0.0445567      196.965
0.105     0.243589     0.0481945      216.314
0.105     0.243589     0.0515245      229.578
0.105     0.243589     0.0545948      235.3
0.105     0.243589     0.0574429      232.447
0.105     0.243589     0.0600989      244.187
0.105     0.243589     0.062587      229.259
0.105     0.243589     0.0649272      205.369
0.105     0.243589     0.0671361      185.336
0.105     0.243589     0.0692277      164.117
0.105     0.243589     0.0712137      144.636
0.105     0.243589     0.0731044      195.492
0.105     0.243589     0.0749085      142.209
0.105     0.243589     0.0766335      108.396
0.105     0.243589     0.0782861      115.835
0.105     0.243589     0.0798722      83.4008
0.105     0.243589     0.0813968      69.8578
0.105     0.243589     0.0828646      50.8351
0.105     0.243589     0.0842797      38.2682
0.105     0.243589     0.0856457      26.3601
0.105     0.243589     0.0869659      14.0665
0.105     0.243589     0.0882432      3.45994
0.105     0.243589     0.0894805      0.175814
0.105     0.243589     0.09068      0
0.105     0.307372     0      0
0.105     0.307372     0.0103324      8.72499
0.105     0.307372     0.0185096      31.2567
0.105     0.307372     0.0252774      65.3692
0.105     0.307372     0.0310509      104.038
0.105     0.307372     0.0360852      140.772
0.105     0.307372     0.0405483      171.352
0.105     0.307372     0.0445567      196.533
0.105     0.307372     0.0481945      216.178
0.105     0.307372     0.0515245      229.93
0.105     0.307372     0.0545948      235.967
0.105     0.307372     0.0574429      233.862
0.105     0.307372     0.0600989      242.067
0.105     0.307372     0.062587      227.52
0.105     0.307372     0.0649272      203.833
0.105     0.307372     0.0671361      183.135
0.105     0.307372     0.0692277      161.58
0.105     0.307372     0.0712137      141.726
0.105     0.307372     0.0731044      193.361
0.105     0.307372     0.0749085      140.04
0.105     0.307372     0.0766335      105.93
0.105     0.307372     0.0782861      113.6
0.105     0.307372     0.0798722      82.2837
0.105     0.307372     0.0813968      69.4085
0.105     0.307372     0.0828646      51.8405
0.105     0.307372     0.0842797      38.6784
0.105     0.307372     0.0856457      28.4098
0.105     0.307372     0.0869659      16.9702
0.105     0.307372     0.0882432      5.21364
0.105     0.307372     0.0894805      0.188819
0.105     0.307372     0.09068      0
0.105     0.365212     0      0
0.105     0.365212     0.0103324      8.581
0.105     0.365212     0.0185096      30.8207
0.105     0.365212     0.0252774      64.6809
0.105     0.365212     0.0310509      103.285
0.105     0.365212     0.0360852      140.103
0.105     0.365212     0.0405483      170.766
0.105     0.365212     0.0445567      196.19
0.105     0.365212     0.0481945      216.044
0.105     0.365212     0.0515245      230.055
0.105     0.365212     0.0545948      236.314
0.105     0.365212     0.0574429      235.075
0.105     0.365212     0.0600989      241.155
0.105     0.365212     0.062587      225.633
0.105     0.365212     0.0649272      202.668
0.105     0.365212     0.0671361      181.359
0.105     0.365212     0.0692277      159.012
0.105     0.365212     0.0712137      139.332
0.105     0.365212     0.0731044      190.862
0.105     0.365212     0.0749085      138.428
0.105     0.365212     0.0766335      103.703
0.105     0.365212     0.0782861      111.646
0.105     0.365212     0.0798722      80.8158
0.105     0.365212     0.0813968      68.6593
0.105     0.365212     0.0828646      52.4039
0.105     0.365212     0.0842797      38.9999
0.105     0.365212     0.0856457      29.7138
0.105     0.365212     0.0869659      19.7795
0.105     0.365212     0.0882432      7.29359
0.105     0.365212     0.0894805      0.339974
0.105     0.365212     0.09068      0
0.105     0.418124     0      0
0.105     0.418124     0.0103324      8.449
0.105     0.418124     0.0185096      30.4195
0.105     0.418124     0.0252774      64.0373
0.105     0.418124     0.0310509      102.626
0.105     0.418124     0.0360852      139.459
0.105     0.418124     0.0405483      170.178
0.105     0.418124     0.0445567      195.943
0.105     0.418124     0.0481945      215.978
0.105     0.418124     0.0515245      229.966
0.105     0.418124     0.0545948      236.643
0.105     0.418124     0.0574429      236.18
0.105     0.418124     0.0600989      239.997
0.105     0.418124     0.062587      224.13
0.105     0.418124     0.0649272      201.448
0.105     0.418124     0.0671361      179.682
0.105     0.418124     0.0692277      157.027
0.105     0.418124     0.0712137      136.95
0.105     0.418124     0.0731044      187.635
0.105     0.418124     0.0749085      136.743
0.105     0.418124     0.0766335      101.665
0.105     0.418124     0.0782861      109.878
0.105     0.418124     0.0798722      79.2637
0.105     0.418124     0.0813968      67.8698
0.105     0.418124     0.0828646      52.4577
0.105     0.418124     0.0842797      39.789
0.105     0.418124     0.0856457      30.4518
0.105     0.418124     0.0869659      22.5223
0.105     0.418124     0.0882432      9.60326
0.105     0.418124     0.0894805      0.802806
0.105     0.418124     0.09068      0
0.105     0.466881     0      0
0.105     0.466881     0.0103324      8.32718
0.105     0.466881     0.0185096      30.0476
0.105     0.466881     0.0252774      63.4242
0.105     0.466881     0.0310509      101.995
0.105     0.466881     0.0360852      138.84
0.105     0.466881     0.0405483      169.602
0.105     0.466881     0.0445567      195.666
0.105     0.466881     0.0481945      215.829
0.105     0.466881     0.0515245      229.797
0.105     0.466881     0.0545948      237.058
0.105     0.466881     0.0574429      236.977
0.105     0.466881     0.0600989      238.662
0.105     0.466881     0.062587      223.449
0.105     0.466881     0.0649272      200.065
0.105     0.466881     0.0671361      178.426
0.105     0.466881     0.0692277      155.167
0.105     0.466881     0.0712137      134.623
0.105     0.466881     0.0731044      184.444
0.105     0.466881     0.0749085      134.952
0.105     0.466881     0.0766335      100.053
0.105     0.466881     0.0782861      108.507
0.105     0.466881     0.0798722      77.4635
0.105     0.466881     0.0813968      66.7279
0.105     0.466881     0.0828646      52.0351
0.105     0.466881     0.0842797      40.6234
0.105     0.466881     0.0856457      30.7154
0.105     0.466881     0.0869659      24.9838
0.105     0.466881     0.0882432      12.2746
0.105     0.466881     0.0894805      1.70264
0.105     0.466881     0.09068      0
0.105     0.512089     0      0
0.105     0.512089     0.0103324      8.21398
0.105     0.512089     0.0185096      29.701
0.105     0.512089     0.0252774      62.8429
0.105     0.512089     0.0310509      101.389
0.105     0.512089     0.0360852      138.258
0.105     0.512089     0.0405483      169.216
0.105     0.512089     0.0445567      195.387
0.105     0.512089     0.0481945      215.648
0.105     0.512089     0.0515245      229.581
0.105     0.512089     0.0545948      237.342
0.105     0.512089     0.0574429      237.618
0.105     0.512089     0.0600989      236.924
0.105     0.512089     0.062587      222.827
0.105     0.512089     0.0649272      198.947
0.105     0.512089     0.0671361      177.261
0.105     0.512089     0.0692277      153.295
0.105     0.512089     0.0712137      132.899
0.105     0.512089     0.0731044      180.564
0.105     0.512089     0.0749085      132.818
0.105     0.512089     0.0766335      98.814
0.105     0.512089     0.0782861      107.105
0.105     0.512089     0.0798722      75.8347
0.105     0.512089     0.0813968      65.6659
0.105     0.512089     0.0828646      51.978
0.105     0.512089     0.0842797      41.428
0.105     0.512089     0.0856457      30.7129
0.105     0.512089     0.0869659      26.8277
0.105     0.512089     0.0882432      14.9675
0.105     0.512089     0.0894805      2.92844
0.105     0.512089     0.09068      0
0.105     0.55423     0      0
0.105     0.55423     0.0103324      8.1083
0.105     0.55423     0.0185096      29.3767
0.105     0.55423     0.0252774      62.2898
0.105     0.55423     0.0310509      100.794
0.105     0.55423     0.0360852      137.694
0.105     0.55423     0.0405483      168.936
0.105     0.55423     0.0445567      195.118
0.105     0.55423     0.0481945      215.385
0.105     0.55423     0.0515245      229.302
0.105     0.55423     0.0545948      237.518
0.105     0.55423     0.0574429      238.071
0.105     0.55423     0.0600989      235.046
0.105     0.55423     0.062587      222.078
0.105     0.55423     0.0649272      198.253
0.105     0.55423     0.0671361      175.957
0.105     0.55423     0.0692277      151.819
0.105     0.55423     0.0712137      131.154
0.105     0.55423     0.0731044      175.929
0.105     0.55423     0.0749085      130.279
0.105     0.55423     0.0766335      97.3971
0.105     0.55423     0.0782861      106.085
0.105     0.55423     0.0798722      74.3757
0.105     0.55423     0.0813968      64.4024
0.105     0.55423     0.0828646      51.1352
0.105     0.55423     0.0842797      41.6477
0.105     0.55423     0.0856457      31.8803
0.105     0.55423     0.0869659      28.1782
0.105     0.55423     0.0882432      17.7997
0.105     0.55423     0.0894805      4.40777
0.105     0.55423     0.09068      0
0.105     0.593693     0      0
0.105     0.593693     0.0103324      8.00914
0.105     0.593693     0.0185096      29.0712
0.105     0.593693     0.0252774      61.7621
0.105     0.593693     0.0310509      100.209
0.105     0.593693     0.0360852      137.141
0.105     0.593693     0.0405483      168.633
0.105     0.593693     0.0445567      194.934
0.105     0.593693     0.0481945      215.131
0.105     0.593693     0.0515245      229.237
0.105     0.593693     0.0545948      237.627
0.105     0.593693     0.0574429      238.419
0.105     0.593693     0.0600989      233.962
0.105     0.593693     0.062587      220.989
0.105     0.593693     0.0649272      197.936
0.105     0.593693     0.0671361      174.903
0.105     0.593693     0.0692277      150.468
0.105     0.593693     0.0712137      129.385
0.105     0.593693     0.0731044      171.814
0.105     0.593693     0.0749085      127.157
0.105     0.593693     0.0766335      95.9831
0.105     0.593693     0.0782861      105.443
0.105     0.593693     0.0798722      73.1297
0.105     0.593693     0.0813968      63.2526
0.105     0.593693     0.0828646      50.0605
0.105     0.593693     0.0842797      41.4766
0.105     0.593693     0.0856457      32.8465
0.105     0.593693     0.0869659      28.7685
0.105     0.593693     0.0882432      20.6237
0.105     0.593693     0.0894805      6.20415
0.105     0.593693     0.09068      0
0.105     0.630798     0      0
0.105     0.630798     0.0103324      7.91569
0.105     0.630798     0.0185096      28.7821
0.105     0.630798     0.0252774      61.2621
0.105     0.630798     0.0310509      99.6483
0.105     0.630798     0.0360852      136.594
0.105     0.630798     0.0405483      168.328
0.105     0.630798     0.0445567      194.72
0.105     0.630798     0.0481945      214.865
0.105     0.630798     0.0515245      229.118
0.105     0.630798     0.0545948      237.632
0.105     0.630798     0.0574429      238.646
0.105     0.630798     0.0600989      233.134
0.105     0.630798     0.062587      219.638
0.105     0.630798     0.0649272      197.527
0.105     0.630798     0.0671361      174.037
0.105     0.630798     0.0692277      149.08
0.105     0.630798     0.0712137      127.776
0.105     0.630798     0.0731044      167.855
0.105     0.630798     0.0749085      123.872
0.105     0.630798     0.0766335      94.0287
0.105     0.630798     0.0782861      104.887
0.105     0.630798     0.0798722      71.8666
0.105     0.630798     0.0813968      61.8364
0.105     0.630798     0.0828646      48.9693
0.105     0.630798     0.0842797      41.5164
0.105     0.630798     0.0856457      34.0418
0.105     0.630798     0.0869659      29.2235
0.105     0.630798     0.0882432      23.4121
0.105     0.630798     0.0894805      8.30932
0.105     0.630798     0.09068      0
0.105     0.665812     0      0
0.105     0.665812     0.0103324      7.82732
0.105     0.665812     0.0185096      28.5077
0.105     0.665812     0.0252774      60.7863
0.105     0.665812     0.0310509      99.122
0.105     0.665812     0.0360852      136.065
0.105     0.665812     0.0405483      168.023
0.105     0.665812     0.0445567      194.491
0.105     0.665812     0.0481945      214.573
0.105     0.665812     0.0515245      229.034
0.105     0.665812     0.0545948      237.565
0.105     0.665812     0.0574429      238.739
0.105     0.665812     0.0600989      232.039
0.105     0.665812     0.062587      218.462
0.105     0.665812     0.0649272      196.93
0.105     0.665812     0.0671361      173.652
0.105     0.665812     0.0692277      147.96
0.105     0.665812     0.0712137      126.294
0.105     0.665812     0.0731044      163.683
0.105     0.665812     0.0749085      121.263
0.105     0.665812     0.0766335      91.4486
0.105     0.665812     0.0782861      104.781
0.105     0.665812     0.0798722      70.9079
0.105     0.665812     0.0813968      60.786
0.105     0.665812     0.0828646      47.7859
0.105     0.665812     0.0842797      40.7946
0.105     0.665812     0.0856457      34.6362
0.105     0.665812     0.0869659      30.0543
0.105     0.665812     0.0882432      25.9603
0.105     0.665812     0.0894805      10.6399
0.105     0.665812     0.09068      0
0.105     0.698958     0      0
0.105     0.698958     0.0103324      7.74347
0.105     0.698958     0.0185096      28.2462
0.105     0.698958     0.0252774      60.3338
0.105     0.698958     0.0310509      98.6217
0.105     0.698958     0.0360852      135.588
0.105     0.698958     0.0405483      167.702
0.105     0.698958     0.0445567      194.271
0.105     0.698958     0.0481945      214.288
0.105     0.698958     0.0515245      228.995
0.105     0.698958     0.0545948      237.392
0.105     0.698958     0.0574429      238.672
0.105     0.698958     0.0600989      230.654
0.105     0.698958     0.062587      217.908
0.105     0.698958     0.0649272      196.165
0.105     0.698958     0.0671361      173.336
0.105     0.698958     0.0692277      146.995
0.105     0.698958     0.0712137      124.861
0.105     0.698958     0.0731044      159.826
0.105     0.698958     0.0749085      118.206
0.105     0.698958     0.0766335      89.0671
0.105     0.698958     0.0782861      104.273
0.105     0.698958     0.0798722      70.0519
0.105     0.698958     0.0813968      59.7085
0.105     0.698958     0.0828646      46.5382
0.105     0.698958     0.0842797      39.7999
0.105     0.698958     0.0856457      34.8865
0.105     0.698958     0.0869659      31.1822
0.105     0.698958     0.0882432      28.097
0.105     0.698958     0.0894805      13.145
0.105     0.698958     0.09068      0
0.105     0.730425     0      0
0.105     0.730425     0.0103324      7.66368
0.105     0.730425     0.0185096      27.9967
0.105     0.730425     0.0252774      59.9128
0.105     0.730425     0.0310509      98.1378
0.105     0.730425     0.0360852      135.225
0.105     0.730425     0.0405483      167.4
0.105     0.730425     0.0445567      194.025
0.105     0.730425     0.0481945      214.136
0.105     0.730425     0.0515245      228.878
0.105     0.730425     0.0545948      237.217
0.105     0.730425     0.0574429      238.523
0.105     0.730425     0.0600989      229.338
0.105     0.730425     0.062587      217.324
0.105     0.730425     0.0649272      195.243
0.105     0.730425     0.0671361      172.932
0.105     0.730425     0.0692277      146.314
0.105     0.730425     0.0712137      123.884
0.105     0.730425     0.0731044      156.83
0.105     0.730425     0.0749085      114.532
0.105     0.730425     0.0766335      86.6594
0.105     0.730425     0.0782861      102.974
0.105     0.730425     0.0798722      69.5213
0.105     0.730425     0.0813968      58.6998
0.105     0.730425     0.0828646      45.0196
0.105     0.730425     0.0842797      38.5151
0.105     0.730425     0.0856457      34.7755
0.105     0.730425     0.0869659      32.5898
0.105     0.730425     0.0882432      29.5581
0.105     0.730425     0.0894805      15.7948
0.105     0.730425     0.09068      0
0.105     0.760374     0      0
0.105     0.760374     0.0103324      7.58756
0.105     0.760374     0.0185096      27.758
0.105     0.760374     0.0252774      59.5073
0.105     0.760374     0.0310509      97.6709
0.105     0.760374     0.0360852      134.862
0.105     0.760374     0.0405483      167.095
0.105     0.760374     0.0445567      193.762
0.105     0.760374     0.0481945      214.045
0.105     0.760374     0.0515245      228.719
0.105     0.760374     0.0545948      236.98
0.105     0.760374     0.0574429      238.324
0.105     0.760374     0.0600989      228.646
0.105     0.760374     0.062587      216.528
0.105     0.760374     0.0649272      194.994
0.105     0.760374     0.0671361      172.396
0.105     0.760374     0.0692277      145.813
0.105     0.760374     0.0712137      122.832
0.105     0.760374     0.0731044      153.643
0.105     0.760374     0.0749085      112.031
0.105     0.760374     0.0766335      83.9098
0.105     0.760374     0.0782861      102.366
0.105     0.760374     0.0798722      68.9309
0.105     0.760374     0.0813968      57.9047
0.105     0.760374     0.0828646      43.7234
0.105     0.760374     0.0842797      37.1857
0.105     0.760374     0.0856457      34.5199
0.105     0.760374     0.0869659      33.8242
0.105     0.760374     0.0882432      30.5685
0.105     0.760374     0.0894805      18.6558
0.105     0.760374     0.09068      0
0.105     0.788947     0      0
0.105     0.788947     0.0103324      7.51474
0.105     0.788947     0.0185096      27.5288
0.105     0.788947     0.0252774      59.1146
0.105     0.788947     0.0310509      97.2134
0.105     0.788947     0.0360852      134.503
0.105     0.788947     0.0405483      166.834
0.105     0.788947     0.0445567      193.489
0.105     0.788947     0.0481945      213.955
0.105     0.788947     0.0515245      228.536
0.105     0.788947     0.0545948      236.755
0.105     0.788947     0.0574429      238.023
0.105     0.788947     0.0600989      227.965
0.105     0.788947     0.062587      215.519
0.105     0.788947     0.0649272      194.762
0.105     0.788947     0.0671361      171.865
0.105     0.788947     0.0692277      145.368
0.105     0.788947     0.0712137      121.826
0.105     0.788947     0.0731044      150.761
0.105     0.788947     0.0749085      109.433
0.105     0.788947     0.0766335      81.5369
0.105     0.788947     0.0782861      101.379
0.105     0.788947     0.0798722      68.0308
0.105     0.788947     0.0813968      57.2533
0.105     0.788947     0.0828646      42.2823
0.105     0.788947     0.0842797      35.4804
0.105     0.788947     0.0856457      33.6924
0.105     0.788947     0.0869659      34.8238
0.105     0.788947     0.0882432      31.9044
0.105     0.788947     0.0894805      21.7169
0.105     0.788947     0.09068      0
0.105     0.816262     0      0
0.105     0.816262     0.0103324      7.44569
0.105     0.816262     0.0185096      27.3078
0.105     0.816262     0.0252774      58.7365
0.105     0.816262     0.0310509      96.763
0.105     0.816262     0.0360852      134.144
0.105     0.816262     0.0405483      166.597
0.105     0.816262     0.0445567      193.224
0.105     0.816262     0.0481945      213.837
0.105     0.816262     0.0515245      228.323
0.105     0.816262     0.0545948      236.52
0.105     0.816262     0.0574429      237.654
0.105     0.816262     0.0600989      227.413
0.105     0.816262     0.062587      214.844
0.105     0.816262     0.0649272      194.438
0.105     0.816262     0.0671361      171.639
0.105     0.816262     0.0692277      144.944
0.105     0.816262     0.0712137      121.037
0.105     0.816262     0.0731044      147.081
0.105     0.816262     0.0749085      106.766
0.105     0.816262     0.0766335      79.2566
0.105     0.816262     0.0782861      97.4836
0.105     0.816262     0.0798722      67.1899
0.105     0.816262     0.0813968      56.5288
0.105     0.816262     0.0828646      40.8838
0.105     0.816262     0.0842797      33.413
0.105     0.816262     0.0856457      32.3495
0.105     0.816262     0.0869659      35.8289
0.105     0.816262     0.0882432      33.4683
0.105     0.816262     0.0894805      24.8846
0.105     0.816262     0.09068      0
0.105     0.842428     0      0
0.105     0.842428     0.0103324      7.38031
0.105     0.842428     0.0185096      27.0947
0.105     0.842428     0.0252774      58.3658
0.105     0.842428     0.0310509      96.3195
0.105     0.842428     0.0360852      133.786
0.105     0.842428     0.0405483      166.362
0.105     0.842428     0.0445567      192.943
0.105     0.842428     0.0481945      213.718
0.105     0.842428     0.0515245      228.07
0.105     0.842428     0.0545948      236.209
0.105     0.842428     0.0574429      237.245
0.105     0.842428     0.0600989      227.125
0.105     0.842428     0.062587      214.249
0.105     0.842428     0.0649272      194.007
0.105     0.842428     0.0671361      171.568
0.105     0.842428     0.0692277      144.556
0.105     0.842428     0.0712137      120.306
0.105     0.842428     0.0731044      143.123
0.105     0.842428     0.0749085      103.935
0.105     0.842428     0.0766335      76.6073
0.105     0.842428     0.0782861      94.6758
0.105     0.842428     0.0798722      64.6992
0.105     0.842428     0.0813968      56.6849
0.105     0.842428     0.0828646      39.4047
0.105     0.842428     0.0842797      31.5087
0.105     0.842428     0.0856457      30.7959
0.105     0.842428     0.0869659      35.9324
0.105     0.842428     0.0882432      35.5049
0.105     0.842428     0.0894805      28.1052
0.105     0.842428     0.09068      0
0.105     0.867536     0      0
0.105     0.867536     0.0103324      7.31772
0.105     0.867536     0.0185096      26.8881
0.105     0.867536     0.0252774      58.0011
0.105     0.867536     0.0310509      95.882
0.105     0.867536     0.0360852      133.422
0.105     0.867536     0.0405483      166.122
0.105     0.867536     0.0445567      192.737
0.105     0.867536     0.0481945      213.597
0.105     0.867536     0.0515245      227.872
0.105     0.867536     0.0545948      235.888
0.105     0.867536     0.0574429      236.827
0.105     0.867536     0.0600989      226.855
0.105     0.867536     0.062587      213.763
0.105     0.867536     0.0649272      193.689
0.105     0.867536     0.0671361      171.474
0.105     0.867536     0.0692277      144.294
0.105     0.867536     0.0712137      119.893
0.105     0.867536     0.0731044      139.734
0.105     0.867536     0.0749085      100.152
0.105     0.867536     0.0766335      73.8971
0.105     0.867536     0.0782861      93.2366
0.105     0.867536     0.0798722      61.0199
0.105     0.867536     0.0813968      56.1891
0.105     0.867536     0.0828646      38.0421
0.105     0.867536     0.0842797      29.173
0.105     0.867536     0.0856457      28.6462
0.105     0.867536     0.0869659      36.1396
0.105     0.867536     0.0882432      37.7476
0.105     0.867536     0.0894805      31.0196
0.105     0.867536     0.09068      0
0.105     0.891668     0      0
0.105     0.891668     0.0103324      7.2574
0.105     0.891668     0.0185096      26.6869
0.105     0.891668     0.0252774      57.6402
0.105     0.891668     0.0310509      95.4504
0.105     0.891668     0.0360852      133.041
0.105     0.891668     0.0405483      165.869
0.105     0.891668     0.0445567      192.625
0.105     0.891668     0.0481945      213.444
0.105     0.891668     0.0515245      227.649
0.105     0.891668     0.0545948      235.519
0.105     0.891668     0.0574429      236.375
0.105     0.891668     0.0600989      226.528
0.105     0.891668     0.062587      213.402
0.105     0.891668     0.0649272      193.451
0.105     0.891668     0.0671361      171.35
0.105     0.891668     0.0692277      144.36
0.105     0.891668     0.0712137      119.41
0.105     0.891668     0.0731044      135.853
0.105     0.891668     0.0749085      96.8587
0.105     0.891668     0.0766335      71.0247
0.105     0.891668     0.0782861      89.8595
0.105     0.891668     0.0798722      59.8033
0.105     0.891668     0.0813968      52.5648
0.105     0.891668     0.0828646      38.0117
0.105     0.891668     0.0842797      26.374
0.105     0.891668     0.0856457      25.6818
0.105     0.891668     0.0869659      34.9216
0.105     0.891668     0.0882432      39.8509
0.105     0.891668     0.0894805      33.3191
0.105     0.891668     0.09068      0
0.105     0.914898     0      0
0.105     0.914898     0.0103324      7.19913
0.105     0.914898     0.0185096      26.5004
0.105     0.914898     0.0252774      57.2804
0.105     0.914898     0.0310509      95.1264
0.105     0.914898     0.0360852      132.649
0.105     0.914898     0.0405483      165.609
0.105     0.914898     0.0445567      192.514
0.105     0.914898     0.0481945      213.274
0.105     0.914898     0.0515245      227.453
0.105     0.914898     0.0545948      235.143
0.105     0.914898     0.0574429      235.906
0.105     0.914898     0.0600989      226.158
0.105     0.914898     0.062587      213.036
0.105     0.914898     0.0649272      193.132
0.105     0.914898     0.0671361      171.276
0.105     0.914898     0.0692277      144.489
0.105     0.914898     0.0712137      119.153
0.105     0.914898     0.0731044      131.042
0.105     0.914898     0.0749085      94.0836
0.105     0.914898     0.0766335      67.1861
0.105     0.914898     0.0782861      86.1201
0.105     0.914898     0.0798722      57.3757
0.105     0.914898     0.0813968      51.822
0.105     0.914898     0.0828646      35.6374
0.105     0.914898     0.0842797      23.6631
0.105     0.914898     0.0856457      22.6902
0.105     0.914898     0.0869659      32.5825
0.105     0.914898     0.0882432      41.7295
0.105     0.914898     0.0894805      35.4508
0.105     0.914898     0.09068      0
0.105     0.937291     0      0
0.105     0.937291     0.0103324      7.14273
0.105     0.937291     0.0185096      26.3233
0.105     0.937291     0.0252774      56.9181
0.105     0.937291     0.0310509      94.8006
0.105     0.937291     0.0360852      132.229
0.105     0.937291     0.0405483      165.332
0.105     0.937291     0.0445567      192.367
0.105     0.937291     0.0481945      213.072
0.105     0.937291     0.0515245      227.206
0.105     0.937291     0.0545948      234.757
0.105     0.937291     0.0574429      235.4
0.105     0.937291     0.0600989      225.626
0.105     0.937291     0.062587      212.589
0.105     0.937291     0.0649272      192.883
0.105     0.937291     0.0671361      171.206
0.105     0.937291     0.0692277      144.559
0.105     0.937291     0.0712137      119.215
0.105     0.937291     0.0731044      125.696
0.105     0.937291     0.0749085      90.578
0.105     0.937291     0.0766335      63.9987
0.105     0.937291     0.0782861      82.5523
0.105     0.937291     0.0798722      54.4473
0.105     0.937291     0.0813968      50.0789
0.105     0.937291     0.0828646      33.3135
0.105     0.937291     0.0842797      22.0073
0.105     0.937291     0.0856457      18.3635
0.105     0.937291     0.0869659      29.5914
0.105     0.937291     0.0882432      43.166
0.105     0.937291     0.0894805      38.2647
0.105     0.937291     0.09068      0
0.105     0.958905     0      0
0.105     0.958905     0.0103324      7.08809
0.105     0.958905     0.0185096      26.1555
0.105     0.958905     0.0252774      56.5763
0.105     0.958905     0.0310509      94.4697
0.105     0.958905     0.0360852      131.773
0.105     0.958905     0.0405483      165.024
0.105     0.958905     0.0445567      192.189
0.105     0.958905     0.0481945      212.889
0.105     0.958905     0.0515245      226.933
0.105     0.958905     0.0545948      234.328
0.105     0.958905     0.0574429      234.855
0.105     0.958905     0.0600989      225.074
0.105     0.958905     0.062587      212.068
0.105     0.958905     0.0649272      192.578
0.105     0.958905     0.0671361      171.141
0.105     0.958905     0.0692277      144.774
0.105     0.958905     0.0712137      119.38
0.105     0.958905     0.0731044      122.035
0.105     0.958905     0.0749085      86.4475
0.105     0.958905     0.0766335      60.8126
0.105     0.958905     0.0782861      79.4596
0.105     0.958905     0.0798722      50.959
0.105     0.958905     0.0813968      47.2909
0.105     0.958905     0.0828646      30.9621
0.105     0.958905     0.0842797      19.2945
0.105     0.958905     0.0856457      13.7526
0.105     0.958905     0.0869659      24.8088
0.105     0.958905     0.0882432      43.9898
0.105     0.958905     0.0894805      42.1024
0.105     0.958905     0.09068      0
0.105     0.979792     0      0
0.105     0.979792     0.0103324      7.03499
0.105     0.979792     0.0185096      25.9932
0.105     0.979792     0.0252774      56.2627
0.105     0.979792     0.0310509      94.1242
0.105     0.979792     0.0360852      131.364
0.105     0.979792     0.0405483      164.77
0.105     0.979792     0.0445567      191.929
0.105     0.979792     0.0481945      212.713
0.105     0.979792     0.0515245      226.602
0.105     0.979792     0.0545948      233.81
0.105     0.979792     0.0574429      234.277
0.105     0.979792     0.0600989      224.518
0.105     0.979792     0.062587      211.464
0.105     0.979792     0.0649272      192.179
0.105     0.979792     0.0671361      171.044
0.105     0.979792     0.0692277      144.926
0.105     0.979792     0.0712137      119.552
0.105     0.979792     0.0731044      117.201
0.105     0.979792     0.0749085      83.2292
0.105     0.979792     0.0766335      57.1009
0.105     0.979792     0.0782861      78.3665
0.105     0.979792     0.0798722      45.9838
0.105     0.979792     0.0813968      42.9725
0.105     0.979792     0.0828646      27.3396
0.105     0.979792     0.0842797      16.7121
0.105     0.979792     0.0856457      10.2831
0.105     0.979792     0.0869659      18.3714
0.105     0.979792     0.0882432      44.1399
0.105     0.979792     0.0894805      48.2808
0.105     0.979792     0.09068      0
0.105     1     0      0
0.105     1     0.0103324      6.984
0.105     1     0.0185096      25.8331
0.105     1     0.0252774      55.9074
0.105     1     0.0310509      93.7646
0.105     1     0.0360852      131.005
0.105     1     0.0405483      164.54
0.105     1     0.0445567      191.459
0.105     1     0.0481945      212.354
0.105     1     0.0515245      226.064
0.105     1     0.0545948      233.117
0.105     1     0.0574429      233.455
0.105     1     0.0600989      223.687
0.105     1     0.062587      210.557
0.105     1     0.0649272      191.397
0.105     1     0.0671361      170.569
0.105     1     0.0692277      144.85
0.105     1     0.0712137      119.307
0.105     1     0.0731044      112.694
0.105     1     0.0749085      79.9
0.105     1     0.0766335      53.0913
0.105     1     0.0782861      69.413
0.105     1     0.0798722      41.8325
0.105     1     0.0813968      38.1528
0.105     1     0.0828646      23.7803
0.105     1     0.0842797      14.0338
0.105     1     0.0856457      8.23698
0.105     1     0.0869659      9.97731
0.105     1     0.0882432      41.8879
0.105     1     0.0894805      56.7295
0.105     1     0.09068      0
