0.205	-1	0	0
0.205	-1	0.00940204	101.085
0.205	-1	0.016843	132.625
0.205	-1	0.0230014	151.256
0.205	-1	0.028255	167.077
0.205	-1	0.032836	171.211
0.205	-1	0.0368972	198.427
0.205	-1	0.0405447	234.889
0.205	-1	0.043855	192.363
0.205	-1	0.0468852	154.284
0.205	-1	0.049679	122.641
0.205	-1	0.0522707	99.0809
0.205	-1	0.0546875	81.1396
0.205	-1	0.0569515	67.4524
0.205	-1	0.059081	69.5728
0.205	-1	0.061091	50.5449
0.205	-1	0.0629943	38.9597
0.205	-1	0.0648015	30.7299
0.205	-1	0.0665219	28.3698
0.205	-1	0.0681636	19.7075
0.205	-1	0.0697333	16.6318
0.205	-1	0.0712371	10.6001
0.205	-1	0.0726803	7.34004
0.205	-1	0.0740677	4.7854
0.205	-1	0.0754033	2.99123
0.205	-1	0.076691	1.74018
0.205	-1	0.077934	0.890197
0.205	-1	0.0791353	0.362934
0.205	-1	0.0802976	0.0967862
0.205	-1	0.0814235	0.00935549
0.205	-1	0.082515	0
0.205	-0.634788	0	0
0.205	-0.634788	0.00940204	101.421
0.205	-0.634788	0.016843	132.94
0.205	-0.634788	0.0230014	148.01
0.205	-0.634788	0.028255	161.687
0.205	-0.634788	0.032836	168.349
0.205	-0.634788	0.0368972	203.45
0.205	-0.634788	0.0405447	256.327
0.205	-0.634788	0.043855	225.655
0.205	-0.634788	0.0468852	193.191
0.205	-0.634788	0.049679	159.518
0.205	-0.634788	0.0522707	128.578
0.205	-0.634788	0.0546875	104.461
0.205	-0.634788	0.0569515	85.6522
0.205	-0.634788	0.059081	84.9905
0.205	-0.634788	0.061091	63.0502
0.205	-0.634788	0.0629943	51.7227
0.205	-0.634788	0.0648015	40.9607
0.205	-0.634788	0.0665219	35.9357
0.205	-0.634788	0.0681636	25.6393
0.205	-0.634788	0.0697333	21.719
0.205	-0.634788	0.0712371	14.7568
0.205	-0.634788	0.0726803	10.607
0.205	-0.634788	0.0740677	7.1434
0.205	-0.634788	0.0754033	4.55122
0.205	-0.634788	0.076691	2.6388
0.205	-0.634788	0.077934	1.33766
0.205	-0.634788	0.0791353	0.527157
0.205	-0.634788	0.0802976	0.1351
0.205	-0.634788	0.0814235	0.0119235
0.205	-0.634788	0.082515	0
0.205	-0.406307	0	0
0.205	-0.406307	0.00940204	102.509
0.205	-0.406307	0.016843	133.564
0.205	-0.406307	0.0230014	147.324
0.205	-0.406307	0.028255	158.669
0.205	-0.406307	0.032836	163.348
0.205	-0.406307	0.0368972	198.537
0.205	-0.406307	0.0405447	259.054
0.205	-0.406307	0.043855	236.506
0.205	-0.406307	0.0468852	211.98
0.205	-0.406307	0.049679	182.49
0.205	-0.406307	0.0522707	150.68
0.205	-0.406307	0.0546875	124.184
0.205	-0.406307	0.0569515	101.564
0.205	-0.406307	0.059081	97.6601
0.205	-0.406307	0.061091	73.6306
0.205	-0.406307	0.0629943	64.7951
0.205	-0.406307	0.0648015	53.6
0.205	-0.406307	0.0665219	45.7894
0.205	-0.406307	0.0681636	32.2849
0.205	-0.406307	0.0697333	25.8725
0.205	-0.406307	0.0712371	17.3076
0.205	-0.406307	0.0726803	12.2814
0.205	-0.406307	0.0740677	8.20305
0.205	-0.406307	0.0754033	5.15633
0.205	-0.406307	0.076691	2.96797
0.205	-0.406307	0.077934	1.47091
0.205	-0.406307	0.0791353	0.582376
0.205	-0.406307	0.0802976	0.146864
0.205	-0.406307	0.0814235	0.012514
0.205	-0.406307	0.082515	0
0.205	-0.239626	0	0
0.205	-0.239626	0.00940204	103.094
0.205	-0.239626	0.016843	135.01
0.205	-0.239626	0.0230014	148.469
0.205	-0.239626	0.028255	158.535
0.205	-0.239626	0.032836	160.113
0.205	-0.239626	0.0368972	191.206
0.205	-0.239626	0.0405447	253.621
0.205	-0.239626	0.043855	237.939
0.205	-0.239626	0.0468852	220.192
0.205	-0.239626	0.049679	195.173
0.205	-0.239626	0.0522707	166.147
0.205	-0.239626	0.0546875	140.23
0.205	-0.239626	0.0569515	115.949
0.205	-0.239626	0.059081	109.886
0.205	-0.239626	0.061091	83.1003
0.205	-0.239626	0.0629943	76.9026
0.205	-0.239626	0.0648015	66.3707
0.205	-0.239626	0.0665219	56.6563
0.205	-0.239626	0.0681636	40.5628
0.205	-0.239626	0.0697333	31.5726
0.205	-0.239626	0.0712371	21.4539
0.205	-0.239626	0.0726803	14.6626
0.205	-0.239626	0.0740677	9.54915
0.205	-0.239626	0.0754033	5.83648
0.205	-0.239626	0.076691	3.30747
0.205	-0.239626	0.077934	1.61077
0.205	-0.239626	0.0791353	0.628452
0.205	-0.239626	0.0802976	0.157629
0.205	-0.239626	0.0814235	0.0128294
0.205	-0.239626	0.082515	0
0.205	-0.108332	0	0
0.205	-0.108332	0.00940204	103.522
0.205	-0.108332	0.016843	136.159
0.205	-0.108332	0.0230014	149.571
0.205	-0.108332	0.028255	159.031
0.205	-0.108332	0.032836	159.589
0.205	-0.108332	0.0368972	183.865
0.205	-0.108332	0.0405447	246.429
0.205	-0.108332	0.043855	233.066
0.205	-0.108332	0.0468852	221.292
0.205	-0.108332	0.049679	201.534
0.205	-0.108332	0.0522707	175.993
0.205	-0.108332	0.0546875	151.451
0.205	-0.108332	0.0569515	128.432
0.205	-0.108332	0.059081	121.207
0.205	-0.108332	0.061091	93.0508
0.205	-0.108332	0.0629943	89.2807
0.205	-0.108332	0.0648015	78.8639
0.205	-0.108332	0.0665219	67.5468
0.205	-0.108332	0.0681636	48.9454
0.205	-0.108332	0.0697333	37.7716
0.205	-0.108332	0.0712371	27.0337
0.205	-0.108332	0.0726803	18.8806
0.205	-0.108332	0.0740677	12.0249
0.205	-0.108332	0.0754033	7.09958
0.205	-0.108332	0.076691	3.90634
0.205	-0.108332	0.077934	1.92063
0.205	-0.108332	0.0791353	0.762076
0.205	-0.108332	0.0802976	0.194088
0.205	-0.108332	0.0814235	0.0152585
0.205	-0.108332	0.082515	0
0.205	-2e-20	0	0
0.205	-2e-20	0.00940204	103.835
0.205	-2e-20	0.016843	136.966
0.205	-2e-20	0.0230014	150.892
0.205	-2e-20	0.028255	159.781
0.205	-2e-20	0.032836	160.423
0.205	-2e-20	0.0368972	178.89
0.205	-2e-20	0.0405447	237.897
0.205	-2e-20	0.043855	227.929
0.205	-2e-20	0.0468852	218.363
0.205	-2e-20	0.049679	202.727
0.205	-2e-20	0.0522707	180.884
0.205	-2e-20	0.0546875	159.366
0.205	-2e-20	0.0569515	137.662
0.205	-2e-20	0.059081	131.082
0.205	-2e-20	0.061091	102.801
0.205	-2e-20	0.0629943	102.092
0.205	-2e-20	0.0648015	91.8766
0.205	-2e-20	0.0665219	78.0429
0.205	-2e-20	0.0681636	57.3362
0.205	-2e-20	0.0697333	43.7742
0.205	-2e-20	0.0712371	33.0114
0.205	-2e-20	0.0726803	23.9914
0.205	-2e-20	0.0740677	15.4468
0.205	-2e-20	0.0754033	9.20388
0.205	-2e-20	0.076691	4.85583
0.205	-2e-20	0.077934	2.28594
0.205	-2e-20	0.0791353	0.861047
0.205	-2e-20	0.0802976	0.215548
0.205	-2e-20	0.0814235	0.0156981
0.205	-2e-20	0.082515	0
0.205	0.0922185	0	0
0.205	0.0922185	0.00940204	104.096
0.205	0.0922185	0.016843	137.781
0.205	0.0922185	0.0230014	152.204
0.205	0.0922185	0.028255	160.512
0.205	0.0922185	0.032836	160.728
0.205	0.0922185	0.0368972	176.071
0.205	0.0922185	0.0405447	230.125
0.205	0.0922185	0.043855	219.81
0.205	0.0922185	0.0468852	214.204
0.205	0.0922185	0.049679	201.733
0.205	0.0922185	0.0522707	182.057
0.205	0.0922185	0.0546875	163.556
0.205	0.0922185	0.0569515	144.001
0.205	0.0922185	0.059081	138.827
0.205	0.0922185	0.061091	111.821
0.205	0.0922185	0.0629943	114.006
0.205	0.0922185	0.0648015	105.068
0.205	0.0922185	0.0665219	89.289
0.205	0.0922185	0.0681636	65.5702
0.205	0.0922185	0.0697333	49.5183
0.205	0.0922185	0.0712371	39.378
0.205	0.0922185	0.0726803	29.8102
0.205	0.0922185	0.0740677	19.366
0.205	0.0922185	0.0754033	12.1647
0.205	0.0922185	0.076691	6.61168
0.205	0.0922185	0.077934	2.99697
0.205	0.0922185	0.0791353	1.0624
0.205	0.0922185	0.0802976	0.245963
0.205	0.0922185	0.0814235	0.0154101
0.205	0.0922185	0.082515	0
0.205	0.172502	0	0
0.205	0.172502	0.00940204	104.326
0.205	0.172502	0.016843	138.472
0.205	0.172502	0.0230014	153.217
0.205	0.172502	0.028255	161.31
0.205	0.172502	0.032836	161.68
0.205	0.172502	0.0368972	174.112
0.205	0.172502	0.0405447	224.222
0.205	0.172502	0.043855	211.745
0.205	0.172502	0.0468852	208.047
0.205	0.172502	0.049679	198.367
0.205	0.172502	0.0522707	182.222
0.205	0.172502	0.0546875	165.051
0.205	0.172502	0.0569515	147.758
0.205	0.172502	0.059081	144.465
0.205	0.172502	0.061091	118.717
0.205	0.172502	0.0629943	125.001
0.205	0.172502	0.0648015	117.432
0.205	0.172502	0.0665219	100.839
0.205	0.172502	0.0681636	74.488
0.205	0.172502	0.0697333	55.4054
0.205	0.172502	0.0712371	45.8196
0.205	0.172502	0.0726803	35.6664
0.205	0.172502	0.0740677	23.8043
0.205	0.172502	0.0754033	15.8569
0.205	0.172502	0.076691	9.20454
0.205	0.172502	0.077934	4.38531
0.205	0.172502	0.0791353	1.63875
0.205	0.172502	0.0802976	0.400785
0.205	0.172502	0.0814235	0.0326635
0.205	0.172502	0.082515	0
0.205	0.243589	0	0
0.205	0.243589	0.00940204	104.507
0.205	0.243589	0.016843	139.178
0.205	0.243589	0.0230014	154.149
0.205	0.243589	0.028255	162.276
0.205	0.243589	0.032836	162.53
0.205	0.243589	0.0368972	172.075
0.205	0.243589	0.0405447	220.165
0.205	0.243589	0.043855	205.258
0.205	0.243589	0.0468852	200.819
0.205	0.243589	0.049679	194.932
0.205	0.243589	0.0522707	179.744
0.205	0.243589	0.0546875	165.511
0.205	0.243589	0.0569515	149.789
0.205	0.243589	0.059081	147.947
0.205	0.243589	0.061091	124.401
0.205	0.243589	0.0629943	133.853
0.205	0.243589	0.0648015	129.086
0.205	0.243589	0.0665219	111.9
0.205	0.243589	0.0681636	84.0678
0.205	0.243589	0.0697333	61.9222
0.205	0.243589	0.0712371	52.4366
0.205	0.243589	0.0726803	42.1877
0.205	0.243589	0.0740677	28.3811
0.205	0.243589	0.0754033	20.1032
0.205	0.243589	0.076691	12.3976
0.205	0.243589	0.077934	6.42968
0.205	0.243589	0.0791353	2.5472
0.205	0.243589	0.0802976	0.74046
0.205	0.243589	0.0814235	0.0918785
0.205	0.243589	0.082515	0
0.205	0.307372	0	0
0.205	0.307372	0.00940204	104.659
0.205	0.307372	0.016843	139.871
0.205	0.307372	0.0230014	155.124
0.205	0.307372	0.028255	163.382
0.205	0.307372	0.032836	163.366
0.205	0.307372	0.0368972	171.261
0.205	0.307372	0.0405447	216.526
0.205	0.307372	0.043855	199.902
0.205	0.307372	0.0468852	194.902
0.205	0.307372	0.049679	189.067
0.205	0.307372	0.0522707	177.373
0.205	0.307372	0.0546875	164.074
0.205	0.307372	0.0569515	150.242
0.205	0.307372	0.059081	150.376
0.205	0.307372	0.061091	128.118
0.205	0.307372	0.0629943	141.591
0.205	0.307372	0.0648015	139.027
0.205	0.307372	0.0665219	122.701
0.205	0.307372	0.0681636	93.2937
0.205	0.307372	0.0697333	69.2684
0.205	0.307372	0.0712371	59.852
0.205	0.307372	0.0726803	48.7189
0.205	0.307372	0.0740677	33.3032
0.205	0.307372	0.0754033	24.7449
0.205	0.307372	0.076691	16.088
0.205	0.307372	0.077934	8.65938
0.205	0.307372	0.0791353	3.56351
0.205	0.307372	0.0802976	1.07201
0.205	0.307372	0.0814235	0.135028
0.205	0.307372	0.082515	0
0.205	0.365212	0	0
0.205	0.365212	0.00940204	104.793
0.205	0.365212	0.016843	140.617
0.205	0.365212	0.0230014	155.973
0.205	0.365212	0.028255	164.44
0.205	0.365212	0.032836	164.425
0.205	0.365212	0.0368972	170.501
0.205	0.365212	0.0405447	212.61
0.205	0.365212	0.043855	196.752
0.205	0.365212	0.0468852	189.637
0.205	0.365212	0.049679	183.658
0.205	0.365212	0.0522707	173.361
0.205	0.365212	0.0546875	161.504
0.205	0.365212	0.0569515	149.805
0.205	0.365212	0.059081	151.159
0.205	0.365212	0.061091	130.446
0.205	0.365212	0.0629943	147.333
0.205	0.365212	0.0648015	147.576
0.205	0.365212	0.0665219	132.519
0.205	0.365212	0.0681636	102.403
0.205	0.365212	0.0697333	76.6594
0.205	0.365212	0.0712371	68.2389
0.205	0.365212	0.0726803	55.9863
0.205	0.365212	0.0740677	38.3914
0.205	0.365212	0.0754033	29.7731
0.205	0.365212	0.076691	20.0378
0.205	0.365212	0.077934	11.0467
0.205	0.365212	0.0791353	4.65237
0.205	0.365212	0.0802976	1.43099
0.205	0.365212	0.0814235	0.185811
0.205	0.365212	0.082515	0
0.205	0.418124	0	0
0.205	0.418124	0.00940204	104.861
0.205	0.418124	0.016843	141.332
0.205	0.418124	0.0230014	156.886
0.205	0.418124	0.028255	165.454
0.205	0.418124	0.032836	165.692
0.205	0.418124	0.0368972	169.984
0.205	0.418124	0.0405447	209.981
0.205	0.418124	0.043855	193.537
0.205	0.418124	0.0468852	185.807
0.205	0.418124	0.049679	178.877
0.205	0.418124	0.0522707	168.313
0.205	0.418124	0.0546875	159.05
0.205	0.418124	0.0569515	147.285
0.205	0.418124	0.059081	151.451
0.205	0.418124	0.061091	131.373
0.205	0.418124	0.0629943	151.019
0.205	0.418124	0.0648015	154.543
0.205	0.418124	0.0665219	140.858
0.205	0.418124	0.0681636	111.336
0.205	0.418124	0.0697333	84.1861
0.205	0.418124	0.0712371	76.6556
0.205	0.418124	0.0726803	64.2262
0.205	0.418124	0.0740677	43.9296
0.205	0.418124	0.0754033	35.0663
0.205	0.418124	0.076691	24.1299
0.205	0.418124	0.077934	13.5239
0.205	0.418124	0.0791353	5.76048
0.205	0.418124	0.0802976	1.79927
0.205	0.418124	0.0814235	0.243269
0.205	0.418124	0.082515	0
0.205	0.466881	0	0
0.205	0.466881	0.00940204	104.884
0.205	0.466881	0.016843	142.037
0.205	0.466881	0.0230014	157.883
0.205	0.466881	0.028255	166.674
0.205	0.466881	0.032836	167.135
0.205	0.466881	0.0368972	169.822
0.205	0.466881	0.0405447	207.274
0.205	0.466881	0.043855	190.192
0.205	0.466881	0.0468852	183.081
0.205	0.466881	0.049679	174.659
0.205	0.466881	0.0522707	164.769
0.205	0.466881	0.0546875	154.941
0.205	0.466881	0.0569515	145.602
0.205	0.466881	0.059081	150.232
0.205	0.466881	0.061091	131.644
0.205	0.466881	0.0629943	153.398
0.205	0.466881	0.0648015	159.304
0.205	0.466881	0.0665219	148.133
0.205	0.466881	0.0681636	118.969
0.205	0.466881	0.0697333	91.9312
0.205	0.466881	0.0712371	85.0983
0.205	0.466881	0.0726803	72.6329
0.205	0.466881	0.0740677	50.4432
0.205	0.466881	0.0754033	40.389
0.205	0.466881	0.076691	28.3085
0.205	0.466881	0.077934	15.9713
0.205	0.466881	0.0791353	6.83664
0.205	0.466881	0.0802976	2.14675
0.205	0.466881	0.0814235	0.289505
0.205	0.466881	0.082515	0
0.205	0.512089	0	0
0.205	0.512089	0.00940204	104.802
0.205	0.512089	0.016843	142.75
0.205	0.512089	0.0230014	158.935
0.205	0.512089	0.028255	167.806
0.205	0.512089	0.032836	168.528
0.205	0.512089	0.0368972	170.125
0.205	0.512089	0.0405447	204.625
0.205	0.512089	0.043855	188.149
0.205	0.512089	0.0468852	180.109
0.205	0.512089	0.049679	172.048
0.205	0.512089	0.0522707	160.913
0.205	0.512089	0.0546875	150.938
0.205	0.512089	0.0569515	142.869
0.205	0.512089	0.059081	148.25
0.205	0.512089	0.061091	131.112
0.205	0.512089	0.0629943	154.812
0.205	0.512089	0.0648015	162.933
0.205	0.512089	0.0665219	153.544
0.205	0.512089	0.0681636	125.955
0.205	0.512089	0.0697333	98.7867
0.205	0.512089	0.0712371	93.8585
0.205	0.512089	0.0726803	81.2092
0.205	0.512089	0.0740677	57.7251
0.205	0.512089	0.0754033	46.5172
0.205	0.512089	0.076691	32.4371
0.205	0.512089	0.077934	18.4724
0.205	0.512089	0.0791353	7.94268
0.205	0.512089	0.0802976	2.50788
0.205	0.512089	0.0814235	0.343624
0.205	0.512089	0.082515	0
0.205	0.55423	0	0
0.205	0.55423	0.00940204	104.676
0.205	0.55423	0.016843	143.453
0.205	0.55423	0.0230014	160.128
0.205	0.55423	0.028255	169.009
0.205	0.55423	0.032836	169.964
0.205	0.55423	0.0368972	170.722
0.205	0.55423	0.0405447	202.55
0.205	0.55423	0.043855	186.136
0.205	0.55423	0.0468852	177.217
0.205	0.55423	0.049679	169.794
0.205	0.55423	0.0522707	158.258
0.205	0.55423	0.0546875	148.111
0.205	0.55423	0.0569515	138.975
0.205	0.55423	0.059081	146.579
0.205	0.55423	0.061091	129.005
0.205	0.55423	0.0629943	154.975
0.205	0.55423	0.0648015	165.183
0.205	0.55423	0.0665219	157.368
0.205	0.55423	0.0681636	131.607
0.205	0.55423	0.0697333	105.047
0.205	0.55423	0.0712371	102.308
0.205	0.55423	0.0726803	90.118
0.205	0.55423	0.0740677	65.3621
0.205	0.55423	0.0754033	53.7935
0.205	0.55423	0.076691	36.7766
0.205	0.55423	0.077934	20.8907
0.205	0.55423	0.0791353	9.05183
0.205	0.55423	0.0802976	2.8821
0.205	0.55423	0.0814235	0.401016
0.205	0.55423	0.082515	0
0.205	0.593693	0	0
0.205	0.593693	0.00940204	104.476
0.205	0.593693	0.016843	144.071
0.205	0.593693	0.0230014	161.302
0.205	0.593693	0.028255	170.399
0.205	0.593693	0.032836	171.546
0.205	0.593693	0.0368972	171.827
0.205	0.593693	0.0405447	201.205
0.205	0.593693	0.043855	183.805
0.205	0.593693	0.0468852	175.554
0.205	0.593693	0.049679	167.259
0.205	0.593693	0.0522707	156.487
0.205	0.593693	0.0546875	145.114
0.205	0.593693	0.0569515	136.643
0.205	0.593693	0.059081	143.536
0.205	0.593693	0.061091	126.857
0.205	0.593693	0.0629943	153.423
0.205	0.593693	0.0648015	166.063
0.205	0.593693	0.0665219	159.852
0.205	0.593693	0.0681636	135.546
0.205	0.593693	0.0697333	110.536
0.205	0.593693	0.0712371	109.874
0.205	0.593693	0.0726803	99.388
0.205	0.593693	0.0740677	73.5335
0.205	0.593693	0.0754033	61.2107
0.205	0.593693	0.076691	41.9813
0.205	0.593693	0.077934	23.228
0.205	0.593693	0.0791353	10.0823
0.205	0.593693	0.0802976	3.23747
0.205	0.593693	0.0814235	0.451766
0.205	0.593693	0.082515	0
0.205	0.630798	0	0
0.205	0.630798	0.00940204	104.224
0.205	0.630798	0.016843	144.581
0.205	0.630798	0.0230014	162.428
0.205	0.630798	0.028255	171.941
0.205	0.630798	0.032836	172.969
0.205	0.630798	0.0368972	173.086
0.205	0.630798	0.0405447	199.738
0.205	0.630798	0.043855	181.943
0.205	0.630798	0.0468852	173.534
0.205	0.630798	0.049679	165.265
0.205	0.630798	0.0522707	154.809
0.205	0.630798	0.0546875	143.79
0.205	0.630798	0.0569515	134.18
0.205	0.630798	0.059081	140.223
0.205	0.630798	0.061091	124.136
0.205	0.630798	0.0629943	150.839
0.205	0.630798	0.0648015	165.764
0.205	0.630798	0.0665219	161.298
0.205	0.630798	0.0681636	138.214
0.205	0.630798	0.0697333	114.496
0.205	0.630798	0.0712371	117.018
0.205	0.630798	0.0726803	107.828
0.205	0.630798	0.0740677	82.2621
0.205	0.630798	0.0754033	69.0312
0.205	0.630798	0.076691	47.6728
0.205	0.630798	0.077934	25.8728
0.205	0.630798	0.0791353	11.0032
0.205	0.630798	0.0802976	3.56231
0.205	0.630798	0.0814235	0.504068
0.205	0.630798	0.082515	0
0.205	0.665812	0	0
0.205	0.665812	0.00940204	103.906
0.205	0.665812	0.016843	144.964
0.205	0.665812	0.0230014	163.519
0.205	0.665812	0.028255	173.575
0.205	0.665812	0.032836	174.531
0.205	0.665812	0.0368972	174.595
0.205	0.665812	0.0405447	198.816
0.205	0.665812	0.043855	181.234
0.205	0.665812	0.0468852	171.484
0.205	0.665812	0.049679	163.817
0.205	0.665812	0.0522707	152.648
0.205	0.665812	0.0546875	143.095
0.205	0.665812	0.0569515	132.193
0.205	0.665812	0.059081	138.212
0.205	0.665812	0.061091	120.328
0.205	0.665812	0.0629943	147.886
0.205	0.665812	0.0648015	163.512
0.205	0.665812	0.0665219	161.808
0.205	0.665812	0.0681636	140.201
0.205	0.665812	0.0697333	117.141
0.205	0.665812	0.0712371	122.89
0.205	0.665812	0.0726803	115.92
0.205	0.665812	0.0740677	90.8541
0.205	0.665812	0.0754033	77.2131
0.205	0.665812	0.076691	53.6025
0.205	0.665812	0.077934	29.3399
0.205	0.665812	0.0791353	11.861
0.205	0.665812	0.0802976	3.80202
0.205	0.665812	0.0814235	0.540483
0.205	0.665812	0.082515	0
0.205	0.698958	0	0
0.205	0.698958	0.00940204	103.564
0.205	0.698958	0.016843	145.231
0.205	0.698958	0.0230014	164.621
0.205	0.698958	0.028255	175.112
0.205	0.698958	0.032836	176.228
0.205	0.698958	0.0368972	176.134
0.205	0.698958	0.0405447	197.991
0.205	0.698958	0.043855	180.415
0.205	0.698958	0.0468852	169.822
0.205	0.698958	0.049679	162.054
0.205	0.698958	0.0522707	152.005
0.205	0.698958	0.0546875	142.161
0.205	0.698958	0.0569515	130.688
0.205	0.698958	0.059081	135.921
0.205	0.698958	0.061091	117.441
0.205	0.698958	0.0629943	143.71
0.205	0.698958	0.0648015	160.003
0.205	0.698958	0.0665219	160.252
0.205	0.698958	0.0681636	140.894
0.205	0.698958	0.0697333	118.959
0.205	0.698958	0.0712371	127.392
0.205	0.698958	0.0726803	123.241
0.205	0.698958	0.0740677	99.2075
0.205	0.698958	0.0754033	86.1622
0.205	0.698958	0.076691	59.9343
0.205	0.698958	0.077934	33.3194
0.205	0.698958	0.0791353	13.2278
0.205	0.698958	0.0802976	3.96469
0.205	0.698958	0.0814235	0.557056
0.205	0.698958	0.082515	0
0.205	0.730425	0	0
0.205	0.730425	0.00940204	103.203
0.205	0.730425	0.016843	145.51
0.205	0.730425	0.0230014	165.583
0.205	0.730425	0.028255	176.635
0.205	0.730425	0.032836	177.795
0.205	0.730425	0.0368972	177.662
0.205	0.730425	0.0405447	197.736
0.205	0.730425	0.043855	179.967
0.205	0.730425	0.0468852	168.986
0.205	0.730425	0.049679	159.954
0.205	0.730425	0.0522707	151.579
0.205	0.730425	0.0546875	141.158
0.205	0.730425	0.0569515	129.661
0.205	0.730425	0.059081	134.437
0.205	0.730425	0.061091	114.873
0.205	0.730425	0.0629943	138.408
0.205	0.730425	0.0648015	155.474
0.205	0.730425	0.0665219	157.093
0.205	0.730425	0.0681636	140.121
0.205	0.730425	0.0697333	119.823
0.205	0.730425	0.0712371	130.6
0.205	0.730425	0.0726803	129.277
0.205	0.730425	0.0740677	107.147
0.205	0.730425	0.0754033	94.6472
0.205	0.730425	0.076691	66.9304
0.205	0.730425	0.077934	37.9378
0.205	0.730425	0.0791353	15.6037
0.205	0.730425	0.0802976	4.17654
0.205	0.730425	0.0814235	0.573414
0.205	0.730425	0.082515	0
0.205	0.760374	0	0
0.205	0.760374	0.00940204	102.798
0.205	0.760374	0.016843	145.682
0.205	0.760374	0.0230014	166.612
0.205	0.760374	0.028255	178.229
0.205	0.760374	0.032836	179.409
0.205	0.760374	0.0368972	179.18
0.205	0.760374	0.0405447	197.957
0.205	0.760374	0.043855	179.867
0.205	0.760374	0.0468852	168.021
0.205	0.760374	0.049679	159.293
0.205	0.760374	0.0522707	150.805
0.205	0.760374	0.0546875	140.74
0.205	0.760374	0.0569515	128.169
0.205	0.760374	0.059081	133.38
0.205	0.760374	0.061091	112.732
0.205	0.760374	0.0629943	132.94
0.205	0.760374	0.0648015	149.609
0.205	0.760374	0.0665219	152.924
0.205	0.760374	0.0681636	137.553
0.205	0.760374	0.0697333	119.695
0.205	0.760374	0.0712371	133.251
0.205	0.760374	0.0726803	133.94
0.205	0.760374	0.0740677	114.061
0.205	0.760374	0.0754033	102.851
0.205	0.760374	0.076691	74.0442
0.205	0.760374	0.077934	43.3163
0.205	0.760374	0.0791353	18.7817
0.205	0.760374	0.0802976	4.92664
0.205	0.760374	0.0814235	0.591825
0.205	0.760374	0.082515	0
0.205	0.788947	0	0
0.205	0.788947	0.00940204	102.383
0.205	0.788947	0.016843	145.707
0.205	0.788947	0.0230014	167.777
0.205	0.788947	0.028255	179.725
0.205	0.788947	0.032836	181.052
0.205	0.788947	0.0368972	180.828
0.205	0.788947	0.0405447	198.263
0.205	0.788947	0.043855	180.182
0.205	0.788947	0.0468852	167.789
0.205	0.788947	0.049679	159.199
0.205	0.788947	0.0522707	149.887
0.205	0.788947	0.0546875	139.762
0.205	0.788947	0.0569515	127.258
0.205	0.788947	0.059081	132.75
0.205	0.788947	0.061091	111.033
0.205	0.788947	0.0629943	127.519
0.205	0.788947	0.0648015	142.489
0.205	0.788947	0.0665219	147.349
0.205	0.788947	0.0681636	133.327
0.205	0.788947	0.0697333	117.607
0.205	0.788947	0.0712371	135.177
0.205	0.788947	0.0726803	138.058
0.205	0.788947	0.0740677	119.679
0.205	0.788947	0.0754033	110.452
0.205	0.788947	0.076691	81.2335
0.205	0.788947	0.077934	49.586
0.205	0.788947	0.0791353	22.9074
0.205	0.788947	0.0802976	6.72094
0.205	0.788947	0.0814235	0.627839
0.205	0.788947	0.082515	0
0.205	0.816262	0	0
0.205	0.816262	0.00940204	101.962
0.205	0.816262	0.016843	145.56
0.205	0.816262	0.0230014	168.731
0.205	0.816262	0.028255	181.148
0.205	0.816262	0.032836	182.622
0.205	0.816262	0.0368972	182.61
0.205	0.816262	0.0405447	198.244
0.205	0.816262	0.043855	180.695
0.205	0.816262	0.0468852	168.595
0.205	0.816262	0.049679	158.672
0.205	0.816262	0.0522707	149.792
0.205	0.816262	0.0546875	138.316
0.205	0.816262	0.0569515	126.282
0.205	0.816262	0.059081	132.142
0.205	0.816262	0.061091	109.53
0.205	0.816262	0.0629943	122.609
0.205	0.816262	0.0648015	134.735
0.205	0.816262	0.0665219	139.858
0.205	0.816262	0.0681636	127.891
0.205	0.816262	0.0697333	113.569
0.205	0.816262	0.0712371	135.016
0.205	0.816262	0.0726803	141.339
0.205	0.816262	0.0740677	124.039
0.205	0.816262	0.0754033	116.89
0.205	0.816262	0.076691	88.3529
0.205	0.816262	0.077934	56.7337
0.205	0.816262	0.0791353	28.1935
0.205	0.816262	0.0802976	9.47698
0.205	0.816262	0.0814235	0.927063
0.205	0.816262	0.082515	0
0.205	0.842428	0	0
0.205	0.842428	0.00940204	101.517
0.205	0.842428	0.016843	145.298
0.205	0.842428	0.0230014	169.572
0.205	0.842428	0.028255	182.263
0.205	0.842428	0.032836	184.229
0.205	0.842428	0.0368972	185.014
0.205	0.842428	0.0405447	198.456
0.205	0.842428	0.043855	181.375
0.205	0.842428	0.0468852	169.868
0.205	0.842428	0.049679	159.112
0.205	0.842428	0.0522707	149.317
0.205	0.842428	0.0546875	137.168
0.205	0.842428	0.0569515	125.399
0.205	0.842428	0.059081	131.967
0.205	0.842428	0.061091	107.978
0.205	0.842428	0.0629943	117.879
0.205	0.842428	0.0648015	127.493
0.205	0.842428	0.0665219	131.199
0.205	0.842428	0.0681636	120.955
0.205	0.842428	0.0697333	108.538
0.205	0.842428	0.0712371	133.204
0.205	0.842428	0.0726803	143.162
0.205	0.842428	0.0740677	127.617
0.205	0.842428	0.0754033	121.777
0.205	0.842428	0.076691	95.0072
0.205	0.842428	0.077934	64.1278
0.205	0.842428	0.0791353	34.8246
0.205	0.842428	0.0802976	13.3769
0.205	0.842428	0.0814235	1.98327
0.205	0.842428	0.082515	0
0.205	0.867536	0	0
0.205	0.867536	0.00940204	101.078
0.205	0.867536	0.016843	144.924
0.205	0.867536	0.0230014	170.141
0.205	0.867536	0.028255	183.173
0.205	0.867536	0.032836	185.739
0.205	0.867536	0.0368972	187.19
0.205	0.867536	0.0405447	198.729
0.205	0.867536	0.043855	182.788
0.205	0.867536	0.0468852	171.082
0.205	0.867536	0.049679	159.709
0.205	0.867536	0.0522707	148.886
0.205	0.867536	0.0546875	136.427
0.205	0.867536	0.0569515	124.294
0.205	0.867536	0.059081	131.032
0.205	0.867536	0.061091	107.528
0.205	0.867536	0.0629943	113.632
0.205	0.867536	0.0648015	120.13
0.205	0.867536	0.0665219	123.525
0.205	0.867536	0.0681636	112.123
0.205	0.867536	0.0697333	102.645
0.205	0.867536	0.0712371	128.996
0.205	0.867536	0.0726803	142.915
0.205	0.867536	0.0740677	130.551
0.205	0.867536	0.0754033	125.831
0.205	0.867536	0.076691	100.498
0.205	0.867536	0.077934	71.7157
0.205	0.867536	0.0791353	42.5138
0.205	0.867536	0.0802976	18.6297
0.205	0.867536	0.0814235	3.93587
0.205	0.867536	0.082515	0
0.205	0.891668	0	0
0.205	0.891668	0.00940204	100.651
0.205	0.891668	0.016843	144.493
0.205	0.891668	0.0230014	170.5
0.205	0.891668	0.028255	183.867
0.205	0.891668	0.032836	187.67
0.205	0.891668	0.0368972	189.242
0.205	0.891668	0.0405447	199.217
0.205	0.891668	0.043855	184.428
0.205	0.891668	0.0468852	172.209
0.205	0.891668	0.049679	160.695
0.205	0.891668	0.0522707	148.713
0.205	0.891668	0.0546875	135.82
0.205	0.891668	0.0569515	123.473
0.205	0.891668	0.059081	129.75
0.205	0.891668	0.061091	106.562
0.205	0.891668	0.0629943	110.134
0.205	0.891668	0.0648015	113.717
0.205	0.891668	0.0665219	115.24
0.205	0.891668	0.0681636	104.015
0.205	0.891668	0.0697333	94.3926
0.205	0.891668	0.0712371	123.782
0.205	0.891668	0.0726803	139.571
0.205	0.891668	0.0740677	130.999
0.205	0.891668	0.0754033	129.689
0.205	0.891668	0.076691	104.996
0.205	0.891668	0.077934	78.6979
0.205	0.891668	0.0791353	51.0481
0.205	0.891668	0.0802976	25.5645
0.205	0.891668	0.0814235	6.54914
0.205	0.891668	0.082515	0
0.205	0.914898	0	0
0.205	0.914898	0.00940204	100.227
0.205	0.914898	0.016843	144.285
0.205	0.914898	0.0230014	170.65
0.205	0.914898	0.028255	184.517
0.205	0.914898	0.032836	189.762
0.205	0.914898	0.0368972	190.992
0.205	0.914898	0.0405447	200.209
0.205	0.914898	0.043855	185.972
0.205	0.914898	0.0468852	173.412
0.205	0.914898	0.049679	161.575
0.205	0.914898	0.0522707	149.213
0.205	0.914898	0.0546875	135.705
0.205	0.914898	0.0569515	122.213
0.205	0.914898	0.059081	128.809
0.205	0.914898	0.061091	104.859
0.205	0.914898	0.0629943	105.452
0.205	0.914898	0.0648015	107.907
0.205	0.914898	0.0665219	108.012
0.205	0.914898	0.0681636	95.5433
0.205	0.914898	0.0697333	86.2854
0.205	0.914898	0.0712371	115.572
0.205	0.914898	0.0726803	134.612
0.205	0.914898	0.0740677	128.115
0.205	0.914898	0.0754033	131.61
0.205	0.914898	0.076691	109.018
0.205	0.914898	0.077934	84.5581
0.205	0.914898	0.0791353	59.9329
0.205	0.914898	0.0802976	34.2497
0.205	0.914898	0.0814235	9.65589
0.205	0.914898	0.082515	0
0.205	0.937291	0	0
0.205	0.937291	0.00940204	99.7937
0.205	0.937291	0.016843	143.935
0.205	0.937291	0.0230014	170.529
0.205	0.937291	0.028255	185.367
0.205	0.937291	0.032836	191.642
0.205	0.937291	0.0368972	193.024
0.205	0.937291	0.0405447	201.122
0.205	0.937291	0.043855	187.412
0.205	0.937291	0.0468852	174.766
0.205	0.937291	0.049679	162.431
0.205	0.937291	0.0522707	149.811
0.205	0.937291	0.0546875	135.552
0.205	0.937291	0.0569515	121.441
0.205	0.937291	0.059081	127.143
0.205	0.937291	0.061091	103.173
0.205	0.937291	0.0629943	100.258
0.205	0.937291	0.0648015	100.528
0.205	0.937291	0.0665219	101.298
0.205	0.937291	0.0681636	87.9887
0.205	0.937291	0.0697333	78.2784
0.205	0.937291	0.0712371	105.077
0.205	0.937291	0.0726803	126.434
0.205	0.937291	0.0740677	122.055
0.205	0.937291	0.0754033	131.353
0.205	0.937291	0.076691	111.757
0.205	0.937291	0.077934	89.6248
0.205	0.937291	0.0791353	67.8981
0.205	0.937291	0.0802976	44.5953
0.205	0.937291	0.0814235	13.9159
0.205	0.937291	0.082515	0
0.205	0.958905	0	0
0.205	0.958905	0.00940204	99.3162
0.205	0.958905	0.016843	143.461
0.205	0.958905	0.0230014	170.146
0.205	0.958905	0.028255	186.112
0.205	0.958905	0.032836	193.169
0.205	0.958905	0.0368972	195.309
0.205	0.958905	0.0405447	202.076
0.205	0.958905	0.043855	188.65
0.205	0.958905	0.0468852	176.07
0.205	0.958905	0.049679	163.837
0.205	0.958905	0.0522707	150.321
0.205	0.958905	0.0546875	135.504
0.205	0.958905	0.0569515	120.972
0.205	0.958905	0.059081	125.078
0.205	0.958905	0.061091	101.062
0.205	0.958905	0.0629943	95.317
0.205	0.958905	0.0648015	92.6737
0.205	0.958905	0.0665219	93.4124
0.205	0.958905	0.0681636	80.6505
0.205	0.958905	0.0697333	71.0347
0.205	0.958905	0.0712371	95.0761
0.205	0.958905	0.0726803	113.576
0.205	0.958905	0.0740677	112.785
0.205	0.958905	0.0754033	126.483
0.205	0.958905	0.076691	113.465
0.205	0.958905	0.077934	93.4368
0.205	0.958905	0.0791353	75.1535
0.205	0.958905	0.0802976	55.7769
0.205	0.958905	0.0814235	19.6774
0.205	0.958905	0.082515	0
0.205	0.979792	0	0
0.205	0.979792	0.00940204	98.756
0.205	0.979792	0.016843	142.916
0.205	0.979792	0.0230014	169.732
0.205	0.979792	0.028255	186.756
0.205	0.979792	0.032836	194.595
0.205	0.979792	0.0368972	197.569
0.205	0.979792	0.0405447	203.117
0.205	0.979792	0.043855	189.975
0.205	0.979792	0.0468852	177.802
0.205	0.979792	0.049679	164.963
0.205	0.979792	0.0522707	150.7
0.205	0.979792	0.0546875	135.892
0.205	0.979792	0.0569515	120.504
0.205	0.979792	0.059081	123.072
0.205	0.979792	0.061091	98.6201
0.205	0.979792	0.0629943	89.5408
0.205	0.979792	0.0648015	84.3945
0.205	0.979792	0.0665219	85.1669
0.205	0.979792	0.0681636	72.4299
0.205	0.979792	0.0697333	64.3579
0.205	0.979792	0.0712371	84.7342
0.205	0.979792	0.0726803	101.774
0.205	0.979792	0.0740677	99.1178
0.205	0.979792	0.0754033	119.504
0.205	0.979792	0.076691	109.958
0.205	0.979792	0.077934	94.9606
0.205	0.979792	0.0791353	81.1267
0.205	0.979792	0.0802976	66.1357
0.205	0.979792	0.0814235	27.4871
0.205	0.979792	0.082515	0
0.205	1	0	0
0.205	1	0.00940204	98.4496
0.205	1	0.016843	142.061
0.205	1	0.0230014	168.8
0.205	1	0.028255	187.18
0.205	1	0.032836	196.104
0.205	1	0.0368972	199.254
0.205	1	0.0405447	203.652
0.205	1	0.043855	192.699
0.205	1	0.0468852	179.166
0.205	1	0.049679	165.789
0.205	1	0.0522707	151.379
0.205	1	0.0546875	135.727
0.205	1	0.0569515	120.099
0.205	1	0.059081	120.333
0.205	1	0.061091	95.8298
0.205	1	0.0629943	83.0236
0.205	1	0.0648015	75.3145
0.205	1	0.0665219	76.6117
0.205	1	0.0681636	63.7588
0.205	1	0.0697333	56.4973
0.205	1	0.0712371	74.0845
0.205	1	0.0726803	87.4327
0.205	1	0.0740677	82.6334
0.205	1	0.0754033	103.871
0.205	1	0.076691	101.922
0.205	1	0.077934	91.8041
0.205	1	0.0791353	83.5427
0.205	1	0.0802976	76.6307
0.205	1	0.0814235	35.9425
0.205	1	0.082515	0
