0.17	-1	0	0
0.17	-1	0.00608583	31.1366
0.17	-1	0.0109023	32.3769
0.17	-1	0.0148885	31.0808
0.17	-1	0.0182891	36.0353
0.17	-1	0.0212544	31.4598
0.17	-1	0.0238832	28.9557
0.17	-1	0.0262441	24.9133
0.17	-1	0.0283868	20.9878
0.17	-1	0.0303482	16.9998
0.17	-1	0.0321566	17.4964
0.17	-1	0.0338342	12.6671
0.17	-1	0.0353986	9.04196
0.17	-1	0.0368641	6.71273
0.17	-1	0.0382425	5.09833
0.17	-1	0.0395435	4.84663
0.17	-1	0.0407755	3.39618
0.17	-1	0.0419453	2.74849
0.17	-1	0.0430589	2.03715
0.17	-1	0.0441215	1.50634
0.17	-1	0.0451375	1.0496
0.17	-1	0.0461109	0.7248
0.17	-1	0.0470451	0.487027
0.17	-1	0.0479432	0.317244
0.17	-1	0.0488077	0.192093
0.17	-1	0.0496412	0.108986
0.17	-1	0.0504458	0.0542707
0.17	-1	0.0512234	0.0226451
0.17	-1	0.0519757	0.0065891
0.17	-1	0.0527045	0.000806508
0.17	-1	0.053411	0
0.17	-0.634788	0	0
0.17	-0.634788	0.00608583	35.0432
0.17	-0.634788	0.0109023	37.1413
0.17	-0.634788	0.0148885	36.2514
0.17	-0.634788	0.0182891	43.1031
0.17	-0.634788	0.0212544	38.5947
0.17	-0.634788	0.0238832	37.0888
0.17	-0.634788	0.0262441	34.0057
0.17	-0.634788	0.0283868	30.2709
0.17	-0.634788	0.0303482	25.8433
0.17	-0.634788	0.0321566	26.6231
0.17	-0.634788	0.0338342	19.8037
0.17	-0.634788	0.0353986	14.5021
0.17	-0.634788	0.0368641	10.7038
0.17	-0.634788	0.0382425	8.0865
0.17	-0.634788	0.0395435	7.40653
0.17	-0.634788	0.0407755	5.0767
0.17	-0.634788	0.0419453	4.0126
0.17	-0.634788	0.0430589	2.95617
0.17	-0.634788	0.0441215	2.21308
0.17	-0.634788	0.0451375	1.56703
0.17	-0.634788	0.0461109	1.10397
0.17	-0.634788	0.0470451	0.758598
0.17	-0.634788	0.0479432	0.500491
0.17	-0.634788	0.0488077	0.311661
0.17	-0.634788	0.0496412	0.178224
0.17	-0.634788	0.0504458	0.0906929
0.17	-0.634788	0.0512234	0.0380973
0.17	-0.634788	0.0519757	0.0113544
0.17	-0.634788	0.0527045	0.00137124
0.17	-0.634788	0.053411	0
0.17	-0.406307	0	0
0.17	-0.406307	0.00608583	38.1485
0.17	-0.406307	0.0109023	41.2226
0.17	-0.406307	0.0148885	40.5505
0.17	-0.406307	0.0182891	48.6474
0.17	-0.406307	0.0212544	43.181
0.17	-0.406307	0.0238832	42.2647
0.17	-0.406307	0.0262441	40.1528
0.17	-0.406307	0.0283868	37.3682
0.17	-0.406307	0.0303482	33.1954
0.17	-0.406307	0.0321566	35.0309
0.17	-0.406307	0.0338342	27.0738
0.17	-0.406307	0.0353986	20.2052
0.17	-0.406307	0.0368641	15.1305
0.17	-0.406307	0.0382425	11.4986
0.17	-0.406307	0.0395435	10.5305
0.17	-0.406307	0.0407755	7.45218
0.17	-0.406307	0.0419453	5.72931
0.17	-0.406307	0.0430589	4.02072
0.17	-0.406307	0.0441215	2.8555
0.17	-0.406307	0.0451375	1.97569
0.17	-0.406307	0.0461109	1.39195
0.17	-0.406307	0.0470451	0.962514
0.17	-0.406307	0.0479432	0.635401
0.17	-0.406307	0.0488077	0.397157
0.17	-0.406307	0.0496412	0.228387
0.17	-0.406307	0.0504458	0.116315
0.17	-0.406307	0.0512234	0.0489403
0.17	-0.406307	0.0519757	0.0143589
0.17	-0.406307	0.0527045	0.00174642
0.17	-0.406307	0.053411	0
0.17	-0.239626	0	0
0.17	-0.239626	0.00608583	40.6539
0.17	-0.239626	0.0109023	44.7104
0.17	-0.239626	0.0148885	44.1216
0.17	-0.239626	0.0182891	53.4806
0.17	-0.239626	0.0212544	47.1482
0.17	-0.239626	0.0238832	46.037
0.17	-0.239626	0.0262441	44.3068
0.17	-0.239626	0.0283868	42.4485
0.17	-0.239626	0.0303482	39.097
0.17	-0.239626	0.0321566	42.278
0.17	-0.239626	0.0338342	33.8006
0.17	-0.239626	0.0353986	26.1367
0.17	-0.239626	0.0368641	19.8338
0.17	-0.239626	0.0382425	15.2569
0.17	-0.239626	0.0395435	14.1233
0.17	-0.239626	0.0407755	10.4881
0.17	-0.239626	0.0419453	8.21657
0.17	-0.239626	0.0430589	5.83677
0.17	-0.239626	0.0441215	4.01399
0.17	-0.239626	0.0451375	2.59328
0.17	-0.239626	0.0461109	1.69813
0.17	-0.239626	0.0470451	1.13465
0.17	-0.239626	0.0479432	0.750034
0.17	-0.239626	0.0488077	0.467046
0.17	-0.239626	0.0496412	0.269645
0.17	-0.239626	0.0504458	0.136245
0.17	-0.239626	0.0512234	0.0575765
0.17	-0.239626	0.0519757	0.0168496
0.17	-0.239626	0.0527045	0.0020562
0.17	-0.239626	0.053411	0
0.17	-0.108332	0	0
0.17	-0.108332	0.00608583	42.8521
0.17	-0.108332	0.0109023	47.8426
0.17	-0.108332	0.0148885	47.3422
0.17	-0.108332	0.0182891	57.7236
0.17	-0.108332	0.0212544	50.8377
0.17	-0.108332	0.0238832	49.1474
0.17	-0.108332	0.0262441	47.3334
0.17	-0.108332	0.0283868	46.1508
0.17	-0.108332	0.0303482	43.6788
0.17	-0.108332	0.0321566	48.3381
0.17	-0.108332	0.0338342	39.6707
0.17	-0.108332	0.0353986	31.6292
0.17	-0.108332	0.0368641	24.6636
0.17	-0.108332	0.0382425	19.23
0.17	-0.108332	0.0395435	18.1196
0.17	-0.108332	0.0407755	14.0149
0.17	-0.108332	0.0419453	11.2596
0.17	-0.108332	0.0430589	8.26079
0.17	-0.108332	0.0441215	5.82776
0.17	-0.108332	0.0451375	3.798
0.17	-0.108332	0.0461109	2.35665
0.17	-0.108332	0.0470451	1.43559
0.17	-0.108332	0.0479432	0.884885
0.17	-0.108332	0.0488077	0.540127
0.17	-0.108332	0.0496412	0.312054
0.17	-0.108332	0.0504458	0.159497
0.17	-0.108332	0.0512234	0.0669308
0.17	-0.108332	0.0519757	0.0194338
0.17	-0.108332	0.0527045	0.00233845
0.17	-0.108332	0.053411	0
0.17	-2e-20	0	0
0.17	-2e-20	0.00608583	44.7891
0.17	-2e-20	0.0109023	50.6571
0.17	-2e-20	0.0148885	50.3605
0.17	-2e-20	0.0182891	61.6227
0.17	-2e-20	0.0212544	54.0204
0.17	-2e-20	0.0238832	51.864
0.17	-2e-20	0.0262441	49.7482
0.17	-2e-20	0.0283868	48.8967
0.17	-2e-20	0.0303482	47.06
0.17	-2e-20	0.0321566	53.3022
0.17	-2e-20	0.0338342	44.7672
0.17	-2e-20	0.0353986	36.5407
0.17	-2e-20	0.0368641	29.1792
0.17	-2e-20	0.0382425	23.2459
0.17	-2e-20	0.0395435	22.362
0.17	-2e-20	0.0407755	17.9175
0.17	-2e-20	0.0419453	14.8225
0.17	-2e-20	0.0430589	11.2197
0.17	-2e-20	0.0441215	8.08635
0.17	-2e-20	0.0451375	5.54403
0.17	-2e-20	0.0461109	3.57082
0.17	-2e-20	0.0470451	2.09336
0.17	-2e-20	0.0479432	1.16686
0.17	-2e-20	0.0488077	0.641439
0.17	-2e-20	0.0496412	0.354036
0.17	-2e-20	0.0504458	0.181749
0.17	-2e-20	0.0512234	0.0767733
0.17	-2e-20	0.0519757	0.0227991
0.17	-2e-20	0.0527045	0.00279052
0.17	-2e-20	0.053411	0
0.17	0.0922185	0	0
0.17	0.0922185	0.00608583	46.5911
0.17	0.0922185	0.0109023	53.2699
0.17	0.0922185	0.0148885	53.5097
0.17	0.0922185	0.0182891	65.1889
0.17	0.0922185	0.0212544	56.8589
0.17	0.0922185	0.0238832	54.284
0.17	0.0922185	0.0262441	51.8382
0.17	0.0922185	0.0283868	51.0665
0.17	0.0922185	0.0303482	49.4438
0.17	0.0922185	0.0321566	57.2807
0.17	0.0922185	0.0338342	49.0692
0.17	0.0922185	0.0353986	40.7658
0.17	0.0922185	0.0368641	33.2204
0.17	0.0922185	0.0382425	27.0141
0.17	0.0922185	0.0395435	26.6916
0.17	0.0922185	0.0407755	22.228
0.17	0.0922185	0.0419453	18.7282
0.17	0.0922185	0.0430589	14.5921
0.17	0.0922185	0.0441215	10.936
0.17	0.0922185	0.0451375	7.76037
0.17	0.0922185	0.0461109	5.23607
0.17	0.0922185	0.0470451	3.2454
0.17	0.0922185	0.0479432	1.83917
0.17	0.0922185	0.0488077	0.90598
0.17	0.0922185	0.0496412	0.435212
0.17	0.0922185	0.0504458	0.200868
0.17	0.0922185	0.0512234	0.0848711
0.17	0.0922185	0.0519757	0.0254408
0.17	0.0922185	0.0527045	0.00316032
0.17	0.0922185	0.053411	0
0.17	0.172502	0	0
0.17	0.172502	0.00608583	48.2529
0.17	0.172502	0.0109023	55.8717
0.17	0.172502	0.0148885	56.5211
0.17	0.172502	0.0182891	68.4386
0.17	0.172502	0.0212544	59.5072
0.17	0.172502	0.0238832	56.3895
0.17	0.172502	0.0262441	53.7818
0.17	0.172502	0.0283868	52.6225
0.17	0.172502	0.0303482	51.1452
0.17	0.172502	0.0321566	60.4129
0.17	0.172502	0.0338342	52.4059
0.17	0.172502	0.0353986	44.4557
0.17	0.172502	0.0368641	36.727
0.17	0.172502	0.0382425	30.4905
0.17	0.172502	0.0395435	30.8355
0.17	0.172502	0.0407755	26.6815
0.17	0.172502	0.0419453	23.1149
0.17	0.172502	0.0430589	18.3845
0.17	0.172502	0.0441215	14.075
0.17	0.172502	0.0451375	10.4725
0.17	0.172502	0.0461109	7.44332
0.17	0.172502	0.0470451	4.85433
0.17	0.172502	0.0479432	2.92765
0.17	0.172502	0.0488077	1.52169
0.17	0.172502	0.0496412	0.671188
0.17	0.172502	0.0504458	0.262143
0.17	0.172502	0.0512234	0.0923231
0.17	0.172502	0.0519757	0.0279321
0.17	0.172502	0.0527045	0.00362889
0.17	0.172502	0.053411	0
0.17	0.243589	0	0
0.17	0.243589	0.00608583	49.8306
0.17	0.243589	0.0109023	58.3983
0.17	0.243589	0.0148885	59.3726
0.17	0.243589	0.0182891	71.4734
0.17	0.243589	0.0212544	62.0164
0.17	0.243589	0.0238832	58.5567
0.17	0.243589	0.0262441	55.4073
0.17	0.243589	0.0283868	54.1361
0.17	0.243589	0.0303482	52.5352
0.17	0.243589	0.0321566	62.7117
0.17	0.243589	0.0338342	54.99
0.17	0.243589	0.0353986	47.2931
0.17	0.243589	0.0368641	39.8582
0.17	0.243589	0.0382425	33.5024
0.17	0.243589	0.0395435	34.773
0.17	0.243589	0.0407755	31.0604
0.17	0.243589	0.0419453	27.7003
0.17	0.243589	0.0430589	22.6365
0.17	0.243589	0.0441215	17.6847
0.17	0.243589	0.0451375	13.4992
0.17	0.243589	0.0461109	10.023
0.17	0.243589	0.0470451	6.92604
0.17	0.243589	0.0479432	4.4425
0.17	0.243589	0.0488077	2.57507
0.17	0.243589	0.0496412	1.20055
0.17	0.243589	0.0504458	0.451029
0.17	0.243589	0.0512234	0.131517
0.17	0.243589	0.0519757	0.0303559
0.17	0.243589	0.0527045	0.0039498
0.17	0.243589	0.053411	0
0.17	0.307372	0	0
0.17	0.307372	0.00608583	51.4
0.17	0.307372	0.0109023	60.7923
0.17	0.307372	0.0148885	62.1101
0.17	0.307372	0.0182891	74.3282
0.17	0.307372	0.0212544	64.3502
0.17	0.307372	0.0238832	60.5567
0.17	0.307372	0.0262441	56.7163
0.17	0.307372	0.0283868	55.2231
0.17	0.307372	0.0303482	53.4915
0.17	0.307372	0.0321566	64.6322
0.17	0.307372	0.0338342	56.7478
0.17	0.307372	0.0353986	49.4487
0.17	0.307372	0.0368641	42.3321
0.17	0.307372	0.0382425	36.1563
0.17	0.307372	0.0395435	38.3357
0.17	0.307372	0.0407755	35.2987
0.17	0.307372	0.0419453	32.3236
0.17	0.307372	0.0430589	27.1461
0.17	0.307372	0.0441215	21.703
0.17	0.307372	0.0451375	17.0375
0.17	0.307372	0.0461109	13.0721
0.17	0.307372	0.0470451	9.33162
0.17	0.307372	0.0479432	6.4232
0.17	0.307372	0.0488077	4.02747
0.17	0.307372	0.0496412	2.0805
0.17	0.307372	0.0504458	0.894611
0.17	0.307372	0.0512234	0.273398
0.17	0.307372	0.0519757	0.0494755
0.17	0.307372	0.0527045	0.00421541
0.17	0.307372	0.053411	0
0.17	0.365212	0	0
0.17	0.365212	0.00608583	52.8854
0.17	0.365212	0.0109023	63.0936
0.17	0.365212	0.0148885	64.6544
0.17	0.365212	0.0182891	77.0335
0.17	0.365212	0.0212544	66.8497
0.17	0.365212	0.0238832	62.457
0.17	0.365212	0.0262441	58.0642
0.17	0.365212	0.0283868	56.2056
0.17	0.365212	0.0303482	54.5192
0.17	0.365212	0.0321566	66.0469
0.17	0.365212	0.0338342	58.1522
0.17	0.365212	0.0353986	50.9401
0.17	0.365212	0.0368641	44.1391
0.17	0.365212	0.0382425	38.3672
0.17	0.365212	0.0395435	41.5295
0.17	0.365212	0.0407755	39.2726
0.17	0.365212	0.0419453	36.8302
0.17	0.365212	0.0430589	31.7952
0.17	0.365212	0.0441215	26.0346
0.17	0.365212	0.0451375	20.9529
0.17	0.365212	0.0461109	16.5991
0.17	0.365212	0.0470451	12.2702
0.17	0.365212	0.0479432	8.80373
0.17	0.365212	0.0488077	5.89898
0.17	0.365212	0.0496412	3.37385
0.17	0.365212	0.0504458	1.64705
0.17	0.365212	0.0512234	0.604633
0.17	0.365212	0.0519757	0.137305
0.17	0.365212	0.0527045	0.0091468
0.17	0.365212	0.053411	0
0.17	0.418124	0	0
0.17	0.418124	0.00608583	54.299
0.17	0.418124	0.0109023	65.3009
0.17	0.418124	0.0148885	67.1205
0.17	0.418124	0.0182891	79.5764
0.17	0.418124	0.0212544	69.2585
0.17	0.418124	0.0238832	64.1793
0.17	0.418124	0.0262441	59.3278
0.17	0.418124	0.0283868	56.9109
0.17	0.418124	0.0303482	55.0203
0.17	0.418124	0.0321566	67.5877
0.17	0.418124	0.0338342	59.0822
0.17	0.418124	0.0353986	51.9247
0.17	0.418124	0.0368641	45.4437
0.17	0.418124	0.0382425	39.9761
0.17	0.418124	0.0395435	44.3601
0.17	0.418124	0.0407755	42.8519
0.17	0.418124	0.0419453	41.155
0.17	0.418124	0.0430589	36.3598
0.17	0.418124	0.0441215	30.5739
0.17	0.418124	0.0451375	25.2765
0.17	0.418124	0.0461109	20.514
0.17	0.418124	0.0470451	15.599
0.17	0.418124	0.0479432	11.6672
0.17	0.418124	0.0488077	8.22003
0.17	0.418124	0.0496412	5.09168
0.17	0.418124	0.0504458	2.74239
0.17	0.418124	0.0512234	1.17902
0.17	0.418124	0.0519757	0.357431
0.17	0.418124	0.0527045	0.0479595
0.17	0.418124	0.053411	0
0.17	0.466881	0	0
0.17	0.466881	0.00608583	55.6356
0.17	0.466881	0.0109023	67.4382
0.17	0.466881	0.0148885	69.5271
0.17	0.466881	0.0182891	82.0288
0.17	0.466881	0.0212544	71.6046
0.17	0.466881	0.0238832	65.9511
0.17	0.466881	0.0262441	60.5122
0.17	0.466881	0.0283868	57.7941
0.17	0.466881	0.0303482	55.363
0.17	0.466881	0.0321566	68.8409
0.17	0.466881	0.0338342	59.7463
0.17	0.466881	0.0353986	52.4954
0.17	0.466881	0.0368641	46.1206
0.17	0.466881	0.0382425	41.0884
0.17	0.466881	0.0395435	46.667
0.17	0.466881	0.0407755	46.0927
0.17	0.466881	0.0419453	45.1744
0.17	0.466881	0.0430589	40.7729
0.17	0.466881	0.0441215	35.0985
0.17	0.466881	0.0451375	29.8775
0.17	0.466881	0.0461109	24.9672
0.17	0.466881	0.0470451	19.3442
0.17	0.466881	0.0479432	14.9552
0.17	0.466881	0.0488077	10.9886
0.17	0.466881	0.0496412	7.19255
0.17	0.466881	0.0504458	4.19519
0.17	0.466881	0.0512234	1.9557
0.17	0.466881	0.0519757	0.671
0.17	0.466881	0.0527045	0.107868
0.17	0.466881	0.053411	0
0.17	0.512089	0	0
0.17	0.512089	0.00608583	56.9073
0.17	0.512089	0.0109023	69.491
0.17	0.512089	0.0148885	71.869
0.17	0.512089	0.0182891	84.3905
0.17	0.512089	0.0212544	73.9023
0.17	0.512089	0.0238832	67.7847
0.17	0.512089	0.0262441	61.6231
0.17	0.512089	0.0283868	58.4684
0.17	0.512089	0.0303482	55.5304
0.17	0.512089	0.0321566	69.5919
0.17	0.512089	0.0338342	60.4672
0.17	0.512089	0.0353986	52.6742
0.17	0.512089	0.0368641	46.6132
0.17	0.512089	0.0382425	41.706
0.17	0.512089	0.0395435	48.3717
0.17	0.512089	0.0407755	48.9
0.17	0.512089	0.0419453	48.8037
0.17	0.512089	0.0430589	45.0194
0.17	0.512089	0.0441215	39.4831
0.17	0.512089	0.0451375	34.5904
0.17	0.512089	0.0461109	29.7615
0.17	0.512089	0.0470451	23.6538
0.17	0.512089	0.0479432	18.699
0.17	0.512089	0.0488077	14.2435
0.17	0.512089	0.0496412	9.74363
0.17	0.512089	0.0504458	5.96797
0.17	0.512089	0.0512234	2.89392
0.17	0.512089	0.0519757	1.04067
0.17	0.512089	0.0527045	0.173765
0.17	0.512089	0.053411	0
0.17	0.55423	0	0
0.17	0.55423	0.00608583	58.1248
0.17	0.55423	0.0109023	71.4234
0.17	0.55423	0.0148885	74.155
0.17	0.55423	0.0182891	86.5361
0.17	0.55423	0.0212544	76.1033
0.17	0.55423	0.0238832	69.583
0.17	0.55423	0.0262441	62.7515
0.17	0.55423	0.0283868	58.9945
0.17	0.55423	0.0303482	56.0148
0.17	0.55423	0.0321566	70.1658
0.17	0.55423	0.0338342	60.7848
0.17	0.55423	0.0353986	52.9832
0.17	0.55423	0.0368641	46.6274
0.17	0.55423	0.0382425	42.1201
0.17	0.55423	0.0395435	49.565
0.17	0.55423	0.0407755	51.1004
0.17	0.55423	0.0419453	52.0995
0.17	0.55423	0.0430589	48.8704
0.17	0.55423	0.0441215	43.774
0.17	0.55423	0.0451375	39.2057
0.17	0.55423	0.0461109	34.8112
0.17	0.55423	0.0470451	28.3938
0.17	0.55423	0.0479432	23.0288
0.17	0.55423	0.0488077	17.9491
0.17	0.55423	0.0496412	12.7479
0.17	0.55423	0.0504458	8.01721
0.17	0.55423	0.0512234	3.96766
0.17	0.55423	0.0519757	1.40606
0.17	0.55423	0.0527045	0.221254
0.17	0.55423	0.053411	0
0.17	0.593693	0	0
0.17	0.593693	0.00608583	59.2869
0.17	0.593693	0.0109023	73.3066
0.17	0.593693	0.0148885	76.3871
0.17	0.593693	0.0182891	88.5669
0.17	0.593693	0.0212544	78.2522
0.17	0.593693	0.0238832	71.5784
0.17	0.593693	0.0262441	63.9911
0.17	0.593693	0.0283868	59.5073
0.17	0.593693	0.0303482	56.1091
0.17	0.593693	0.0321566	70.8033
0.17	0.593693	0.0338342	60.6493
0.17	0.593693	0.0353986	53.0717
0.17	0.593693	0.0368641	46.6106
0.17	0.593693	0.0382425	42.0778
0.17	0.593693	0.0395435	50.3176
0.17	0.593693	0.0407755	52.6369
0.17	0.593693	0.0419453	54.8908
0.17	0.593693	0.0430589	52.4347
0.17	0.593693	0.0441215	47.7997
0.17	0.593693	0.0451375	43.7763
0.17	0.593693	0.0461109	39.9056
0.17	0.593693	0.0470451	33.4628
0.17	0.593693	0.0479432	27.8994
0.17	0.593693	0.0488077	22.2487
0.17	0.593693	0.0496412	16.1831
0.17	0.593693	0.0504458	10.3492
0.17	0.593693	0.0512234	5.21188
0.17	0.593693	0.0519757	1.84547
0.17	0.593693	0.0527045	0.285983
0.17	0.593693	0.053411	0
0.17	0.630798	0	0
0.17	0.630798	0.00608583	60.402
0.17	0.630798	0.0109023	75.1406
0.17	0.630798	0.0148885	78.7201
0.17	0.630798	0.0182891	90.5972
0.17	0.630798	0.0212544	80.3282
0.17	0.630798	0.0238832	73.5764
0.17	0.630798	0.0262441	65.1447
0.17	0.630798	0.0283868	60.0962
0.17	0.630798	0.0303482	55.9825
0.17	0.630798	0.0321566	71.7076
0.17	0.630798	0.0338342	60.2698
0.17	0.630798	0.0353986	52.6293
0.17	0.630798	0.0368641	46.5456
0.17	0.630798	0.0382425	41.7897
0.17	0.630798	0.0395435	50.7697
0.17	0.630798	0.0407755	53.5095
0.17	0.630798	0.0419453	56.9435
0.17	0.630798	0.0430589	55.5956
0.17	0.630798	0.0441215	51.5041
0.17	0.630798	0.0451375	48.2671
0.17	0.630798	0.0461109	45.0333
0.17	0.630798	0.0470451	38.7373
0.17	0.630798	0.0479432	33.2395
0.17	0.630798	0.0488077	27.1564
0.17	0.630798	0.0496412	20.0862
0.17	0.630798	0.0504458	13.065
0.17	0.630798	0.0512234	6.61464
0.17	0.630798	0.0519757	2.35479
0.17	0.630798	0.0527045	0.36535
0.17	0.630798	0.053411	0
0.17	0.665812	0	0
0.17	0.665812	0.00608583	61.4741
0.17	0.665812	0.0109023	76.9282
0.17	0.665812	0.0148885	81.0211
0.17	0.665812	0.0182891	92.5488
0.17	0.665812	0.0212544	82.4228
0.17	0.665812	0.0238832	75.4855
0.17	0.665812	0.0262441	66.4024
0.17	0.665812	0.0283868	60.872
0.17	0.665812	0.0303482	55.8494
0.17	0.665812	0.0321566	72.21
0.17	0.665812	0.0338342	60.35
0.17	0.665812	0.0353986	51.8766
0.17	0.665812	0.0368641	46.1864
0.17	0.665812	0.0382425	41.6204
0.17	0.665812	0.0395435	50.5375
0.17	0.665812	0.0407755	54.2001
0.17	0.665812	0.0419453	58.2668
0.17	0.665812	0.0430589	58.1072
0.17	0.665812	0.0441215	54.879
0.17	0.665812	0.0451375	52.4074
0.17	0.665812	0.0461109	50.2137
0.17	0.665812	0.0470451	44.1065
0.17	0.665812	0.0479432	38.9704
0.17	0.665812	0.0488077	32.6849
0.17	0.665812	0.0496412	24.5334
0.17	0.665812	0.0504458	16.0628
0.17	0.665812	0.0512234	8.21275
0.17	0.665812	0.0519757	2.92474
0.17	0.665812	0.0527045	0.469963
0.17	0.665812	0.053411	0
0.17	0.698958	0	0
0.17	0.698958	0.00608583	62.5025
0.17	0.698958	0.0109023	78.6521
0.17	0.698958	0.0148885	83.2591
0.17	0.698958	0.0182891	94.4103
0.17	0.698958	0.0212544	84.5124
0.17	0.698958	0.0238832	77.5192
0.17	0.698958	0.0262441	67.9169
0.17	0.698958	0.0283868	61.5118
0.17	0.698958	0.0303482	55.8241
0.17	0.698958	0.0321566	72.4931
0.17	0.698958	0.0338342	60.3976
0.17	0.698958	0.0353986	50.8333
0.17	0.698958	0.0368641	45.348
0.17	0.698958	0.0382425	41.3196
0.17	0.698958	0.0395435	50.5053
0.17	0.698958	0.0407755	54.0067
0.17	0.698958	0.0419453	59.1655
0.17	0.698958	0.0430589	59.7981
0.17	0.698958	0.0441215	57.7785
0.17	0.698958	0.0451375	56.3255
0.17	0.698958	0.0461109	55.1951
0.17	0.698958	0.0470451	49.5152
0.17	0.698958	0.0479432	44.9208
0.17	0.698958	0.0488077	38.7374
0.17	0.698958	0.0496412	29.547
0.17	0.698958	0.0504458	19.4545
0.17	0.698958	0.0512234	9.92634
0.17	0.698958	0.0519757	3.54183
0.17	0.698958	0.0527045	0.572063
0.17	0.698958	0.053411	0
0.17	0.730425	0	0
0.17	0.730425	0.00608583	63.4864
0.17	0.730425	0.0109023	80.3361
0.17	0.730425	0.0148885	85.4736
0.17	0.730425	0.0182891	96.1736
0.17	0.730425	0.0212544	86.6523
0.17	0.730425	0.0238832	79.4995
0.17	0.730425	0.0262441	69.4106
0.17	0.730425	0.0283868	62.1007
0.17	0.730425	0.0303482	56.0174
0.17	0.730425	0.0321566	72.7942
0.17	0.730425	0.0338342	60.0018
0.17	0.730425	0.0353986	50.6622
0.17	0.730425	0.0368641	44.2742
0.17	0.730425	0.0382425	40.5746
0.17	0.730425	0.0395435	50.2117
0.17	0.730425	0.0407755	53.5488
0.17	0.730425	0.0419453	59.329
0.17	0.730425	0.0430589	60.7863
0.17	0.730425	0.0441215	59.8476
0.17	0.730425	0.0451375	59.8414
0.17	0.730425	0.0461109	59.9596
0.17	0.730425	0.0470451	54.9812
0.17	0.730425	0.0479432	51.0091
0.17	0.730425	0.0488077	45.1536
0.17	0.730425	0.0496412	35.0833
0.17	0.730425	0.0504458	23.2722
0.17	0.730425	0.0512234	11.817
0.17	0.730425	0.0519757	4.19573
0.17	0.730425	0.0527045	0.654819
0.17	0.730425	0.053411	0
0.17	0.760374	0	0
0.17	0.760374	0.00608583	64.4288
0.17	0.760374	0.0109023	81.9642
0.17	0.760374	0.0148885	87.6562
0.17	0.760374	0.0182891	98.0661
0.17	0.760374	0.0212544	88.7505
0.17	0.760374	0.0238832	81.4767
0.17	0.760374	0.0262441	71.0347
0.17	0.760374	0.0283868	63.0561
0.17	0.760374	0.0303482	56.0401
0.17	0.760374	0.0321566	73.3621
0.17	0.760374	0.0338342	59.3993
0.17	0.760374	0.0353986	50.0518
0.17	0.760374	0.0368641	43.3705
0.17	0.760374	0.0382425	39.4038
0.17	0.760374	0.0395435	49.5822
0.17	0.760374	0.0407755	52.9522
0.17	0.760374	0.0419453	58.7074
0.17	0.760374	0.0430589	61.2786
0.17	0.760374	0.0441215	60.9858
0.17	0.760374	0.0451375	62.6978
0.17	0.760374	0.0461109	64.4377
0.17	0.760374	0.0470451	60.2142
0.17	0.760374	0.0479432	57.2874
0.17	0.760374	0.0488077	51.8538
0.17	0.760374	0.0496412	41.1535
0.17	0.760374	0.0504458	27.5528
0.17	0.760374	0.0512234	14.0089
0.17	0.760374	0.0519757	4.96927
0.17	0.760374	0.0527045	0.786012
0.17	0.760374	0.053411	0
0.17	0.788947	0	0
0.17	0.788947	0.00608583	65.3239
0.17	0.788947	0.0109023	83.5882
0.17	0.788947	0.0148885	89.7173
0.17	0.788947	0.0182891	99.8736
0.17	0.788947	0.0212544	90.7364
0.17	0.788947	0.0238832	83.4177
0.17	0.788947	0.0262441	72.6668
0.17	0.788947	0.0283868	63.9967
0.17	0.788947	0.0303482	56.0566
0.17	0.788947	0.0321566	74.0931
0.17	0.788947	0.0338342	58.7715
0.17	0.788947	0.0353986	49.0326
0.17	0.788947	0.0368641	42.7958
0.17	0.788947	0.0382425	38.0559
0.17	0.788947	0.0395435	48.5595
0.17	0.788947	0.0407755	51.9759
0.17	0.788947	0.0419453	58.2673
0.17	0.788947	0.0430589	60.7434
0.17	0.788947	0.0441215	61.7477
0.17	0.788947	0.0451375	64.5575
0.17	0.788947	0.0461109	68.457
0.17	0.788947	0.0470451	65.3191
0.17	0.788947	0.0479432	63.5648
0.17	0.788947	0.0488077	58.6652
0.17	0.788947	0.0496412	47.5083
0.17	0.788947	0.0504458	32.3677
0.17	0.788947	0.0512234	16.4962
0.17	0.788947	0.0519757	5.83842
0.17	0.788947	0.0527045	0.941155
0.17	0.788947	0.053411	0
0.17	0.816262	0	0
0.17	0.816262	0.00608583	66.1627
0.17	0.816262	0.0109023	85.2325
0.17	0.816262	0.0148885	91.6975
0.17	0.816262	0.0182891	101.578
0.17	0.816262	0.0212544	92.6655
0.17	0.816262	0.0238832	85.2832
0.17	0.816262	0.0262441	74.2575
0.17	0.816262	0.0283868	65.1119
0.17	0.816262	0.0303482	56.5494
0.17	0.816262	0.0321566	74.4484
0.17	0.816262	0.0338342	58.6324
0.17	0.816262	0.0353986	47.891
0.17	0.816262	0.0368641	41.7627
0.17	0.816262	0.0382425	37.4035
0.17	0.816262	0.0395435	47.3172
0.17	0.816262	0.0407755	50.5906
0.17	0.816262	0.0419453	57.1139
0.17	0.816262	0.0430589	60.3053
0.17	0.816262	0.0441215	61.3295
0.17	0.816262	0.0451375	65.6905
0.17	0.816262	0.0461109	71.5588
0.17	0.816262	0.0470451	70.0552
0.17	0.816262	0.0479432	69.8239
0.17	0.816262	0.0488077	65.78
0.17	0.816262	0.0496412	54.2178
0.17	0.816262	0.0504458	37.4806
0.17	0.816262	0.0512234	19.2754
0.17	0.816262	0.0519757	6.77882
0.17	0.816262	0.0527045	1.08139
0.17	0.816262	0.053411	0
0.17	0.842428	0	0
0.17	0.842428	0.00608583	66.9703
0.17	0.842428	0.0109023	86.8298
0.17	0.842428	0.0148885	93.7009
0.17	0.842428	0.0182891	103.5
0.17	0.842428	0.0212544	94.5778
0.17	0.842428	0.0238832	87.1259
0.17	0.842428	0.0262441	75.7912
0.17	0.842428	0.0283868	66.3578
0.17	0.842428	0.0303482	57.0088
0.17	0.842428	0.0321566	74.8993
0.17	0.842428	0.0338342	58.4643
0.17	0.842428	0.0353986	46.8408
0.17	0.842428	0.0368641	40.3667
0.17	0.842428	0.0382425	36.4684
0.17	0.842428	0.0395435	46.0765
0.17	0.842428	0.0407755	48.8093
0.17	0.842428	0.0419453	55.5373
0.17	0.842428	0.0430589	58.9978
0.17	0.842428	0.0441215	61.0125
0.17	0.842428	0.0451375	65.7635
0.17	0.842428	0.0461109	73.6544
0.17	0.842428	0.0470451	74.1407
0.17	0.842428	0.0479432	75.8316
0.17	0.842428	0.0488077	72.971
0.17	0.842428	0.0496412	61.1626
0.17	0.842428	0.0504458	42.9042
0.17	0.842428	0.0512234	22.365
0.17	0.842428	0.0519757	7.87757
0.17	0.842428	0.0527045	1.24552
0.17	0.842428	0.053411	0
0.17	0.867536	0	0
0.17	0.867536	0.00608583	67.7513
0.17	0.867536	0.0109023	88.3723
0.17	0.867536	0.0148885	95.7324
0.17	0.867536	0.0182891	105.504
0.17	0.867536	0.0212544	96.4524
0.17	0.867536	0.0238832	88.9789
0.17	0.867536	0.0262441	77.2513
0.17	0.867536	0.0283868	67.5374
0.17	0.867536	0.0303482	57.7742
0.17	0.867536	0.0321566	75.7419
0.17	0.867536	0.0338342	57.9409
0.17	0.867536	0.0353986	46.0974
0.17	0.867536	0.0368641	39.0326
0.17	0.867536	0.0382425	35.0247
0.17	0.867536	0.0395435	45.1242
0.17	0.867536	0.0407755	46.7918
0.17	0.867536	0.0419453	53.6413
0.17	0.867536	0.0430589	57.2032
0.17	0.867536	0.0441215	59.8603
0.17	0.867536	0.0451375	65.8439
0.17	0.867536	0.0461109	74.793
0.17	0.867536	0.0470451	77.1036
0.17	0.867536	0.0479432	81.4849
0.17	0.867536	0.0488077	80.2255
0.17	0.867536	0.0496412	68.2175
0.17	0.867536	0.0504458	48.4772
0.17	0.867536	0.0512234	25.6696
0.17	0.867536	0.0519757	9.11142
0.17	0.867536	0.0527045	1.43183
0.17	0.867536	0.053411	0
0.17	0.891668	0	0
0.17	0.891668	0.00608583	68.4874
0.17	0.891668	0.0109023	89.8584
0.17	0.891668	0.0148885	97.7589
0.17	0.891668	0.0182891	107.385
0.17	0.891668	0.0212544	98.4095
0.17	0.891668	0.0238832	90.7303
0.17	0.891668	0.0262441	78.6534
0.17	0.891668	0.0283868	68.6488
0.17	0.891668	0.0303482	58.5543
0.17	0.891668	0.0321566	76.421
0.17	0.891668	0.0338342	57.7515
0.17	0.891668	0.0353986	45.1677
0.17	0.891668	0.0368641	37.8448
0.17	0.891668	0.0382425	33.5087
0.17	0.891668	0.0395435	43.5787
0.17	0.891668	0.0407755	44.8652
0.17	0.891668	0.0419453	51.5563
0.17	0.891668	0.0430589	55.2453
0.17	0.891668	0.0441215	57.9441
0.17	0.891668	0.0451375	64.8057
0.17	0.891668	0.0461109	75.6158
0.17	0.891668	0.0470451	79.0041
0.17	0.891668	0.0479432	86.1382
0.17	0.891668	0.0488077	87.2536
0.17	0.891668	0.0496412	75.5079
0.17	0.891668	0.0504458	54.1254
0.17	0.891668	0.0512234	29.0804
0.17	0.891668	0.0519757	10.4679
0.17	0.891668	0.0527045	1.6128
0.17	0.891668	0.053411	0
0.17	0.914898	0	0
0.17	0.914898	0.00608583	69.1877
0.17	0.914898	0.0109023	91.2847
0.17	0.914898	0.0148885	99.7754
0.17	0.914898	0.0182891	109.14
0.17	0.914898	0.0212544	100.348
0.17	0.914898	0.0238832	92.5019
0.17	0.914898	0.0262441	80.0642
0.17	0.914898	0.0283868	69.7103
0.17	0.914898	0.0303482	59.3185
0.17	0.914898	0.0321566	77.0682
0.17	0.914898	0.0338342	57.7118
0.17	0.914898	0.0353986	44.164
0.17	0.914898	0.0368641	36.6948
0.17	0.914898	0.0382425	32.0376
0.17	0.914898	0.0395435	41.7452
0.17	0.914898	0.0407755	42.4873
0.17	0.914898	0.0419453	48.809
0.17	0.914898	0.0430589	52.9805
0.17	0.914898	0.0441215	55.7008
0.17	0.914898	0.0451375	62.9378
0.17	0.914898	0.0461109	74.7629
0.17	0.914898	0.0470451	80.3771
0.17	0.914898	0.0479432	89.7664
0.17	0.914898	0.0488077	93.6394
0.17	0.914898	0.0496412	82.7638
0.17	0.914898	0.0504458	59.9972
0.17	0.914898	0.0512234	32.4546
0.17	0.914898	0.0519757	11.951
0.17	0.914898	0.0527045	1.84373
0.17	0.914898	0.053411	0
0.17	0.937291	0	0
0.17	0.937291	0.00608583	69.8475
0.17	0.937291	0.0109023	92.723
0.17	0.937291	0.0148885	101.75
0.17	0.937291	0.0182891	110.83
0.17	0.937291	0.0212544	102.248
0.17	0.937291	0.0238832	94.3511
0.17	0.937291	0.0262441	81.4285
0.17	0.937291	0.0283868	70.7468
0.17	0.937291	0.0303482	60.0221
0.17	0.937291	0.0321566	77.4783
0.17	0.937291	0.0338342	57.7063
0.17	0.937291	0.0353986	43.5882
0.17	0.937291	0.0368641	35.3209
0.17	0.937291	0.0382425	30.5493
0.17	0.937291	0.0395435	39.9161
0.17	0.937291	0.0407755	39.5298
0.17	0.937291	0.0419453	46.0025
0.17	0.937291	0.0430589	49.765
0.17	0.937291	0.0441215	53.4267
0.17	0.937291	0.0451375	60.2233
0.17	0.937291	0.0461109	73.4042
0.17	0.937291	0.0470451	79.8627
0.17	0.937291	0.0479432	92.3422
0.17	0.937291	0.0488077	99.1438
0.17	0.937291	0.0496412	89.5046
0.17	0.937291	0.0504458	65.9801
0.17	0.937291	0.0512234	35.9784
0.17	0.937291	0.0519757	13.594
0.17	0.937291	0.0527045	2.18516
0.17	0.937291	0.053411	0
0.17	0.958905	0	0
0.17	0.958905	0.00608583	70.4655
0.17	0.958905	0.0109023	94.1796
0.17	0.958905	0.0148885	103.652
0.17	0.958905	0.0182891	112.447
0.17	0.958905	0.0212544	104.132
0.17	0.958905	0.0238832	96.1504
0.17	0.958905	0.0262441	82.888
0.17	0.958905	0.0283868	71.726
0.17	0.958905	0.0303482	60.6613
0.17	0.958905	0.0321566	77.5161
0.17	0.958905	0.0338342	57.7635
0.17	0.958905	0.0353986	43.0842
0.17	0.958905	0.0368641	34.3384
0.17	0.958905	0.0382425	28.9972
0.17	0.958905	0.0395435	38.2068
0.17	0.958905	0.0407755	36.4224
0.17	0.958905	0.0419453	42.3788
0.17	0.958905	0.0430589	46.1831
0.17	0.958905	0.0441215	49.833
0.17	0.958905	0.0451375	57.7609
0.17	0.958905	0.0461109	70.877
0.17	0.958905	0.0470451	78.9274
0.17	0.958905	0.0479432	93.1886
0.17	0.958905	0.0488077	103.149
0.17	0.958905	0.0496412	95.6811
0.17	0.958905	0.0504458	71.8022
0.17	0.958905	0.0512234	39.8062
0.17	0.958905	0.0519757	15.3579
0.17	0.958905	0.0527045	2.69218
0.17	0.958905	0.053411	0
0.17	0.979792	0	0
0.17	0.979792	0.00608583	71.0914
0.17	0.979792	0.0109023	95.6468
0.17	0.979792	0.0148885	105.658
0.17	0.979792	0.0182891	113.981
0.17	0.979792	0.0212544	105.914
0.17	0.979792	0.0238832	97.9575
0.17	0.979792	0.0262441	84.352
0.17	0.979792	0.0283868	72.807
0.17	0.979792	0.0303482	61.3729
0.17	0.979792	0.0321566	77.5841
0.17	0.979792	0.0338342	57.6678
0.17	0.979792	0.0353986	42.7587
0.17	0.979792	0.0368641	33.4349
0.17	0.979792	0.0382425	27.6063
0.17	0.979792	0.0395435	36.288
0.17	0.979792	0.0407755	33.0326
0.17	0.979792	0.0419453	38.3485
0.17	0.979792	0.0430589	41.8437
0.17	0.979792	0.0441215	45.8033
0.17	0.979792	0.0451375	53.7442
0.17	0.979792	0.0461109	67.3846
0.17	0.979792	0.0470451	77.0022
0.17	0.979792	0.0479432	93.1112
0.17	0.979792	0.0488077	105.461
0.17	0.979792	0.0496412	100.703
0.17	0.979792	0.0504458	76.8905
0.17	0.979792	0.0512234	43.715
0.17	0.979792	0.0519757	17.3617
0.17	0.979792	0.0527045	3.35947
0.17	0.979792	0.053411	0
0.17	1	0	0
0.17	1	0.00608583	71.6706
0.17	1	0.0109023	97.1158
0.17	1	0.0148885	107.764
0.17	1	0.0182891	115.745
0.17	1	0.0212544	107.872
0.17	1	0.0238832	99.6812
0.17	1	0.0262441	85.8678
0.17	1	0.0283868	74.0623
0.17	1	0.0303482	62.277
0.17	1	0.0321566	78.3007
0.17	1	0.0338342	57.6704
0.17	1	0.0353986	42.393
0.17	1	0.0368641	32.8718
0.17	1	0.0382425	26.6046
0.17	1	0.0395435	34.2783
0.17	1	0.0407755	29.6892
0.17	1	0.0419453	34.3685
0.17	1	0.0430589	37.1474
0.17	1	0.0441215	40.1949
0.17	1	0.0451375	47.4176
0.17	1	0.0461109	63.2614
0.17	1	0.0470451	72.6467
0.17	1	0.0479432	91.4404
0.17	1	0.0488077	105.692
0.17	1	0.0496412	103.77
0.17	1	0.0504458	82.1955
0.17	1	0.0512234	46.8617
0.17	1	0.0519757	19.7168
0.17	1	0.0527045	4.14655
0.17	1	0.053411	0
