                 7.5              0.9798              5.9995          45390.8337
          7.50000000              0.9798              6.1702          45827.8572
          7.50000000              0.9798              6.3053          35740.7989
          7.50000000              0.9798              6.4171          32311.9440
          7.50000000              0.9798              6.5125          26652.4628
          7.50000000              0.9798              6.5957          20643.3287
          7.50000000              0.9798              6.6694          17238.1686
          7.50000000              0.9798              6.7356          12694.0367
          7.50000000              0.9798              6.7957          11047.4313
          7.50000000              0.9798              6.8507           8185.6817
          7.50000000              0.9798              6.9014           5275.0589
          7.50000000              0.9798              6.9485           3117.6702
          7.50000000              0.9798              6.9924           1854.8902
          7.50000000              0.9798              7.0335           1003.2716
          7.50000000              0.9798              7.0721            477.8669
          7.50000000              0.9798              7.1086            194.6242
          7.50000000              0.9798              7.1432             54.3096
          7.50000000              0.9798              7.1760              4.9326
          7.50000000              0.9798              7.2072              0.0001
          7.50000000              0.9798              7.2370              0.0000
          7.50000000              0.9798              7.2655              0.0000
          7.50000000              0.9798              7.2928              0.0000
          7.50000000              0.9798              7.3191              0.0000
          7.50000000              0.9798              7.3442              0.0000
          7.50000000              0.9798              7.3685              0.0000
          7.50000000              0.9798              7.3919              0.0000
          7.50000000              0.9798              7.4144              0.0000
          7.50000000              0.9798              7.4362              0.0000
          7.50000000              0.9798              7.4573              0.0000
          7.50000000              0.9798              7.4778              0.0000
          7.50000000              0.9798              7.4976              0.0000
          7.50000000              0.9835              5.9995          48689.5272
          7.50000000              0.9835              6.1702          61978.1329
          7.50000000              0.9835              6.3053          70553.6820
          7.50000000              0.9835              6.4171          70791.1762
          7.50000000              0.9835              6.5125          50437.8601
          7.50000000              0.9835              6.5957          52028.2483
          7.50000000              0.9835              6.6694          36882.5700
          7.50000000              0.9835              6.7356          28774.5030
          7.50000000              0.9835              6.7957          25389.6940
          7.50000000              0.9835              6.8507          22090.1868
          7.50000000              0.9835              6.9014          19418.1900
          7.50000000              0.9835              6.9485          14032.9137
          7.50000000              0.9835              6.9924           9632.7744
          7.50000000              0.9835              7.0335           6324.7569
          7.50000000              0.9835              7.0721           3787.4227
          7.50000000              0.9835              7.1086           2192.7072
          7.50000000              0.9835              7.1432           1251.3462
          7.50000000              0.9835              7.1760            594.9649
          7.50000000              0.9835              7.2072            219.5187
          7.50000000              0.9835              7.2370             60.4847
          7.50000000              0.9835              7.2655              3.7421
          7.50000000              0.9835              7.2928              0.0000
          7.50000000              0.9835              7.3191              0.0000
          7.50000000              0.9835              7.3442              0.0000
          7.50000000              0.9835              7.3685              0.0000
          7.50000000              0.9835              7.3919              0.0000
          7.50000000              0.9835              7.4144              0.0000
          7.50000000              0.9835              7.4362              0.0000
          7.50000000              0.9835              7.4573              0.0000
          7.50000000              0.9835              7.4778              0.0000
          7.50000000              0.9835              7.4976              0.0000
          7.50000000              0.9858              5.9995          55775.4651
          7.50000000              0.9858              6.1702          72416.7645
          7.50000000              0.9858              6.3053          93462.4250
          7.50000000              0.9858              6.4171         107028.7057
          7.50000000              0.9858              6.5125          94538.5639
          7.50000000              0.9858              6.5957          76223.6067
          7.50000000              0.9858              6.6694          62463.5060
          7.50000000              0.9858              6.7356          50241.2994
          7.50000000              0.9858              6.7957          40864.4153
          7.50000000              0.9858              6.8507          39517.1616
          7.50000000              0.9858              6.9014          36659.1929
          7.50000000              0.9858              6.9485          27850.9885
          7.50000000              0.9858              6.9924          23824.0930
          7.50000000              0.9858              7.0335          18114.4212
          7.50000000              0.9858              7.0721          12287.3647
          7.50000000              0.9858              7.1086           8028.3128
          7.50000000              0.9858              7.1432           4883.4300
          7.50000000              0.9858              7.1760           2639.9431
          7.50000000              0.9858              7.2072           1491.1740
          7.50000000              0.9858              7.2370            737.8590
          7.50000000              0.9858              7.2655            318.1200
          7.50000000              0.9858              7.2928             76.6458
          7.50000000              0.9858              7.3191              8.8449
          7.50000000              0.9858              7.3442              0.0000
          7.50000000              0.9858              7.3685              0.0000
          7.50000000              0.9858              7.3919              0.0000
          7.50000000              0.9858              7.4144              0.0000
          7.50000000              0.9858              7.4362              0.0000
          7.50000000              0.9858              7.4573              0.0000
          7.50000000              0.9858              7.4778              0.0000
          7.50000000              0.9858              7.4976              0.0000
          7.50000000              0.9875              5.9995          67591.4380
          7.50000000              0.9875              6.1702          81257.2487
          7.50000000              0.9875              6.3053         105547.5157
          7.50000000              0.9875              6.4171         124756.1399
          7.50000000              0.9875              6.5125         131407.6286
          7.50000000              0.9875              6.5957         118492.4342
          7.50000000              0.9875              6.6694         100686.8489
          7.50000000              0.9875              6.7356          81216.0481
          7.50000000              0.9875              6.7957          59867.2211
          7.50000000              0.9875              6.8507          55590.0415
          7.50000000              0.9875              6.9014          57919.6704
          7.50000000              0.9875              6.9485          44027.8456
          7.50000000              0.9875              6.9924          39649.7092
          7.50000000              0.9875              7.0335          33920.5787
          7.50000000              0.9875              7.0721          27430.1343
          7.50000000              0.9875              7.1086          18795.4198
          7.50000000              0.9875              7.1432          12053.3817
          7.50000000              0.9875              7.1760           7756.4508
          7.50000000              0.9875              7.2072           4707.6135
          7.50000000              0.9875              7.2370           2586.7862
          7.50000000              0.9875              7.2655           1422.0522
          7.50000000              0.9875              7.2928            608.8793
          7.50000000              0.9875              7.3191            240.7967
          7.50000000              0.9875              7.3442             51.9639
          7.50000000              0.9875              7.3685              1.3043
          7.50000000              0.9875              7.3919              0.0000
          7.50000000              0.9875              7.4144              0.0000
          7.50000000              0.9875              7.4362              0.0000
          7.50000000              0.9875              7.4573              0.0000
          7.50000000              0.9875              7.4778              0.0000
          7.50000000              0.9875              7.4976              0.0000
          7.50000000              0.9888              5.9995          80739.8149
          7.50000000              0.9888              6.1702          90839.6339
          7.50000000              0.9888              6.3053         110284.1892
          7.50000000              0.9888              6.4171         133717.5581
          7.50000000              0.9888              6.5125         151538.9136
          7.50000000              0.9888              6.5957         166781.5029
          7.50000000              0.9888              6.6694         148184.7848
          7.50000000              0.9888              6.7356         127509.6043
          7.50000000              0.9888              6.7957          91883.2071
          7.50000000              0.9888              6.8507          84606.0485
          7.50000000              0.9888              6.9014          72907.2845
          7.50000000              0.9888              6.9485          65459.3088
          7.50000000              0.9888              6.9924          57560.2362
          7.50000000              0.9888              7.0335          52118.4435
          7.50000000              0.9888              7.0721          43081.0989
          7.50000000              0.9888              7.1086          36855.2437
          7.50000000              0.9888              7.1432          26302.7158
          7.50000000              0.9888              7.1760          16453.2130
          7.50000000              0.9888              7.2072          10577.0784
          7.50000000              0.9888              7.2370           6507.7711
          7.50000000              0.9888              7.2655           3714.9125
          7.50000000              0.9888              7.2928           1986.3747
          7.50000000              0.9888              7.3191           1003.4647
          7.50000000              0.9888              7.3442            378.7574
          7.50000000              0.9888              7.3685            119.4868
          7.50000000              0.9888              7.3919             10.5292
          7.50000000              0.9888              7.4144              0.0000
          7.50000000              0.9888              7.4362              0.0000
          7.50000000              0.9888              7.4573              0.0000
          7.50000000              0.9888              7.4778              0.0000
          7.50000000              0.9888              7.4976              0.0000
          7.50000000              0.9899              5.9995          95777.4086
          7.50000000              0.9899              6.1702          98668.0832
          7.50000000              0.9899              6.3053         116705.1588
          7.50000000              0.9899              6.4171         140672.8408
          7.50000000              0.9899              6.5125         167268.3117
          7.50000000              0.9899              6.5957         195915.0793
          7.50000000              0.9899              6.6694         207268.0034
          7.50000000              0.9899              6.7356         173132.2399
          7.50000000              0.9899              6.7957         148190.2750
          7.50000000              0.9899              6.8507         108674.9340
          7.50000000              0.9899              6.9014         112743.0941
          7.50000000              0.9899              6.9485          89819.6138
          7.50000000              0.9899              6.9924          80526.2784
          7.50000000              0.9899              7.0335          75750.8022
          7.50000000              0.9899              7.0721          61817.3130
          7.50000000              0.9899              7.1086          54038.6386
          7.50000000              0.9899              7.1432          45276.1418
          7.50000000              0.9899              7.1760          33399.0998
          7.50000000              0.9899              7.2072          21804.9154
          7.50000000              0.9899              7.2370          13600.1127
          7.50000000              0.9899              7.2655           8084.1662
          7.50000000              0.9899              7.2928           4660.8023
          7.50000000              0.9899              7.3191           2451.5404
          7.50000000              0.9899              7.3442           1250.0466
          7.50000000              0.9899              7.3685            524.7165
          7.50000000              0.9899              7.3919            144.2096
          7.50000000              0.9899              7.4144             12.6540
          7.50000000              0.9899              7.4362              0.0000
          7.50000000              0.9899              7.4573              0.0000
          7.50000000              0.9899              7.4778              0.0000
          7.50000000              0.9899              7.4976              0.0000
          7.50000000              0.9908              5.9995         109907.3971
          7.50000000              0.9908              6.1702         109614.6456
          7.50000000              0.9908              6.3053         122253.0747
          7.50000000              0.9908              6.4171         144660.9528
          7.50000000              0.9908              6.5125         178807.3982
          7.50000000              0.9908              6.5957         215215.6554
          7.50000000              0.9908              6.6694         251158.6907
          7.50000000              0.9908              6.7356         234709.6024
          7.50000000              0.9908              6.7957         198485.8693
          7.50000000              0.9908              6.8507         168222.1640
          7.50000000              0.9908              6.9014         142595.0963
          7.50000000              0.9908              6.9485         123923.5330
          7.50000000              0.9908              6.9924         111456.4795
          7.50000000              0.9908              7.0335          99232.0429
          7.50000000              0.9908              7.0721          90054.4732
          7.50000000              0.9908              7.1086          73359.0563
          7.50000000              0.9908              7.1432          68574.5049
          7.50000000              0.9908              7.1760          53674.1084
          7.50000000              0.9908              7.2072          40874.1171
          7.50000000              0.9908              7.2370          26547.1189
          7.50000000              0.9908              7.2655          15752.5643
          7.50000000              0.9908              7.2928           9309.4142
          7.50000000              0.9908              7.3191           5213.8760
          7.50000000              0.9908              7.3442           2818.6490
          7.50000000              0.9908              7.3685           1397.5028
          7.50000000              0.9908              7.3919            550.6465
          7.50000000              0.9908              7.4144            132.5743
          7.50000000              0.9908              7.4362              7.2740
          7.50000000              0.9908              7.4573              0.0000
          7.50000000              0.9908              7.4778              0.0000
          7.50000000              0.9908              7.4976              0.0000
          7.50000000              0.9916              5.9995         121934.4378
          7.50000000              0.9916              6.1702         122746.3878
          7.50000000              0.9916              6.3053         126455.2187
          7.50000000              0.9916              6.4171         152335.0609
          7.50000000              0.9916              6.5125         182345.2468
          7.50000000              0.9916              6.5957         232317.8132
          7.50000000              0.9916              6.6694         274772.5311
          7.50000000              0.9916              6.7356         300304.6515
          7.50000000              0.9916              6.7957         271363.4501
          7.50000000              0.9916              6.8507         227528.4500
          7.50000000              0.9916              6.9014         200487.2650
          7.50000000              0.9916              6.9485         159317.2956
          7.50000000              0.9916              6.9924         147224.4870
          7.50000000              0.9916              7.0335         132118.8958
          7.50000000              0.9916              7.0721         117307.1372
          7.50000000              0.9916              7.1086         106943.5579
          7.50000000              0.9916              7.1432         104001.2165
          7.50000000              0.9916              7.1760          77841.1188
          7.50000000              0.9916              7.2072          62714.7103
          7.50000000              0.9916              7.2370          47186.9207
          7.50000000              0.9916              7.2655          29739.5715
          7.50000000              0.9916              7.2928          17081.8550
          7.50000000              0.9916              7.3191          10148.8564
          7.50000000              0.9916              7.3442           5460.9193
          7.50000000              0.9916              7.3685           2887.7322
          7.50000000              0.9916              7.3919           1373.6083
          7.50000000              0.9916              7.4144            487.4781
          7.50000000              0.9916              7.4362            101.1928
          7.50000000              0.9916              7.4573              1.2081
          7.50000000              0.9916              7.4778              0.0000
          7.50000000              0.9916              7.4976              0.0000
          7.50000000              0.9924              5.9995         132787.7342
          7.50000000              0.9924              6.1702         135415.2597
          7.50000000              0.9924              6.3053         136621.8967
          7.50000000              0.9924              6.4171         159441.1088
          7.50000000              0.9924              6.5125         187203.2781
          7.50000000              0.9924              6.5957         244870.1230
          7.50000000              0.9924              6.6694         298402.1896
          7.50000000              0.9924              6.7356         330823.0653
          7.50000000              0.9924              6.7957         350543.9907
          7.50000000              0.9924              6.8507         304222.1595
          7.50000000              0.9924              6.9014         272275.0367
          7.50000000              0.9924              6.9485         212437.5885
          7.50000000              0.9924              6.9924         187457.6703
          7.50000000              0.9924              7.0335         171150.4733
          7.50000000              0.9924              7.0721         149217.1080
          7.50000000              0.9924              7.1086         139472.7668
          7.50000000              0.9924              7.1432         159863.0914
          7.50000000              0.9924              7.1760         111898.7297
          7.50000000              0.9924              7.2072          88719.2655
          7.50000000              0.9924              7.2370          70516.5201
          7.50000000              0.9924              7.2655          51802.7783
          7.50000000              0.9924              7.2928          31439.5880
          7.50000000              0.9924              7.3191          17481.7499
          7.50000000              0.9924              7.3442          10256.2112
          7.50000000              0.9924              7.3685           5448.8544
          7.50000000              0.9924              7.3919           2713.3146
          7.50000000              0.9924              7.4144           1165.6579
          7.50000000              0.9924              7.4362            374.0934
          7.50000000              0.9924              7.4573             44.5756
          7.50000000              0.9924              7.4778              0.0000
          7.50000000              0.9924              7.4976              0.0000
          7.50000000              0.9930              5.9995         141207.5523
          7.50000000              0.9930              6.1702         148033.2723
          7.50000000              0.9930              6.3053         147394.0332
          7.50000000              0.9930              6.4171         165139.3004
          7.50000000              0.9930              6.5125         192170.9707
          7.50000000              0.9930              6.5957         251948.5620
          7.50000000              0.9930              6.6694         318863.9895
          7.50000000              0.9930              6.7356         362532.2169
          7.50000000              0.9930              6.7957         395354.4151
          7.50000000              0.9930              6.8507         383596.9550
          7.50000000              0.9930              6.9014         340506.8542
          7.50000000              0.9930              6.9485         291938.7208
          7.50000000              0.9930              6.9924         238502.4786
          7.50000000              0.9930              7.0335         214860.9845
          7.50000000              0.9930              7.0721         185410.3738
          7.50000000              0.9930              7.1086         169426.2806
          7.50000000              0.9930              7.1432         215397.5885
          7.50000000              0.9930              7.1760         169169.9147
          7.50000000              0.9930              7.2072         125037.1897
          7.50000000              0.9930              7.2370          98341.2922
          7.50000000              0.9930              7.2655          77473.7561
          7.50000000              0.9930              7.2928          54998.7518
          7.50000000              0.9930              7.3191          31903.4922
          7.50000000              0.9930              7.3442          17233.9533
          7.50000000              0.9930              7.3685           9858.7891
          7.50000000              0.9930              7.3919           4958.3757
          7.50000000              0.9930              7.4144           2280.6623
          7.50000000              0.9930              7.4362            890.2744
          7.50000000              0.9930              7.4573            201.8155
          7.50000000              0.9930              7.4778              5.1551
          7.50000000              0.9930              7.4976              0.0000
          7.50000000              0.9936              5.9995         153441.2522
          7.50000000              0.9936              6.1702         159196.1201
          7.50000000              0.9936              6.3053         160369.6457
          7.50000000              0.9936              6.4171         173711.4698
          7.50000000              0.9936              6.5125         196681.9189
          7.50000000              0.9936              6.5957         257349.2001
          7.50000000              0.9936              6.6694         335805.2060
          7.50000000              0.9936              6.7356         389636.3218
          7.50000000              0.9936              6.7957         436505.6867
          7.50000000              0.9936              6.8507         449120.9390
          7.50000000              0.9936              6.9014         426945.6003
          7.50000000              0.9936              6.9485         361841.5081
          7.50000000              0.9936              6.9924         313346.5832
          7.50000000              0.9936              7.0335         268218.1289
          7.50000000              0.9936              7.0721         227754.8045
          7.50000000              0.9936              7.1086         200453.9320
          7.50000000              0.9936              7.1432         262784.3747
          7.50000000              0.9936              7.1760         227229.5790
          7.50000000              0.9936              7.2072         185100.5107
          7.50000000              0.9936              7.2370         140092.3673
          7.50000000              0.9936              7.2655         108099.0043
          7.50000000              0.9936              7.2928          84674.7729
          7.50000000              0.9936              7.3191          56636.9698
          7.50000000              0.9936              7.3442          30967.3384
          7.50000000              0.9936              7.3685          16327.3329
          7.50000000              0.9936              7.3919           8732.2324
          7.50000000              0.9936              7.4144           4101.7882
          7.50000000              0.9936              7.4362           1722.5044
          7.50000000              0.9936              7.4573            544.0481
          7.50000000              0.9936              7.4778             59.7565
          7.50000000              0.9936              7.4976              0.0000
          7.50000000              0.9941              5.9995         163304.9438
          7.50000000              0.9941              6.1702         167887.7079
          7.50000000              0.9941              6.3053         174623.9540
          7.50000000              0.9941              6.4171         182832.4652
          7.50000000              0.9941              6.5125         200912.5770
          7.50000000              0.9941              6.5957         260335.3777
          7.50000000              0.9941              6.6694         345382.7435
          7.50000000              0.9941              6.7356         413287.3201
          7.50000000              0.9941              6.7957         474161.5600
          7.50000000              0.9941              6.8507         504219.8296
          7.50000000              0.9941              6.9014         507627.8549
          7.50000000              0.9941              6.9485         454666.1484
          7.50000000              0.9941              6.9924         386181.4479
          7.50000000              0.9941              7.0335         339834.3357
          7.50000000              0.9941              7.0721         284899.3794
          7.50000000              0.9941              7.1086         243255.9950
          7.50000000              0.9941              7.1432         309616.0321
          7.50000000              0.9941              7.1760         279418.9185
          7.50000000              0.9941              7.2072         251178.7058
          7.50000000              0.9941              7.2370         202397.2533
          7.50000000              0.9941              7.2655         155170.2258
          7.50000000              0.9941              7.2928         120197.7610
          7.50000000              0.9941              7.3191          89536.7738
          7.50000000              0.9941              7.3442          55426.8346
          7.50000000              0.9941              7.3685          28007.4729
          7.50000000              0.9941              7.3919          14191.3031
          7.50000000              0.9941              7.4144           6999.6428
          7.50000000              0.9941              7.4362           2948.9548
          7.50000000              0.9941              7.4573           1019.2552
          7.50000000              0.9941              7.4778            181.0403
          7.50000000              0.9941              7.4976              0.0000
          7.50000000              0.9946              5.9995         174390.1611
          7.50000000              0.9946              6.1702         181459.1841
          7.50000000              0.9946              6.3053         187831.4722
          7.50000000              0.9946              6.4171         194106.1222
          7.50000000              0.9946              6.5125         206629.5626
          7.50000000              0.9946              6.5957         261700.4314
          7.50000000              0.9946              6.6694         349129.1487
          7.50000000              0.9946              6.7356         432137.3086
          7.50000000              0.9946              6.7957         504646.1536
          7.50000000              0.9946              6.8507         554228.1759
          7.50000000              0.9946              6.9014         578599.1094
          7.50000000              0.9946              6.9485         554335.9925
          7.50000000              0.9946              6.9924         472076.1556
          7.50000000              0.9946              7.0335         407435.3699
          7.50000000              0.9946              7.0721         357389.8541
          7.50000000              0.9946              7.1086         300133.6313
          7.50000000              0.9946              7.1432         360357.8586
          7.50000000              0.9946              7.1760         328605.3840
          7.50000000              0.9946              7.2072         315450.7653
          7.50000000              0.9946              7.2370         278649.6091
          7.50000000              0.9946              7.2655         222882.3919
          7.50000000              0.9946              7.2928         172338.1907
          7.50000000              0.9946              7.3191         128725.7120
          7.50000000              0.9946              7.3442          90007.9562
          7.50000000              0.9946              7.3685          49757.2964
          7.50000000              0.9946              7.3919          23211.0552
          7.50000000              0.9946              7.4144          11300.6095
          7.50000000              0.9946              7.4362           4841.1350
          7.50000000              0.9946              7.4573           1594.9935
          7.50000000              0.9946              7.4778            298.9712
          7.50000000              0.9946              7.4976              0.0000
          7.50000000              0.9951              5.9995         185721.9427
          7.50000000              0.9951              6.1702         194421.5976
          7.50000000              0.9951              6.3053         200570.6894
          7.50000000              0.9951              6.4171         207924.0857
          7.50000000              0.9951              6.5125         213501.7305
          7.50000000              0.9951              6.5957         263291.4302
          7.50000000              0.9951              6.6694         350977.6391
          7.50000000              0.9951              6.7356         443692.7290
          7.50000000              0.9951              6.7957         528072.2520
          7.50000000              0.9951              6.8507         597814.2345
          7.50000000              0.9951              6.9014         647544.9309
          7.50000000              0.9951              6.9485         646857.4752
          7.50000000              0.9951              6.9924         585084.8314
          7.50000000              0.9951              7.0335         495794.2309
          7.50000000              0.9951              7.0721         436982.8252
          7.50000000              0.9951              7.1086         367623.9201
          7.50000000              0.9951              7.1432         411816.4829
          7.50000000              0.9951              7.1760         379478.9545
          7.50000000              0.9951              7.2072         368303.7902
          7.50000000              0.9951              7.2370         351752.0651
          7.50000000              0.9951              7.2655         309943.7052
          7.50000000              0.9951              7.2928         244015.3924
          7.50000000              0.9951              7.3191         185571.1825
          7.50000000              0.9951              7.3442         132018.0925
          7.50000000              0.9951              7.3685          82799.5419
          7.50000000              0.9951              7.3919          40598.3034
          7.50000000              0.9951              7.4144          17576.3097
          7.50000000              0.9951              7.4362           7729.4329
          7.50000000              0.9951              7.4573           2461.7402
          7.50000000              0.9951              7.4778            377.6264
          7.50000000              0.9951              7.4976              0.0000
          7.50000000              0.9955              5.9995         203239.0056
          7.50000000              0.9955              6.1702         205101.1961
          7.50000000              0.9955              6.3053         211123.1296
          7.50000000              0.9955              6.4171         220301.3624
          7.50000000              0.9955              6.5125         222305.4679
          7.50000000              0.9955              6.5957         265166.4423
          7.50000000              0.9955              6.6694         350765.1512
          7.50000000              0.9955              6.7356         448009.4194
          7.50000000              0.9955              6.7957         545075.8211
          7.50000000              0.9955              6.8507         630977.5665
          7.50000000              0.9955              6.9014         711369.1298
          7.50000000              0.9955              6.9485         740984.8443
          7.50000000              0.9955              6.9924         699252.7775
          7.50000000              0.9955              7.0335         604230.1677
          7.50000000              0.9955              7.0721         513012.9830
          7.50000000              0.9955              7.1086         462765.2852
          7.50000000              0.9955              7.1432         456033.3377
          7.50000000              0.9955              7.1760         439465.7697
          7.50000000              0.9955              7.2072         427714.8367
          7.50000000              0.9955              7.2370         415736.9407
          7.50000000              0.9955              7.2655         398533.7102
          7.50000000              0.9955              7.2928         353075.2566
          7.50000000              0.9955              7.3191         254244.9770
          7.50000000              0.9955              7.3442         187197.0507
          7.50000000              0.9955              7.3685         126110.6611
          7.50000000              0.9955              7.3919          70079.3243
          7.50000000              0.9955              7.4144          28943.1677
          7.50000000              0.9955              7.4362          12059.6543
          7.50000000              0.9955              7.4573           3959.1116
          7.50000000              0.9955              7.4778            502.0215
          7.50000000              0.9955              7.4976              0.0000
          7.50000000              0.9959              5.9995         218958.4545
          7.50000000              0.9959              6.1702         219604.7131
          7.50000000              0.9959              6.3053         223542.1701
          7.50000000              0.9959              6.4171         231774.4258
          7.50000000              0.9959              6.5125         232249.7331
          7.50000000              0.9959              6.5957         269835.6532
          7.50000000              0.9959              6.6694         347237.3523
          7.50000000              0.9959              6.7356         447452.8053
          7.50000000              0.9959              6.7957         552619.4035
          7.50000000              0.9959              6.8507         656348.9936
          7.50000000              0.9959              6.9014         764511.9752
          7.50000000              0.9959              6.9485         828762.2416
          7.50000000              0.9959              6.9924         818943.1456
          7.50000000              0.9959              7.0335         731751.0364
          7.50000000              0.9959              7.0721         616729.5118
          7.50000000              0.9959              7.1086         539101.2327
          7.50000000              0.9959              7.1432         520497.2442
          7.50000000              0.9959              7.1760         492319.4833
          7.50000000              0.9959              7.2072         499011.0956
          7.50000000              0.9959              7.2370         483163.4386
          7.50000000              0.9959              7.2655         482944.9327
          7.50000000              0.9959              7.2928         468549.8645
          7.50000000              0.9959              7.3191         369955.0387
          7.50000000              0.9959              7.3442         259995.5192
          7.50000000              0.9959              7.3685         179034.2228
          7.50000000              0.9959              7.3919         112448.1378
          7.50000000              0.9959              7.4144          52147.8237
          7.50000000              0.9959              7.4362          18838.2135
          7.50000000              0.9959              7.4573           6446.6931
          7.50000000              0.9959              7.4778            937.7220
          7.50000000              0.9959              7.4976              0.0000
          7.50000000              0.9963              5.9995         236316.9540
          7.50000000              0.9963              6.1702         234075.4903
          7.50000000              0.9963              6.3053         233427.9850
          7.50000000              0.9963              6.4171         243087.1949
          7.50000000              0.9963              6.5125         240808.9621
          7.50000000              0.9963              6.5957         277650.0211
          7.50000000              0.9963              6.6694         346317.5774
          7.50000000              0.9963              6.7356         444735.3250
          7.50000000              0.9963              6.7957         552170.4737
          7.50000000              0.9963              6.8507         670111.4532
          7.50000000              0.9963              6.9014         808408.9075
          7.50000000              0.9963              6.9485         909278.1315
          7.50000000              0.9963              6.9924         938128.5887
          7.50000000              0.9963              7.0335         869538.8567
          7.50000000              0.9963              7.0721         744171.4539
          7.50000000              0.9963              7.1086         631864.5506
          7.50000000              0.9963              7.1432         565503.1366
          7.50000000              0.9963              7.1760         559803.3826
          7.50000000              0.9963              7.2072         559379.9004
          7.50000000              0.9963              7.2370         568408.1447
          7.50000000              0.9963              7.2655         566140.5952
          7.50000000              0.9963              7.2928         577906.9897
          7.50000000              0.9963              7.3191         503567.0457
          7.50000000              0.9963              7.3442         368642.8491
          7.50000000              0.9963              7.3685         252512.5236
          7.50000000              0.9963              7.3919         167035.8487
          7.50000000              0.9963              7.4144          89320.1108
          7.50000000              0.9963              7.4362          32699.3406
          7.50000000              0.9963              7.4573           9896.0375
          7.50000000              0.9963              7.4778           1677.5518
          7.50000000              0.9963              7.4976              0.0001
          7.50000000              0.9966              5.9995         257224.4343
          7.50000000              0.9966              6.1702         247771.8208
          7.50000000              0.9966              6.3053         242423.0457
          7.50000000              0.9966              6.4171         252471.1981
          7.50000000              0.9966              6.5125         248400.6675
          7.50000000              0.9966              6.5957         286079.5348
          7.50000000              0.9966              6.6694         353629.4368
          7.50000000              0.9966              6.7356         439472.4490
          7.50000000              0.9966              6.7957         544832.3394
          7.50000000              0.9966              6.8507         673621.9926
          7.50000000              0.9966              6.9014         839337.2100
          7.50000000              0.9966              6.9485         977817.9486
          7.50000000              0.9966              6.9924        1050394.6201
          7.50000000              0.9966              7.0335        1015913.3956
          7.50000000              0.9966              7.0721         885009.9934
          7.50000000              0.9966              7.1086         748685.3918
          7.50000000              0.9966              7.1432         640978.6214
          7.50000000              0.9966              7.1760         605797.8364
          7.50000000              0.9966              7.2072         633873.3852
          7.50000000              0.9966              7.2370         642781.3942
          7.50000000              0.9966              7.2655         668973.2074
          7.50000000              0.9966              7.2928         687964.5905
          7.50000000              0.9966              7.3191         635774.4768
          7.50000000              0.9966              7.3442         513553.9213
          7.50000000              0.9966              7.3685         341217.6466
          7.50000000              0.9966              7.3919         235494.3351
          7.50000000              0.9966              7.4144         140811.4282
          7.50000000              0.9966              7.4362          59182.1617
          7.50000000              0.9966              7.4573          14570.2157
          7.50000000              0.9966              7.4778           2382.2335
          7.50000000              0.9966              7.4976              0.0001
          7.50000000              0.9970              5.9995         275967.6266
          7.50000000              0.9970              6.1702         263023.9605
          7.50000000              0.9970              6.3053         250843.6664
          7.50000000              0.9970              6.4171         258725.0407
          7.50000000              0.9970              6.5125         255423.4958
          7.50000000              0.9970              6.5957         294406.7691
          7.50000000              0.9970              6.6694         363818.0114
          7.50000000              0.9970              6.7356         432863.5304
          7.50000000              0.9970              6.7957         534155.0915
          7.50000000              0.9970              6.8507         663971.2084
          7.50000000              0.9970              6.9014         859121.2297
          7.50000000              0.9970              6.9485        1035335.2316
          7.50000000              0.9970              6.9924        1153995.1258
          7.50000000              0.9970              7.0335        1162187.2519
          7.50000000              0.9970              7.0721        1047315.3887
          7.50000000              0.9970              7.1086         883131.7488
          7.50000000              0.9970              7.1432         740903.7349
          7.50000000              0.9970              7.1760         668082.2908
          7.50000000              0.9970              7.2072         681793.2613
          7.50000000              0.9970              7.2370         721230.1188
          7.50000000              0.9970              7.2655         758843.5107
          7.50000000              0.9970              7.2928         797989.8302
          7.50000000              0.9970              7.3191         766246.6379
          7.50000000              0.9970              7.3442         669596.6222
          7.50000000              0.9970              7.3685         483292.1274
          7.50000000              0.9970              7.3919         321491.3329
          7.50000000              0.9970              7.4144         205985.3144
          7.50000000              0.9970              7.4362         100775.3336
          7.50000000              0.9970              7.4573          25375.9323
          7.50000000              0.9970              7.4778           3036.9496
          7.50000000              0.9970              7.4976              0.0001
          7.50000000              0.9973              5.9995         293195.8019
          7.50000000              0.9973              6.1702         280367.8114
          7.50000000              0.9973              6.3053         261944.8537
          7.50000000              0.9973              6.4171         265622.8752
          7.50000000              0.9973              6.5125         262109.7144
          7.50000000              0.9973              6.5957         309758.0266
          7.50000000              0.9973              6.6694         375342.1863
          7.50000000              0.9973              6.7356         430033.8911
          7.50000000              0.9973              6.7957         519994.7229
          7.50000000              0.9973              6.8507         645575.1498
          7.50000000              0.9973              6.9014         863592.1157
          7.50000000              0.9973              6.9485        1076556.6962
          7.50000000              0.9973              6.9924        1243184.5655
          7.50000000              0.9973              7.0335        1303248.1173
          7.50000000              0.9973              7.0721        1222973.7972
          7.50000000              0.9973              7.1086        1041259.7791
          7.50000000              0.9973              7.1432         863423.6324
          7.50000000              0.9973              7.1760         745661.9235
          7.50000000              0.9973              7.2072         733765.0197
          7.50000000              0.9973              7.2370         773932.4307
          7.50000000              0.9973              7.2655         852280.0328
          7.50000000              0.9973              7.2928         907000.5328
          7.50000000              0.9973              7.3191         900901.0184
          7.50000000              0.9973              7.3442         814404.7895
          7.50000000              0.9973              7.3685         647435.1155
          7.50000000              0.9973              7.3919         441516.7449
          7.50000000              0.9973              7.4144         287467.1306
          7.50000000              0.9973              7.4362         160869.3013
          7.50000000              0.9973              7.4573          48757.1556
          7.50000000              0.9973              7.4778           4448.0569
          7.50000000              0.9973              7.4976              0.0002
          7.50000000              0.9976              5.9995         313474.3742
          7.50000000              0.9976              6.1702         293771.7884
          7.50000000              0.9976              6.3053         275906.1609
          7.50000000              0.9976              6.4171         274434.5634
          7.50000000              0.9976              6.5125         271057.7914
          7.50000000              0.9976              6.5957         322369.6716
          7.50000000              0.9976              6.6694         385747.2178
          7.50000000              0.9976              6.7356         429886.2846
          7.50000000              0.9976              6.7957         505789.4700
          7.50000000              0.9976              6.8507         622318.9004
          7.50000000              0.9976              6.9014         847874.5557
          7.50000000              0.9976              6.9485        1102033.0824
          7.50000000              0.9976              6.9924        1314451.3203
          7.50000000              0.9976              7.0335        1432043.1674
          7.50000000              0.9976              7.0721        1399748.3761
          7.50000000              0.9976              7.1086        1228983.1788
          7.50000000              0.9976              7.1432        1004529.7912
          7.50000000              0.9976              7.1760         844461.9425
          7.50000000              0.9976              7.2072         794949.3081
          7.50000000              0.9976              7.2370         822457.3037
          7.50000000              0.9976              7.2655         918632.7378
          7.50000000              0.9976              7.2928        1035688.4201
          7.50000000              0.9976              7.3191        1030870.4351
          7.50000000              0.9976              7.3442         957877.9016
          7.50000000              0.9976              7.3685         817191.0301
          7.50000000              0.9976              7.3919         615174.9494
          7.50000000              0.9976              7.4144         386970.7261
          7.50000000              0.9976              7.4362         244036.8017
          7.50000000              0.9976              7.4573          88412.4541
          7.50000000              0.9976              7.4778          10609.1106
          7.50000000              0.9976              7.4976              0.0002
          7.50000000              0.9979              5.9995         330976.3666
          7.50000000              0.9979              6.1702         304092.7069
          7.50000000              0.9979              6.3053         286145.9187
          7.50000000              0.9979              6.4171         286660.6810
          7.50000000              0.9979              6.5125         277240.8625
          7.50000000              0.9979              6.5957         332191.2989
          7.50000000              0.9979              6.6694         394765.8115
          7.50000000              0.9979              6.7356         429274.3544
          7.50000000              0.9979              6.7957         492185.4870
          7.50000000              0.9979              6.8507         597204.2259
          7.50000000              0.9979              6.9014         823449.2691
          7.50000000              0.9979              6.9485        1107013.9876
          7.50000000              0.9979              6.9924        1367919.0181
          7.50000000              0.9979              7.0335        1543170.7817
          7.50000000              0.9979              7.0721        1572906.0146
          7.50000000              0.9979              7.1086        1431656.6336
          7.50000000              0.9979              7.1432        1180890.6693
          7.50000000              0.9979              7.1760         962056.9640
          7.50000000              0.9979              7.2072         867582.0551
          7.50000000              0.9979              7.2370         870721.9836
          7.50000000              0.9979              7.2655         955751.8914
          7.50000000              0.9979              7.2928        1142117.3882
          7.50000000              0.9979              7.3191        1188676.0829
          7.50000000              0.9979              7.3442        1098245.5136
          7.50000000              0.9979              7.3685         977027.2291
          7.50000000              0.9979              7.3919         809938.9390
          7.50000000              0.9979              7.4144         540255.8749
          7.50000000              0.9979              7.4362         354770.4235
          7.50000000              0.9979              7.4573         148452.5159
          7.50000000              0.9979              7.4778          27229.8221
          7.50000000              0.9979              7.4976              0.0002
          7.50000000              0.9981              5.9995         346046.6857
          7.50000000              0.9981              6.1702         309364.3462
          7.50000000              0.9981              6.3053         294930.5889
          7.50000000              0.9981              6.4171         300503.7832
          7.50000000              0.9981              6.5125         284463.7247
          7.50000000              0.9981              6.5957         341795.1267
          7.50000000              0.9981              6.6694         408137.0449
          7.50000000              0.9981              6.7356         427126.3814
          7.50000000              0.9981              6.7957         479660.9963
          7.50000000              0.9981              6.8507         571378.7096
          7.50000000              0.9981              6.9014         794436.1998
          7.50000000              0.9981              6.9485        1088915.2167
          7.50000000              0.9981              6.9924        1400687.0129
          7.50000000              0.9981              7.0335        1633966.0910
          7.50000000              0.9981              7.0721        1731449.4031
          7.50000000              0.9981              7.1086        1644506.0513
          7.50000000              0.9981              7.1432        1386450.1867
          7.50000000              0.9981              7.1760        1112800.4508
          7.50000000              0.9981              7.2072         951831.1393
          7.50000000              0.9981              7.2370         916524.9160
          7.50000000              0.9981              7.2655        1000737.9447
          7.50000000              0.9981              7.2928        1186747.9349
          7.50000000              0.9981              7.3191        1344686.6611
          7.50000000              0.9981              7.3442        1270013.3658
          7.50000000              0.9981              7.3685        1144501.3749
          7.50000000              0.9981              7.3919        1009056.8176
          7.50000000              0.9981              7.4144         750804.7329
          7.50000000              0.9981              7.4362         495249.0493
          7.50000000              0.9981              7.4573         231423.2567
          7.50000000              0.9981              7.4778          57352.8279
          7.50000000              0.9981              7.4976              0.0056
          7.50000000              0.9984              5.9995         354540.3866
          7.50000000              0.9984              6.1702         310248.7471
          7.50000000              0.9984              6.3053         301497.4874
          7.50000000              0.9984              6.4171         309559.6598
          7.50000000              0.9984              6.5125         293270.4829
          7.50000000              0.9984              6.5957         350752.8980
          7.50000000              0.9984              6.6694         419897.0242
          7.50000000              0.9984              6.7356         425413.0322
          7.50000000              0.9984              6.7957         468640.0331
          7.50000000              0.9984              6.8507         547208.1731
          7.50000000              0.9984              6.9014         760725.5825
          7.50000000              0.9984              6.9485        1057427.3206
          7.50000000              0.9984              6.9924        1409401.9269
          7.50000000              0.9984              7.0335        1704048.6044
          7.50000000              0.9984              7.0721        1869402.3804
          7.50000000              0.9984              7.1086        1855418.9758
          7.50000000              0.9984              7.1432        1619295.3051
          7.50000000              0.9984              7.1760        1298579.1112
          7.50000000              0.9984              7.2072        1064440.7315
          7.50000000              0.9984              7.2370         968294.8466
          7.50000000              0.9984              7.2655        1026357.1058
          7.50000000              0.9984              7.2928        1219154.0622
          7.50000000              0.9984              7.3191        1439128.0567
          7.50000000              0.9984              7.3442        1464219.2494
          7.50000000              0.9984              7.3685        1341155.5487
          7.50000000              0.9984              7.3919        1215616.5349
          7.50000000              0.9984              7.4144        1001145.0939
          7.50000000              0.9984              7.4362         714315.7232
          7.50000000              0.9984              7.4573         332204.0588
          7.50000000              0.9984              7.4778          95153.1959
          7.50000000              0.9984              7.4976              0.0067
          7.50000000              0.9987              5.9995         356527.1365
          7.50000000              0.9987              6.1702         311558.1985
          7.50000000              0.9987              6.3053         308074.2163
          7.50000000              0.9987              6.4171         317474.1280
          7.50000000              0.9987              6.5125         306431.8836
          7.50000000              0.9987              6.5957         369392.8946
          7.50000000              0.9987              6.6694         428478.3840
          7.50000000              0.9987              6.7356         420485.9108
          7.50000000              0.9987              6.7957         456011.7221
          7.50000000              0.9987              6.8507         526107.4328
          7.50000000              0.9987              6.9014         725982.0437
          7.50000000              0.9987              6.9485        1017905.2304
          7.50000000              0.9987              6.9924        1392027.3414
          7.50000000              0.9987              7.0335        1745509.6801
          7.50000000              0.9987              7.0721        1987890.4463
          7.50000000              0.9987              7.1086        2049914.4390
          7.50000000              0.9987              7.1432        1869082.8723
          7.50000000              0.9987              7.1760        1518989.4059
          7.50000000              0.9987              7.2072        1206902.8361
          7.50000000              0.9987              7.2370        1048348.3547
          7.50000000              0.9987              7.2655        1046278.0907
          7.50000000              0.9987              7.2928        1240835.6280
          7.50000000              0.9987              7.3191        1466758.0192
          7.50000000              0.9987              7.3442        1655826.6136
          7.50000000              0.9987              7.3685        1577728.1822
          7.50000000              0.9987              7.3919        1448651.0013
          7.50000000              0.9987              7.4144        1265340.8595
          7.50000000              0.9987              7.4362        1019637.7448
          7.50000000              0.9987              7.4573         457248.6667
          7.50000000              0.9987              7.4778         142294.4864
          7.50000000              0.9987              7.4976              0.0100
          7.50000000              0.9989              5.9995         362261.5968
          7.50000000              0.9989              6.1702         313717.4970
          7.50000000              0.9989              6.3053         309955.0182
          7.50000000              0.9989              6.4171         333259.9377
          7.50000000              0.9989              6.5125         327939.7007
          7.50000000              0.9989              6.5957         383739.0457
          7.50000000              0.9989              6.6694         434626.7587
          7.50000000              0.9989              6.7356         413928.5245
          7.50000000              0.9989              6.7957         444513.0445
          7.50000000              0.9989              6.8507         507392.2305
          7.50000000              0.9989              6.9014         689939.5606
          7.50000000              0.9989              6.9485         975790.3601
          7.50000000              0.9989              6.9924        1351393.8262
          7.50000000              0.9989              7.0335        1752055.0761
          7.50000000              0.9989              7.0721        2071556.0283
          7.50000000              0.9989              7.1086        2228494.3552
          7.50000000              0.9989              7.1432        2118740.3973
          7.50000000              0.9989              7.1760        1776733.5050
          7.50000000              0.9989              7.2072        1386663.8328
          7.50000000              0.9989              7.2370        1148465.4457
          7.50000000              0.9989              7.2655        1096496.9165
          7.50000000              0.9989              7.2928        1228434.5462
          7.50000000              0.9989              7.3191        1505645.6964
          7.50000000              0.9989              7.3442        1693918.8279
          7.50000000              0.9989              7.3685        1880814.8851
          7.50000000              0.9989              7.3919        1732156.3968
          7.50000000              0.9989              7.4144        1550053.0690
          7.50000000              0.9989              7.4362        1394130.6613
          7.50000000              0.9989              7.4573         658628.7901
          7.50000000              0.9989              7.4778         200627.5283
          7.50000000              0.9989              7.4976              0.0145
          7.50000000              0.9991              5.9995         365361.8402
          7.50000000              0.9991              6.1702         308236.1020
          7.50000000              0.9991              6.3053         312353.5229
          7.50000000              0.9991              6.4171         342702.9082
          7.50000000              0.9991              6.5125         345138.2100
          7.50000000              0.9991              6.5957         392405.6404
          7.50000000              0.9991              6.6694         435393.4014
          7.50000000              0.9991              6.7356         410688.6450
          7.50000000              0.9991              6.7957         433232.2337
          7.50000000              0.9991              6.8507         487316.8163
          7.50000000              0.9991              6.9014         662814.1449
          7.50000000              0.9991              6.9485         930972.3733
          7.50000000              0.9991              6.9924        1289059.3000
          7.50000000              0.9991              7.0335        1719845.3506
          7.50000000              0.9991              7.0721        2107329.1549
          7.50000000              0.9991              7.1086        2373118.0829
          7.50000000              0.9991              7.1432        2357427.1630
          7.50000000              0.9991              7.1760        2057315.7207
          7.50000000              0.9991              7.2072        1611051.1880
          7.50000000              0.9991              7.2370        1282267.2433
          7.50000000              0.9991              7.2655        1155937.8796
          7.50000000              0.9991              7.2928        1230307.9465
          7.50000000              0.9991              7.3191        1489955.9722
          7.50000000              0.9991              7.3442        1751886.2508
          7.50000000              0.9991              7.3685        1968238.3994
          7.50000000              0.9991              7.3919        2171179.8596
          7.50000000              0.9991              7.4144        1919554.2893
          7.50000000              0.9991              7.4362        1794151.8712
          7.50000000              0.9991              7.4573         973878.1435
          7.50000000              0.9991              7.4778         276385.9465
          7.50000000              0.9991              7.4976              0.0246
          7.50000000              0.9994              5.9995         361659.7959
          7.50000000              0.9994              6.1702         306575.5331
          7.50000000              0.9994              6.3053         314973.7583
          7.50000000              0.9994              6.4171         347747.7846
          7.50000000              0.9994              6.5125         354568.7666
          7.50000000              0.9994              6.5957         399689.8694
          7.50000000              0.9994              6.6694         431768.6350
          7.50000000              0.9994              6.7356         409956.0407
          7.50000000              0.9994              6.7957         425006.0361
          7.50000000              0.9994              6.8507         473398.5055
          7.50000000              0.9994              6.9014         639313.3695
          7.50000000              0.9994              6.9485         883819.0560
          7.50000000              0.9994              6.9924        1219715.3649
          7.50000000              0.9994              7.0335        1643058.6961
          7.50000000              0.9994              7.0721        2093165.1760
          7.50000000              0.9994              7.1086        2464052.0715
          7.50000000              0.9994              7.1432        2577825.7553
          7.50000000              0.9994              7.1760        2340930.9865
          7.50000000              0.9994              7.2072        1875929.1449
          7.50000000              0.9994              7.2370        1451682.2212
          7.50000000              0.9994              7.2655        1242778.9671
          7.50000000              0.9994              7.2928        1243424.7233
          7.50000000              0.9994              7.3191        1454506.2611
          7.50000000              0.9994              7.3442        1723784.6737
          7.50000000              0.9994              7.3685        2039510.8804
          7.50000000              0.9994              7.3919        2394704.0745
          7.50000000              0.9994              7.4144        2513715.2849
          7.50000000              0.9994              7.4362        2286976.6072
          7.50000000              0.9994              7.4573        1368165.2439
          7.50000000              0.9994              7.4778         405374.5970
          7.50000000              0.9994              7.4976              0.0348
          7.50000000              0.9996              5.9995         348396.7204
          7.50000000              0.9996              6.1702         299613.6165
          7.50000000              0.9996              6.3053         309316.3860
          7.50000000              0.9996              6.4171         345798.6996
          7.50000000              0.9996              6.5125         363278.0397
          7.50000000              0.9996              6.5957         409105.2795
          7.50000000              0.9996              6.6694         424549.9419
          7.50000000              0.9996              6.7356         406459.7081
          7.50000000              0.9996              6.7957         423363.3209
          7.50000000              0.9996              6.8507         463687.0392
          7.50000000              0.9996              6.9014         619089.0921
          7.50000000              0.9996              6.9485         841748.9674
          7.50000000              0.9996              6.9924        1138138.0054
          7.50000000              0.9996              7.0335        1540373.4142
          7.50000000              0.9996              7.0721        2015512.2995
          7.50000000              0.9996              7.1086        2488020.9458
          7.50000000              0.9996              7.1432        2743594.6098
          7.50000000              0.9996              7.1760        2626274.8151
          7.50000000              0.9996              7.2072        2148020.3651
          7.50000000              0.9996              7.2370        1664884.6769
          7.50000000              0.9996              7.2655        1369442.7326
          7.50000000              0.9996              7.2928        1286375.6489
          7.50000000              0.9996              7.3191        1395027.8431
          7.50000000              0.9996              7.3442        1605619.5832
          7.50000000              0.9996              7.3685        1974703.9866
          7.50000000              0.9996              7.3919        2527044.7010
          7.50000000              0.9996              7.4144        2976962.3466
          7.50000000              0.9996              7.4362        3147592.7178
          7.50000000              0.9996              7.4573        1871430.1400
          7.50000000              0.9996              7.4778         657983.9391
          7.50000000              0.9996              7.4976              0.0576
          7.50000000              0.9998              5.9995         329546.0050
          7.50000000              0.9998              6.1702         277622.1217
          7.50000000              0.9998              6.3053         286229.6048
          7.50000000              0.9998              6.4171         335847.5061
          7.50000000              0.9998              6.5125         364728.1741
          7.50000000              0.9998              6.5957         399053.8316
          7.50000000              0.9998              6.6694         412077.7409
          7.50000000              0.9998              6.7356         390329.8553
          7.50000000              0.9998              6.7957         404572.9713
          7.50000000              0.9998              6.8507         454026.0471
          7.50000000              0.9998              6.9014         602350.2623
          7.50000000              0.9998              6.9485         796642.8309
          7.50000000              0.9998              6.9924        1052034.5052
          7.50000000              0.9998              7.0335        1420206.9355
          7.50000000              0.9998              7.0721        1891202.9044
          7.50000000              0.9998              7.1086        2419888.5743
          7.50000000              0.9998              7.1432        2816440.5621
          7.50000000              0.9998              7.1760        2860561.7374
          7.50000000              0.9998              7.2072        2450506.6606
          7.50000000              0.9998              7.2370        1898768.1743
          7.50000000              0.9998              7.2655        1534887.2967
          7.50000000              0.9998              7.2928        1386086.6684
          7.50000000              0.9998              7.3191        1369901.3030
          7.50000000              0.9998              7.3442        1429663.7694
          7.50000000              0.9998              7.3685        1705342.4728
          7.50000000              0.9998              7.3919        2392899.3132
          7.50000000              0.9998              7.4144        3407182.5606
          7.50000000              0.9998              7.4362        4090813.9555
          7.50000000              0.9998              7.4573        3059537.3410
          7.50000000              0.9998              7.4778         971608.3507
          7.50000000              0.9998              7.4976              0.0783
          7.50000000              1.0000              5.9995         308006.1926
          7.50000000              1.0000              6.1702         249212.5459
          7.50000000              1.0000              6.3053         227614.1139
          7.50000000              1.0000              6.4171         311380.4040
          7.50000000              1.0000              6.5125         369705.4555
          7.50000000              1.0000              6.5957         376215.5023
          7.50000000              1.0000              6.6694         384478.1182
          7.50000000              1.0000              6.7356         368776.1680
          7.50000000              1.0000              6.7957         369945.0787
          7.50000000              1.0000              6.8507         406708.4246
          7.50000000              1.0000              6.9014         545374.2658
          7.50000000              1.0000              6.9485         719182.3959
          7.50000000              1.0000              6.9924         944842.5343
          7.50000000              1.0000              7.0335        1237770.6008
          7.50000000              1.0000              7.0721        1667142.5761
          7.50000000              1.0000              7.1086        2214771.9918
          7.50000000              1.0000              7.1432        2723359.4857
          7.50000000              1.0000              7.1760        2941644.1345
          7.50000000              1.0000              7.2072        2693098.5587
          7.50000000              1.0000              7.2370        2115235.5854
          7.50000000              1.0000              7.2655        1713215.6053
          7.50000000              1.0000              7.2928        1527300.5673
          7.50000000              1.0000              7.3191        1446403.2171
          7.50000000              1.0000              7.3442        1314993.0329
          7.50000000              1.0000              7.3685        1271916.0827
          7.50000000              1.0000              7.3919        1790032.2702
          7.50000000              1.0000              7.4144        3226059.1445
          7.50000000              1.0000              7.4362        5411735.6100
          7.50000000              1.0000              7.4573        5045642.2322
          7.50000000              1.0000              7.4778        1466347.4046
          7.50000000              1.0000              7.4976            318.5351
