1  0.002  0.521433  0.625581  0.64343  0.649877  0.653443  0.655797  0.65744  0.658639  0.659514  0.660103  0.660798  0.665755  0.665806  0.665628  0.665414  0.665182  0.664958  0.665434  0.665575  0.665089  0.664796  0.664846  0.668082  0.666437  0.66914  0.667286  0.671211  
1  0.01  0.521433  0.625581  0.64343  0.649877  0.653443  0.655797  0.65744  0.658639  0.659514  0.660103  0.660798  0.665755  0.665806  0.665628  0.665414  0.665182  0.664958  0.665434  0.665575  0.665089  0.664796  0.664846  0.668082  0.666437  0.66914  0.667286  0.671211  
1  0.02  0.49466  0.619308  0.641347  0.648778  0.652691  0.655132  0.656781  0.657957  0.658809  0.659412  0.660049  0.663476  0.663686  0.663768  0.663759  0.66372  0.66367  0.663954  0.664058  0.663864  0.663742  0.663756  0.665899  0.665124  0.666955  0.665876  0.668343  
1  0.03  0.467886  0.613036  0.639263  0.647679  0.651938  0.654467  0.656123  0.657276  0.658105  0.658721  0.659301  0.661196  0.661565  0.661909  0.662104  0.662258  0.662381  0.662473  0.66254  0.662639  0.662689  0.662665  0.663716  0.663811  0.664769  0.664465  0.665475  
1  0.04  0.457478  0.615546  0.644475  0.653246  0.657497  0.659969  0.661562  0.662663  0.663459  0.66406  0.664601  0.666179  0.666499  0.666847  0.667025  0.667169  0.667286  0.667378  0.66745  0.667556  0.66761  0.667611  0.668511  0.668603  0.669404  0.669183  0.670032  
1  0.05  0.447071  0.618056  0.649687  0.658814  0.663057  0.665471  0.667001  0.66805  0.668813  0.6694  0.6699  0.671162  0.671433  0.671785  0.671946  0.67208  0.672191  0.672284  0.67236  0.672472  0.67253  0.672557  0.673307  0.673395  0.674038  0.6739  0.674589  
1  0.06  0.223535  0.614836  0.657231  0.666369  0.6705  0.672813  0.674269  0.675262  0.675979  0.676538  0.677004  0.678076  0.678337  0.678656  0.678813  0.678944  0.679052  0.679142  0.679218  0.679334  0.679405  0.679447  0.680099  0.680189  0.680741  0.680657  0.681256  
1  0.07  0  0.611616  0.664775  0.673924  0.677943  0.680155  0.681537  0.682474  0.683145  0.683676  0.684109  0.684991  0.685242  0.685528  0.68568  0.685808  0.685914  0.686001  0.686076  0.686195  0.68628  0.686338  0.686891  0.686983  0.687444  0.687413  0.687923  
1  0.08  0  0.620657  0.673719  0.682498  0.686289  0.688364  0.689661  0.690547  0.691187  0.691684  0.692096  0.692894  0.693136  0.693426  0.693575  0.6937  0.693805  0.693894  0.69397  0.69409  0.694176  0.694246  0.694737  0.694862  0.695291  0.695288  0.695735  
1  0.09  0  0.629699  0.682662  0.691072  0.694635  0.696573  0.697784  0.698621  0.699229  0.699692  0.700084  0.700797  0.701031  0.701323  0.701469  0.701591  0.701696  0.701787  0.701864  0.701985  0.702073  0.702154  0.702583  0.702742  0.703137  0.703162  0.703547  
1  0.1  0  0.64176  0.692914  0.700423  0.703631  0.705413  0.706545  0.707336  0.707919  0.708366  0.708744  0.709413  0.709644  0.70993  0.710081  0.71021  0.710321  0.710417  0.710505  0.710642  0.71074  0.710819  0.711225  0.711427  0.711789  0.711869  0.712218  
1  0.11  0  0.653821  0.703166  0.709773  0.712627  0.714253  0.715306  0.716052  0.716609  0.71704  0.717404  0.718029  0.718258  0.718536  0.718693  0.718829  0.718945  0.719046  0.719146  0.7193  0.719406  0.719484  0.719868  0.720113  0.72044  0.720575  0.720888  
1  0.12  0  0.667377  0.714848  0.719872  0.722206  0.723626  0.724594  0.725304  0.725847  0.726275  0.72664  0.727226  0.727463  0.727754  0.727917  0.72806  0.728182  0.72829  0.728391  0.728564  0.728688  0.728782  0.729162  0.729432  0.729761  0.72993  0.730242  
1  0.13  0  0.680933  0.72653  0.72997  0.731785  0.733  0.733883  0.734556  0.735084  0.73551  0.735877  0.736423  0.736668  0.736971  0.737141  0.73729  0.73742  0.737533  0.737637  0.737829  0.73797  0.73808  0.738456  0.738751  0.739082  0.739286  0.739595  
1  0.14  0  0.697106  0.739681  0.740554  0.741673  0.742657  0.743453  0.744093  0.744616  0.745047  0.745422  0.745946  0.746209  0.746538  0.746724  0.746885  0.747027  0.747153  0.747266  0.747466  0.747621  0.747747  0.748126  0.748465  0.748811  0.749049  0.749351  
1  0.15  0  0.713279  0.752832  0.751137  0.751561  0.752315  0.753023  0.753631  0.754148  0.754583  0.754966  0.75547  0.75575  0.756105  0.756307  0.756481  0.756635  0.756773  0.756896  0.757104  0.757272  0.757414  0.757796  0.758179  0.75854  0.758812  0.759108  
1  0.16  0  0.742984  0.768247  0.762134  0.761612  0.762091  0.762716  0.763305  0.763828  0.76428  0.764681  0.765194  0.765488  0.765862  0.766077  0.766268  0.766438  0.766589  0.766725  0.766958  0.76715  0.767312  0.767704  0.768135  0.768507  0.768828  0.769132  
1  0.17  0  0.772689  0.783663  0.77313  0.771663  0.771867  0.772408  0.772979  0.773508  0.773976  0.774397  0.774919  0.775227  0.775618  0.775846  0.776055  0.776241  0.776405  0.776554  0.776812  0.777029  0.777211  0.777612  0.77809  0.778474  0.778845  0.779157  
1  0.18  0  0.830224  0.802339  0.784607  0.781889  0.781773  0.782224  0.782783  0.783327  0.783818  0.784263  0.784799  0.785131  0.785555  0.785803  0.786025  0.786224  0.786403  0.786566  0.786848  0.787085  0.787288  0.787713  0.788234  0.788645  0.789054  0.78938  
1  0.19  0  0.88776  0.821015  0.796083  0.792114  0.791679  0.792039  0.792588  0.793146  0.793661  0.794128  0.79468  0.795034  0.795492  0.795759  0.795995  0.796208  0.796401  0.796578  0.796884  0.797142  0.797365  0.797813  0.798379  0.798816  0.799263  0.799603  
1  0.2  0  0.985842  0.843755  0.808007  0.802419  0.801627  0.801908  0.802452  0.803031  0.803575  0.804072  0.804626  0.80501  0.805504  0.805793  0.806053  0.806286  0.806498  0.806691  0.807024  0.807308  0.807548  0.808006  0.808634  0.809088  0.809585  0.809922  
1  0.21  0  1.08392  0.866494  0.819931  0.812725  0.811575  0.811777  0.812317  0.812917  0.81349  0.814017  0.814572  0.814985  0.815516  0.815827  0.81611  0.816365  0.816595  0.816803  0.817164  0.817474  0.817731  0.8182  0.818889  0.81936  0.819908  0.820241  
1  0.22  0  0.541963  0.872192  0.832202  0.822934  0.821381  0.821511  0.822064  0.8227  0.823314  0.82388  0.824462  0.824907  0.825485  0.825824  0.82613  0.826406  0.826653  0.826877  0.827267  0.827597  0.827877  0.828375  0.82912  0.829614  0.830209  0.830557  
1  0.23  0  0  0.877889  0.844474  0.833143  0.831188  0.831246  0.83181  0.832484  0.833139  0.833744  0.834351  0.834829  0.835454  0.83582  0.83615  0.836446  0.836711  0.836951  0.83737  0.83772  0.838022  0.838549  0.83935  0.839868  0.84051  0.840873  
1  0.24  0  0  0.905277  0.857046  0.843108  0.840738  0.840748  0.841347  0.842074  0.842784  0.84344  0.844088  0.844608  0.845286  0.845681  0.846035  0.846354  0.84664  0.846899  0.84735  0.847727  0.848048  0.848607  0.849468  0.850021  0.850703  0.851083  
1  0.25  0  0  0.932665  0.869619  0.853073  0.850288  0.850249  0.850884  0.851665  0.852429  0.853136  0.853825  0.854387  0.855118  0.855541  0.85592  0.856262  0.85657  0.856847  0.857331  0.857734  0.858073  0.858665  0.859586  0.860174  0.860895  0.861294  
1  0.26  0  0  0.966176  0.882494  0.862639  0.859456  0.859425  0.860137  0.861003  0.861844  0.862616  0.863343  0.863954  0.864745  0.865204  0.865614  0.865982  0.866314  0.866614  0.867134  0.867572  0.867941  0.868564  0.869543  0.870163  0.870937  0.871355  
1  0.27  0  0  0.999688  0.895369  0.872205  0.868624  0.868602  0.86939  0.870341  0.871259  0.872097  0.872861  0.873521  0.874372  0.874866  0.875307  0.875703  0.876058  0.87638  0.876938  0.87741  0.877809  0.878463  0.8795  0.880153  0.880979  0.881415  
1  0.28  0  0  1.0417  0.908294  0.881122  0.877213  0.877279  0.878205  0.879282  0.880309  0.881234  0.882063  0.882786  0.883713  0.88425  0.884727  0.885155  0.88554  0.885888  0.88649  0.886997  0.887426  0.888122  0.889237  0.889921  0.89081  0.891263  
1  0.29  0  0  1.08371  0.921218  0.890039  0.885801  0.885956  0.887021  0.888223  0.889358  0.890372  0.891264  0.89205  0.893054  0.893633  0.894148  0.894607  0.895022  0.895396  0.896042  0.896584  0.897043  0.897781  0.898973  0.899689  0.90064  0.901111  
1  0.3  0  0  1.13577  0.933916  0.898096  0.893645  0.894021  0.895308  0.896694  0.897974  0.899106  0.900096  0.90096  0.902058  0.902689  0.903251  0.903751  0.9042  0.904605  0.905302  0.905886  0.90638  0.907171  0.908449  0.909215  0.910228  0.910727  
1  0.31  0  0  1.18783  0.946614  0.906153  0.901488  0.902086  0.903596  0.905165  0.906591  0.907841  0.908927  0.90987  0.911061  0.911745  0.912353  0.912894  0.913378  0.913813  0.914562  0.915188  0.915717  0.91656  0.917926  0.91874  0.919815  0.920342  
1  0.32  0  0  1.25694  0.958986  0.91326  0.908547  0.909502  0.911342  0.913166  0.914788  0.916192  0.917401  0.918444  0.919755  0.920505  0.92117  0.92176  0.922287  0.92276  0.923572  0.924247  0.924817  0.925724  0.927194  0.928062  0.929213  0.929772  
1  0.33  0  0  1.32605  0.971359  0.920366  0.915606  0.916917  0.919089  0.921167  0.922985  0.924542  0.925874  0.927017  0.92845  0.929264  0.929986  0.930626  0.931195  0.931707  0.932583  0.933307  0.933917  0.934889  0.936462  0.937384  0.938611  0.939202  
1  0.34  0  0  1.41796  0.983004  0.926329  0.921911  0.923646  0.926292  0.928711  0.930783  0.932538  0.934026  0.935297  0.936876  0.937771  0.938558  0.939256  0.939876  0.940431  0.941385  0.942171  0.942832  0.94388  0.94557  0.946559  0.947872  0.948503  
1  0.35  0  0  1.50986  0.99465  0.932291  0.928215  0.930376  0.933495  0.936255  0.938581  0.940533  0.942178  0.943577  0.945303  0.946277  0.947131  0.947886  0.948557  0.949156  0.950188  0.951034  0.951748  0.952872  0.954678  0.955733  0.957133  0.957805  
1  0.36  0  0  1.65196  1.00531  0.936933  0.933602  0.936371  0.940122  0.943334  0.945987  0.948185  0.950022  0.951573  0.953477  0.954546  0.95548  0.956304  0.957035  0.957688  0.958805  0.959722  0.960493  0.961707  0.963646  0.964785  0.966274  0.966994  
1  0.37  0  0  1.79406  1.01597  0.941575  0.93899  0.942366  0.94675  0.950413  0.953393  0.955837  0.957865  0.95957  0.961651  0.962814  0.96383  0.964723  0.965514  0.966219  0.967422  0.96841  0.969237  0.970541  0.972615  0.973837  0.975414  0.976184  
1  0.38  0  0  2.0685  1.02589  0.944494  0.943485  0.947665  0.952767  0.957006  0.960391  0.963133  0.965389  0.967274  0.969565  0.970841  0.971951  0.972924  0.973785  0.974552  0.975858  0.976926  0.977817  0.979219  0.98145  0.982748  0.984443  0.985256  
1  0.39  0  0  2.34295  1.0358  0.947414  0.94798  0.952964  0.958784  0.963599  0.967389  0.97043  0.972913  0.974979  0.977479  0.978868  0.980071  0.981125  0.982056  0.982885  0.984293  0.985443  0.986396  0.987896  0.990286  0.991659  0.993471  0.994328  
1  0.4  0  0  1.17147  1.01061  0.948189  0.951449  0.957547  0.964133  0.969669  0.973953  0.977354  0.980111  0.982389  0.985127  0.986642  0.987952  0.989097  0.990106  0.991002  0.992522  0.993765  0.994796  0.996411  0.998957  1.00043  1.00236  1.00328  
1  0.41  0  0  4.18951e-07  0.985422  0.948963  0.954919  0.962129  0.969483  0.975738  0.980517  0.984277  0.987309  0.989799  0.992775  0.994416  0.995833  0.997068  0.998155  0.999118  1.00075  1.00209  1.0032  1.00493  1.00763  1.00921  1.01124  1.01223  
1  0.42  0  0  0  0.975452  0.946878  0.957049  0.96599  0.974099  0.981243  0.986615  0.990798  0.994145  0.996881  1.00013  1.00192  1.00346  1.0048  1.00597  1.00701  1.00877  1.0102  1.01139  1.01324  1.01613  1.01781  1.01997  1.02101  
1  0.43  0  0  0  0.965482  0.944793  0.95918  0.969851  0.978716  0.986749  0.992713  0.997318  1.00098  1.00396  1.00749  1.00942  1.01108  1.01253  1.01379  1.01491  1.01679  1.01831  1.01957  1.02155  1.02463  1.0264  1.02869  1.02979  
1  0.44  0  0  0  0.942268  0.938947  0.960024  0.973  0.982598  0.991663  0.998332  1.00343  1.00745  1.0107  1.01454  1.01663  1.01843  1.01998  1.02134  1.02254  1.02455  1.02619  1.02754  1.02965  1.03291  1.0348  1.03722  1.03838  
1  0.45  0  0  0  0.919053  0.933101  0.960869  0.976148  0.986479  0.996576  1.00395  1.00954  1.01392  1.01745  1.02159  1.02384  1.02577  1.02743  1.02889  1.03017  1.03232  1.03406  1.0355  1.03774  1.0412  1.0432  1.04574  1.04697  
1  0.46  0  0  0  0.873581  0.922693  0.960124  0.978484  0.989789  1.00085  1.00905  1.01519  1.01998  1.02382  1.02831  1.03074  1.03281  1.03459  1.03615  1.03752  1.03982  1.04168  1.04321  1.04558  1.04924  1.05135  1.05403  1.05532  
1  0.47  0  0  0  0.82811  0.912286  0.959379  0.980821  0.993099  1.00513  1.01414  1.02085  1.02605  1.0302  1.03502  1.03763  1.03984  1.04175  1.04341  1.04488  1.04732  1.04929  1.05092  1.05342  1.05729  1.0595  1.06233  1.06368  
1  0.48  0  0  0  0.758207  0.896049  0.956579  0.982109  0.995753  1.00872  1.0187  1.02605  1.03171  1.0362  1.0414  1.04419  1.04656  1.0486  1.05037  1.05193  1.05453  1.05662  1.05834  1.06099  1.06507  1.06739  1.07036  1.07176  
1  0.49  0  0  0  0.688305  0.879812  0.953779  0.983398  0.998407  1.01232  1.02325  1.03125  1.03737  1.0422  1.04777  1.05075  1.05328  1.05544  1.05733  1.05898  1.06174  1.06395  1.06576  1.06855  1.07285  1.07528  1.07839  1.07985  
1  0.5  0  0  0  0.602782  0.856826  0.948947  0.983804  1.00068  1.01521  1.02725  1.03597  1.0426  1.04781  1.05377  1.05696  1.05966  1.06196  1.06396  1.06571  1.06864  1.07097  1.07288  1.07582  1.08033  1.08288  1.08613  1.08765  
1  0.51  0  0  0  0.517259  0.833841  0.944114  0.984211  1.00294  1.01811  1.03125  1.04069  1.04782  1.05341  1.05978  1.06317  1.06603  1.06848  1.0706  1.07245  1.07553  1.07799  1.08  1.08309  1.08781  1.09047  1.09386  1.09546  
1  0.52  0  0  0  0.41322  0.804378  0.936676  0.983466  1.00462  1.02025  1.03466  1.04491  1.05261  1.0586  1.06541  1.06903  1.07207  1.07466  1.0769  1.07885  1.0821  1.08469  1.0868  1.09004  1.09498  1.09776  1.10129  1.10295  
1  0.53  0  0  0  0.309181  0.774916  0.929238  0.982721  1.00629  1.02239  1.03806  1.04913  1.05739  1.0638  1.07105  1.07488  1.0781  1.08084  1.0832  1.08526  1.08867  1.09139  1.0936  1.09699  1.10215  1.10505  1.10871  1.11043  
1  0.54  0  0  0  0.216601  0.740383  0.918747  0.980628  1.00697  1.02375  1.04087  1.05285  1.06173  1.06858  1.0763  1.08036  1.08377  1.08666  1.08915  1.09132  1.09491  1.09776  1.10008  1.10362  1.109  1.11201  1.11581  1.1176  
1  0.55  0  0  0  0.124021  0.705851  0.908257  0.978534  1.00765  1.0251  1.04367  1.05657  1.06607  1.07337  1.08155  1.08585  1.08944  1.09249  1.09511  1.09739  1.10115  1.10413  1.10655  1.11025  1.11584  1.11898  1.12291  1.12477  
1  0.56  0  0  0  0.0620104  0.66486  0.894208  0.974604  1.00777  1.02609  1.04585  1.05977  1.06995  1.07774  1.08642  1.09096  1.09475  1.09796  1.10072  1.10311  1.10705  1.11017  1.11269  1.11655  1.12236  1.1256  1.12968  1.13159  
1  0.57  0  0  0  4.43533e-08  0.62387  0.88016  0.970674  1.00789  1.02709  1.04802  1.06296  1.07383  1.0821  1.09128  1.09608  1.10007  1.10344  1.10632  1.10882  1.11295  1.1162  1.11884  1.12284  1.12888  1.13223  1.13645  1.13841  
1  0.58  0  0  0  0  0.578902  0.862059  0.96546  1.00723  1.02805  1.04955  1.06563  1.07725  1.08604  1.09577  1.10082  1.10502  1.10855  1.11158  1.1142  1.11851  1.1219  1.12465  1.12881  1.13506  1.13853  1.14288  1.1449  
1  0.59  0  0  0  0  0.533933  0.843958  0.960246  1.00657  1.02902  1.05108  1.06831  1.08067  1.08999  1.10025  1.10556  1.10997  1.11367  1.11684  1.11958  1.12407  1.1276  1.13045  1.13477  1.14124  1.14483  1.1493  1.1514  
1  0.6  0  0  0  0  0.483548  0.82135  0.953347  1.00508  1.02953  1.05194  1.07044  1.08363  1.09351  1.10434  1.10994  1.11456  1.11844  1.12175  1.12461  1.12929  1.13296  1.13592  1.14041  1.14709  1.15079  1.1554  1.15755  
1  0.61  0  0  0  0  0.433164  0.798741  0.946448  1.00359  1.03005  1.0528  1.07257  1.08658  1.09704  1.10844  1.11431  1.11915  1.12321  1.12667  1.12964  1.13451  1.13833  1.1414  1.14604  1.15294  1.15676  1.16149  1.1637  
1  0.62  0  0  0  0  0.383636  0.773268  0.937273  1.0012  1.02968  1.05297  1.07416  1.08907  1.10014  1.11215  1.11832  1.12339  1.12763  1.13124  1.13434  1.1394  1.14336  1.14654  1.15135  1.15846  1.16239  1.16725  1.16952  
1  0.63  0  0  0  0  0.334109  0.747794  0.928098  0.998808  1.02931  1.05314  1.07575  1.09156  1.10324  1.11587  1.12233  1.12763  1.13205  1.13581  1.13903  1.14429  1.14839  1.15169  1.15665  1.16399  1.16802  1.17301  1.17533  
1  0.64  0  0  0  0  0.281322  0.719899  0.916725  0.995423  1.02886  1.05258  1.07677  1.09358  1.10593  1.11921  1.12598  1.13151  1.13613  1.14004  1.1434  1.14885  1.1531  1.15651  1.16163  1.16919  1.17333  1.17845  1.18082  
1  0.65  0  0  0  0  0.228535  0.692004  0.905353  0.992037  1.0284  1.05202  1.0778  1.09559  1.10861  1.12255  1.12962  1.1354  1.14021  1.14427  1.14776  1.15342  1.15781  1.16133  1.16662  1.17439  1.17864  1.18388  1.1863  
1  0.66  0  0  0  0  0.186055  0.660337  0.892157  0.987514  1.0274  1.05071  1.07826  1.09714  1.11088  1.12551  1.13291  1.13894  1.14395  1.14818  1.1518  1.15766  1.16221  1.16584  1.17128  1.17928  1.18363  1.189  1.19147  
1  0.67  0  0  0  0  0.143576  0.628669  0.878961  0.982991  1.02639  1.04939  1.07872  1.09868  1.11315  1.12848  1.13621  1.14249  1.1477  1.15209  1.15584  1.1619  1.1666  1.17035  1.17595  1.18416  1.18863  1.19411  1.19664  
1  0.68  0  0  0  0  0.113442  0.596942  0.862655  0.976673  1.02444  1.04863  1.0786  1.09976  1.11499  1.13107  1.13915  1.14569  1.15111  1.15567  1.15956  1.16583  1.17068  1.17455  1.18032  1.18874  1.19332  1.19892  1.2015  
1  0.69  0  0  0  0  0.0833088  0.565215  0.846348  0.970356  1.0225  1.04786  1.07848  1.10083  1.11684  1.13366  1.14209  1.1489  1.15453  1.15925  1.16328  1.16976  1.17477  1.17875  1.18468  1.19332  1.198  1.20373  1.20635  
1  0.7  0  0  0  0  0.0416544  0.529369  0.827242  0.962425  1.0193  1.04735  1.07776  1.10142  1.11828  1.1359  1.14469  1.15178  1.15762  1.16252  1.16669  1.17339  1.17856  1.18265  1.18875  1.19761  1.20239  1.20823  1.21091  
1  0.71  0  0  0  0  8.93806e-08  0.493523  0.808137  0.954495  1.01611  1.04684  1.07705  1.10201  1.11972  1.13813  1.14729  1.15466  1.16072  1.16579  1.1701  1.17702  1.18234  1.18656  1.19282  1.2019  1.20678  1.21274  1.21547  
1  0.72  0  0  0  0  0  0.462798  0.786114  0.945734  1.01278  1.04547  1.07571  1.10211  1.12074  1.14  1.14955  1.15721  1.1635  1.16876  1.17321  1.18036  1.18584  1.19017  1.1966  1.20589  1.21088  1.21696  1.21973  
1  0.73  0  0  0  0  0  0.432073  0.764091  0.936973  1.00946  1.04409  1.07438  1.10222  1.12176  1.14188  1.15181  1.15977  1.16629  1.17172  1.17632  1.18369  1.18933  1.19379  1.20038  1.20989  1.21499  1.22117  1.224  
1  0.74  0  0  0  0  0  0.390407  0.741267  0.926335  1.00585  1.04268  1.07242  1.10183  1.12237  1.1434  1.15374  1.16201  1.16876  1.17439  1.17914  1.18674  1.19255  1.19713  1.20389  1.21362  1.21881  1.22511  1.22798  
1  0.75  0  0  0  0  0  0.348742  0.718443  0.915697  1.00224  1.04128  1.07046  1.10145  1.12298  1.14492  1.15567  1.16425  1.17124  1.17705  1.18196  1.1898  1.19577  1.20047  1.20739  1.21734  1.22263  1.22905  1.23197  
1  0.76  0  0  0  0  0  0.320658  0.69377  0.903554  0.997516  1.03962  1.06785  1.10057  1.12317  1.14609  1.15728  1.16618  1.17342  1.17943  1.1845  1.19257  1.19871  1.20353  1.21064  1.2208  1.2262  1.23272  1.23569  
1  0.77  0  0  0  0  0  0.292574  0.669096  0.891411  0.992791  1.03796  1.06524  1.09969  1.12337  1.14726  1.15889  1.16812  1.17561  1.18181  1.18704  1.19534  1.20165  1.2066  1.21388  1.22425  1.22976  1.23639  1.23941  
1  0.78  0  0  0  0  0  0.2522  0.644639  0.877028  0.987206  1.03505  1.06195  1.09831  1.12315  1.14809  1.16018  1.16975  1.1775  1.18391  1.1893  1.19785  1.20433  1.20941  1.21686  1.22745  1.23306  1.23981  1.24286  
1  0.79  0  0  0  0  0  0.211826  0.620181  0.862644  0.981621  1.03214  1.05866  1.09693  1.12294  1.14892  1.16147  1.17138  1.1794  1.18601  1.19156  1.20036  1.20701  1.21222  1.21984  1.23066  1.23636  1.24322  1.24632  
1  0.8  0  0  0  0  0  0.189493  0.594095  0.847194  0.973985  1.02894  1.05755  1.09503  1.1223  1.14941  1.16245  1.17272  1.18101  1.18784  1.19356  1.20261  1.20944  1.21478  1.22257  1.23361  1.23942  1.24638  1.24953  
1  0.81  0  0  0  0  0  0.16716  0.56801  0.831744  0.966348  1.02574  1.05644  1.09313  1.12167  1.1499  1.16343  1.17406  1.18262  1.18967  1.19556  1.20486  1.21187  1.21733  1.2253  1.23657  1.24248  1.24955  1.25273  
1  0.82  0  0  0  0  0  0.129368  0.542538  0.813817  0.95794  1.02171  1.05472  1.09071  1.12063  1.15005  1.1641  1.17511  1.18396  1.19123  1.1973  1.20686  1.21405  1.21965  1.22781  1.23928  1.2453  1.25248  1.25571  
1  0.83  0  0  0  0  0  0.0915765  0.517066  0.795889  0.949531  1.01767  1.05299  1.08829  1.11958  1.15021  1.16478  1.17617  1.1853  1.19279  1.19904  1.20886  1.21624  1.22197  1.23031  1.242  1.24812  1.2554  1.25868  
1  0.84  0  0  0  0  0  0.0461411  0.488694  0.776112  0.939744  1.01349  1.05108  1.08534  1.11812  1.15003  1.16515  1.17694  1.18638  1.1941  1.20053  1.21063  1.21819  1.22406  1.23257  1.24449  1.25071  1.25811  1.26142  
1  0.85  0  0  0  0  0  0.000705434  0.460321  0.756334  0.929956  1.0093  1.04917  1.08238  1.11665  1.14984  1.16552  1.17771  1.18745  1.19541  1.20202  1.21239  1.22014  1.22614  1.23484  1.24699  1.2533  1.26081  1.26416  
1  0.86  0  0  0  0  0  0.000668139  0.43623  0.736856  0.91925  1.00508  1.0469  1.07888  1.11476  1.14934  1.1656  1.17821  1.18827  1.19646  1.20327  1.21392  1.22186  1.228  1.23689  1.24926  1.25568  1.26329  1.26669  
1  0.87  0  0  0  0  0  0.000630845  0.41214  0.717379  0.908544  1.00085  1.04464  1.07538  1.11288  1.14883  1.16568  1.17871  1.18908  1.19752  1.20452  1.21545  1.22358  1.22986  1.23894  1.25153  1.25806  1.26577  1.26921  
1  0.88  0  0  0  0  0  0.000582801  0.381164  0.696909  0.896187  0.99519  1.04139  1.07131  1.11057  1.14799  1.16546  1.17894  1.18965  1.19834  1.20554  1.21675  1.22508  1.23151  1.24077  1.25359  1.26022  1.26804  1.27153  
1  0.89  0  0  0  0  0  0.000534758  0.350188  0.67644  0.883831  0.989526  1.03814  1.06724  1.10825  1.14716  1.16525  1.17918  1.19021  1.19916  1.20655  1.21806  1.22659  1.23316  1.2426  1.25566  1.26239  1.27031  1.27384  
1  0.9  0  0  0  0  0  0.00049751  0.326109  0.655473  0.871143  0.983758  1.03488  1.06519  1.10551  1.14599  1.16475  1.17915  1.19053  1.19974  1.20734  1.21915  1.22788  1.23459  1.24423  1.25752  1.26435  1.27238  1.27595  
1  0.91  0  0  0  0  0  0.000460262  0.30203  0.634505  0.858456  0.97799  1.03162  1.06314  1.10277  1.14483  1.16425  1.17912  1.19084  1.20032  1.20813  1.22024  1.22917  1.23603  1.24586  1.25939  1.26631  1.27445  1.27805  
1  0.92  0  0  0  0  0  0.000426123  0.279941  0.613577  0.844029  0.970969  1.02783  1.06103  1.09959  1.14335  1.16347  1.17883  1.19092  1.20067  1.2087  1.22111  1.23026  1.23727  1.24729  1.26105  1.26808  1.27632  1.27997  
1  0.93  0  0  0  0  0  0.000391984  0.257852  0.59265  0.829602  0.963949  1.02405  1.05893  1.09642  1.14187  1.16269  1.17854  1.191  1.20102  1.20926  1.22199  1.23135  1.2385  1.24873  1.26272  1.26986  1.27819  1.28188  
1  0.94  0  0  0  0  0  0.00034198  0.225624  0.572277  0.813276  0.955421  1.01998  1.05672  1.0928  1.14007  1.16163  1.17801  1.19084  1.20115  1.20962  1.22267  1.23224  1.23955  1.24997  1.2642  1.27144  1.27988  1.28361  
1  0.95  0  0  0  0  0  0.000291976  0.193396  0.551904  0.79695  0.946892  1.01591  1.05451  1.08919  1.13827  1.16057  1.17747  1.19068  1.20129  1.20997  1.22334  1.23313  1.24059  1.25122  1.26568  1.27302  1.28157  1.28534  
1  0.96  0  0  0  0  0  0.000272659  0.180769  0.529608  0.780352  0.937309  1.01153  1.05199  1.08512  1.13614  1.15923  1.17668  1.1903  1.2012  1.21012  1.22382  1.23383  1.24145  1.25228  1.26698  1.27442  1.28308  1.28688  
1  0.97  0  0  0  0  0  0.000253343  0.168142  0.507312  0.763754  0.927725  1.00714  1.04947  1.08105  1.13402  1.1579  1.1759  1.18991  1.20112  1.21027  1.22429  1.23453  1.24231  1.25334  1.26828  1.27582  1.28458  1.28843  
1  0.98  0  0  0  0  0  0.000211298  0.140972  0.484302  0.746186  0.916934  1.00197  1.04621  1.07654  1.13158  1.1563  1.17487  1.18931  1.20082  1.21021  1.22458  1.23504  1.24299  1.25423  1.2694  1.27705  1.28591  1.2898  
1  0.99  0  0  0  0  0  0.000169254  0.113802  0.461293  0.728617  0.906143  0.996787  1.04295  1.07202  1.12914  1.15469  1.17385  1.1887  1.20053  1.21016  1.22487  1.23556  1.24366  1.25511  1.27053  1.27828  1.28724  1.29117  
1  1  0  0  0  0  0  0.000107199  0.0739485  0.44747  0.714412  0.893053  0.990838  1.03982  1.07057  1.12642  1.15282  1.17258  1.18789  1.20008  1.20995  1.22492  1.23593  1.24435  1.25577  1.27148  1.27904  1.28731  1.29147  
1  1.01  0  0  0  0  0  4.51436e-05  0.0340954  0.433648  0.700206  0.879963  0.984889  1.03669  1.06912  1.12369  1.15095  1.17132  1.18707  1.19962  1.20975  1.22496  1.23631  1.24504  1.25643  1.27243  1.2798  1.28737  1.29178  
1  1.02  0  0  0  0  0  2.25718e-05  0.0193464  0.407964  0.676256  0.869268  0.980557  1.03373  1.06671  1.12057  1.14882  1.16984  1.18604  1.19885  1.20923  1.22499  1.23641  1.24512  1.25688  1.27325  1.28158  1.28902  1.29417  
1  1.03  0  0  0  0  0  6.45784e-11  0.00459747  0.382279  0.652305  0.858573  0.976226  1.03077  1.06431  1.11746  1.14669  1.16837  1.18501  1.19809  1.20871  1.22502  1.23651  1.24519  1.25733  1.27406  1.28336  1.29067  1.29657  
1  1.04  0  0  0  0  0  0  0.00426577  0.355396  0.636236  0.846821  0.971481  1.02763  1.06066  1.1141  1.14429  1.16662  1.18372  1.19725  1.20815  1.22474  1.23651  1.24546  1.25786  1.27451  1.28385  1.2919  1.29658  
1  1.05  0  0  0  0  0  0  0.0039341  0.328513  0.620166  0.835068  0.966737  1.02448  1.05702  1.11075  1.14189  1.16486  1.18243  1.19641  1.20758  1.22446  1.23651  1.24573  1.25839  1.27496  1.28433  1.29313  1.29659  
1  1.06  0  0  0  0  0  0  0.0038354  0.320239  0.603497  0.821743  0.955236  1.01711  1.05602  1.10708  1.13928  1.16297  1.18106  1.19533  1.2068  1.22402  1.2364  1.24575  1.2587  1.27563  1.28468  1.29449  1.29723  
1  1.07  0  0  0  0  0  0  0.0037367  0.311965  0.586828  0.808418  0.943736  1.00974  1.05502  1.10342  1.13666  1.16107  1.17969  1.19425  1.20601  1.22358  1.23628  1.24577  1.25901  1.27631  1.28503  1.29585  1.29787  
1  1.08  0  0  0  0  0  0  0.00346344  0.28973  0.569785  0.793861  0.937804  1.00628  1.05204  1.10034  1.13377  1.15891  1.17803  1.19299  1.20499  1.22305  1.23596  1.24554  1.25895  1.27685  1.2851  1.2964  1.29821  
1  1.09  0  0  0  0  0  0  0.00319019  0.267495  0.552742  0.779304  0.931872  1.00283  1.04905  1.09726  1.13087  1.15675  1.17636  1.19173  1.20397  1.22252  1.23563  1.24531  1.25889  1.27739  1.28517  1.29695  1.29854  
1  1.1  0  0  0  0  0  0  0.00290654  0.244429  0.535636  0.763025  0.918863  0.999369  1.04627  1.09392  1.12773  1.15439  1.17457  1.19031  1.20289  1.22183  1.23512  1.24513  1.25883  1.27726  1.28542  1.29687  1.29895  
1  1.11  0  0  0  0  0  0  0.0026229  0.221363  0.51853  0.746745  0.905855  0.995911  1.04348  1.09057  1.1246  1.15204  1.17278  1.1889  1.20181  1.22113  1.2346  1.24495  1.25877  1.27714  1.28566  1.29679  1.29935  
1  1.12  0  0  0  0  0  0  0.00231302  0.196201  0.501385  0.729365  0.898142  0.992635  1.04098  1.08743  1.12121  1.14947  1.17078  1.18733  1.20051  1.22019  1.23411  1.24444  1.2587  1.27712  1.28605  1.29589  1.30137  
1  1.13  0  0  0  0  0  0  0.00200314  0.171038  0.48424  0.711984  0.89043  0.989359  1.03848  1.08429  1.11783  1.14691  1.16877  1.18576  1.1992  1.21925  1.23362  1.24393  1.25863  1.27711  1.28644  1.29499  1.30339  
1  1.14  0  0  0  0  0  0  0.00178829  0.153469  0.467251  0.702322  0.88159  0.979562  1.03153  1.08052  1.11434  1.14417  1.16659  1.18399  1.19779  1.21829  1.23272  1.2434  1.25824  1.27713  1.28675  1.29544  1.30348  
1  1.15  0  0  0  0  0  0  0.00157343  0.135899  0.450263  0.692659  0.872751  0.969765  1.02458  1.07676  1.11085  1.14143  1.16441  1.18223  1.19637  1.21733  1.23181  1.24287  1.25785  1.27715  1.28707  1.29589  1.30356  
1  1.16  0  0  0  0  0  0  0.00147634  0.127758  0.433519  0.672583  0.856308  0.965731  1.02174  1.07389  1.10773  1.13849  1.16208  1.18033  1.19479  1.21615  1.23111  1.24219  1.25736  1.27692  1.28671  1.297  1.30333  
1  1.17  0  0  0  0  0  0  0.00137925  0.119616  0.416776  0.652506  0.839866  0.961696  1.0189  1.07102  1.10461  1.13555  1.15975  1.17843  1.19321  1.21496  1.23042  1.24152  1.25686  1.2767  1.28635  1.29812  1.3031  
1  1.18  0  0  0  0  0  0  0.00103428  0.0916798  0.401197  0.641618  0.829021  0.951234  1.01617  1.06817  1.10138  1.13244  1.15727  1.17637  1.1915  1.2137  1.22928  1.24062  1.25627  1.27631  1.2857  1.29828  1.30197  
1  1.19  0  0  0  0  0  0  0.000689299  0.0637429  0.385617  0.63073  0.818175  0.940773  1.01345  1.06532  1.09814  1.12933  1.1548  1.17431  1.18978  1.21244  1.22814  1.23972  1.25568  1.27592  1.28505  1.29844  1.30085  
1  1.2  0  0  0  0  0  0  0.000344649  0.0358279  0.369449  0.608513  0.806752  0.935428  1.00561  1.06216  1.09451  1.12604  1.15216  1.17217  1.18792  1.21104  1.22706  1.23885  1.25487  1.27544  1.28496  1.29765  1.30025  
1  1.21  0  0  0  0  0  0  0  0.00791296  0.35328  0.586296  0.795329  0.930084  0.997774  1.059  1.09088  1.12276  1.14952  1.17003  1.18605  1.20963  1.22597  1.23797  1.25405  1.27496  1.28488  1.29686  1.29965  
1  1.22  0  0  0  0  0  0  0  0.00755886  0.337952  0.574747  0.783031  0.92443  0.99493  1.05716  1.08815  1.11946  1.14675  1.16771  1.18411  1.20811  1.22472  1.23691  1.25341  1.27431  1.2848  1.29524  1.29929  
1  1.23  0  0  0  0  0  0  0  0.00720476  0.322624  0.563197  0.770733  0.918775  0.992086  1.05532  1.08542  1.11616  1.14397  1.16539  1.18218  1.20658  1.22347  1.23585  1.25276  1.27365  1.28473  1.29362  1.29894  
1  1.24  0  0  0  0  0  0  0  0.0069332  0.310804  0.552301  0.756769  0.906441  0.989215  1.05264  1.08261  1.11309  1.14109  1.16296  1.1801  1.20502  1.22217  1.23463  1.25151  1.27307  1.28348  1.29263  1.29894  
1  1.25  0  0  0  0  0  0  0  0.00666163  0.298983  0.541405  0.742804  0.894107  0.986345  1.04995  1.07979  1.11003  1.1382  1.16054  1.17802  1.20346  1.22086  1.23341  1.25025  1.27249  1.28223  1.29164  1.29895  
1  1.26  0  0  0  0  0  0  0  0.00588826  0.266005  0.530951  0.72834  0.886763  0.977671  1.04752  1.07728  1.10702  1.13521  1.15802  1.17583  1.20167  1.2194  1.23229  1.24948  1.27141  1.28152  1.29125  1.29844  
1  1.27  0  0  0  0  0  0  0  0.00511489  0.233027  0.520496  0.713876  0.879419  0.968997  1.04509  1.07477  1.10402  1.13221  1.15549  1.17364  1.19987  1.21793  1.23117  1.24871  1.27032  1.28081  1.29085  1.29792  
1  1.28  0  0  0  0  0  0  0  0.00485995  0.22141  0.495341  0.697829  0.864899  0.965355  1.04074  1.07187  1.1007  1.12911  1.15287  1.17138  1.19814  1.21643  1.22967  1.24744  1.26936  1.27988  1.29147  1.29687  
1  1.29  0  0  0  0  0  0  0  0.004605  0.209793  0.470186  0.681783  0.850379  0.961713  1.03639  1.06897  1.09739  1.12602  1.15025  1.16912  1.19641  1.21493  1.22817  1.24617  1.2684  1.27894  1.29209  1.29582  
1  1.3  0  0  0  0  0  0  0  0.00434556  0.198489  0.459757  0.675204  0.841749  0.952039  1.03422  1.06634  1.09426  1.12295  1.14755  1.16681  1.19447  1.21337  1.2269  1.24492  1.26768  1.27826  1.29142  1.29456  
1  1.31  0  0  0  0  0  0  0  0.00408611  0.187185  0.449328  0.668625  0.833118  0.942365  1.03204  1.06371  1.09114  1.11988  1.14485  1.1645  1.19253  1.2118  1.22563  1.24367  1.26697  1.27758  1.29076  1.2933  
1  1.32  0  0  0  0  0  0  0  0.00406242  0.185863  0.439376  0.651449  0.824264  0.938488  1.03008  1.06121  1.08837  1.11697  1.14207  1.16204  1.1906  1.21002  1.22398  1.24244  1.26555  1.27637  1.2889  1.29168  
1  1.33  0  0  0  0  0  0  0  0.00403873  0.184541  0.429425  0.634274  0.81541  0.93461  1.02812  1.05871  1.08559  1.11406  1.13929  1.15958  1.18868  1.20823  1.22233  1.2412  1.26413  1.27516  1.28704  1.29007  
1  1.34  0  0  0  0  0  0  0  0.00333716  0.154043  0.403698  0.62731  0.805569  0.929606  1.02136  1.0563  1.08423  1.11134  1.1365  1.15712  1.18668  1.20656  1.2208  1.23975  1.26285  1.27386  1.28523  1.28908  
1  1.35  0  0  0  0  0  0  0  0.00263559  0.123545  0.377971  0.620345  0.795729  0.924601  1.01461  1.05389  1.08287  1.10862  1.1337  1.15467  1.18468  1.20489  1.21926  1.23831  1.26157  1.27256  1.28341  1.2881  
1  1.36  0  0  0  0  0  0  0  0.00301099  0.139125  0.369706  0.602087  0.784961  0.913419  1.01261  1.0519  1.08038  1.10568  1.13084  1.15214  1.18259  1.20299  1.21758  1.23674  1.26032  1.27093  1.28174  1.28689  
1  1.37  0  0  0  0  0  0  0  0.00338639  0.154704  0.36144  0.583828  0.774194  0.902237  1.01061  1.04991  1.07789  1.10274  1.12798  1.14962  1.18049  1.20109  1.2159  1.23518  1.25906  1.26929  1.28007  1.28569  
1  1.38  0  0  0  0  0  0  0  0.00188595  0.0911415  0.354081  0.576975  0.763051  0.896424  1.00622  1.04626  1.07437  1.10013  1.12527  1.14707  1.17844  1.19928  1.2142  1.23371  1.25737  1.2679  1.27953  1.28455  
1  1.39  0  0  0  0  0  0  0  0.000385506  0.0275787  0.346722  0.570122  0.751909  0.890611  1.00182  1.0426  1.07085  1.09751  1.12256  1.14452  1.17638  1.19746  1.21251  1.23224  1.25567  1.26651  1.27899  1.28342  
1  1.4  0  0  0  0  0  0  0  0.000192752  0.0185016  0.318984  0.550473  0.739627  0.878147  0.999866  1.0409  1.06866  1.09485  1.11979  1.14193  1.17418  1.19555  1.2107  1.23055  1.25436  1.2653  1.27768  1.28296  
1  1.41  0  0  0  0  0  0  0  6.43379e-10  0.00942466  0.291246  0.530824  0.727345  0.865683  0.997907  1.0392  1.06646  1.09219  1.11701  1.13933  1.17199  1.19363  1.20889  1.22886  1.25304  1.26409  1.27637  1.28251  
1  1.42  0  0  0  0  0  0  0  0  0.00930281  0.287525  0.524695  0.714903  0.858688  0.990226  1.03554  1.06446  1.08972  1.11429  1.13675  1.16984  1.19169  1.20715  1.22722  1.25146  1.26279  1.27426  1.27994  
1  1.43  0  0  0  0  0  0  0  0  0.00918098  0.283804  0.518566  0.702461  0.851693  0.982544  1.03188  1.06246  1.08725  1.11157  1.13417  1.16769  1.18976  1.20541  1.22558  1.24988  1.26149  1.27215  1.27737  
1  1.44  0  0  0  0  0  0  0  0  0.00915781  0.282241  0.498537  0.689154  0.844743  0.98024  1.03047  1.06076  1.08558  1.10945  1.1317  1.16551  1.18784  1.20353  1.22391  1.24812  1.25957  1.26996  1.2754  
1  1.45  0  0  0  0  0  0  0  0  0.00913463  0.280679  0.478507  0.675847  0.837793  0.977936  1.02906  1.05906  1.08392  1.10734  1.12923  1.16333  1.18591  1.20165  1.22225  1.24636  1.25764  1.26776  1.27343  
1  1.46  0  0  0  0  0  0  0  0  0.00823725  0.254909  0.472791  0.661104  0.82263  0.969755  1.02308  1.05593  1.08192  1.10496  1.12671  1.16115  1.18391  1.19984  1.22043  1.24476  1.25595  1.2665  1.27161  
1  1.47  0  0  0  0  0  0  0  0  0.00733987  0.229138  0.467075  0.646361  0.807467  0.961573  1.01709  1.05281  1.07993  1.10258  1.1242  1.15896  1.1819  1.19804  1.21862  1.24316  1.25426  1.26524  1.2698  
1  1.48  0  0  0  0  0  0  0  0  0.00639733  0.20135  0.446309  0.642371  0.799247  0.955514  1.01349  1.05145  1.07721  1.09978  1.12182  1.1568  1.17994  1.1961  1.21688  1.24133  1.25215  1.26433  1.26833  
1  1.49  0  0  0  0  0  0  0  0  0.0054548  0.173561  0.425543  0.63838  0.791027  0.949454  1.0099  1.05008  1.0745  1.09698  1.11945  1.15464  1.17799  1.19417  1.21513  1.23951  1.25004  1.26341  1.26687  
1  1.5  0  0  0  0  0  0  0  0  0.00544602  0.17315  0.421247  0.623458  0.781879  0.943829  1.00835  1.04698  1.07165  1.09485  1.11712  1.15249  1.17604  1.19232  1.21327  1.23773  1.24801  1.26133  1.2645  
1  1.51  0  0  0  0  0  0  0  0  0.00543724  0.172738  0.416952  0.608535  0.772731  0.938204  1.00681  1.04388  1.0688  1.09271  1.11478  1.15034  1.1741  1.19047  1.21141  1.23595  1.24599  1.25924  1.26214  
1  1.52  0  0  0  0  0  0  0  0  0.00586382  0.183979  0.396865  0.593033  0.763232  0.93146  1.00034  1.04091  1.06719  1.09072  1.1126  1.1482  1.17209  1.18861  1.2096  1.23401  1.24457  1.25695  1.26  
1  1.53  0  0  0  0  0  0  0  0  0.0062904  0.19522  0.376777  0.577531  0.753733  0.924716  0.993868  1.03794  1.06558  1.08873  1.11042  1.14606  1.17007  1.18675  1.20778  1.23207  1.24314  1.25466  1.25786  
1  1.54  0  0  0  0  0  0  0  0  0.00550765  0.172871  0.375078  0.57378  0.74391  0.920915  0.991964  1.0367  1.06416  1.08693  1.10836  1.144  1.16823  1.18488  1.20595  1.23052  1.24148  1.25202  1.25619  
1  1.55  0  0  0  0  0  0  0  0  0.00472489  0.150522  0.373379  0.570028  0.734086  0.917113  0.990059  1.03546  1.06275  1.08514  1.1063  1.14194  1.16638  1.183  1.20413  1.22896  1.23981  1.24938  1.25453  
1  1.56  0  0  0  0  0  0  0  0  0.00409073  0.131489  0.351461  0.553845  0.723263  0.907084  0.983176  1.03044  1.06023  1.08348  1.10432  1.13989  1.16447  1.18126  1.20248  1.22685  1.23767  1.24701  1.2527  
1  1.57  0  0  0  0  0  0  0  0  0.00345655  0.112456  0.329541  0.537662  0.71244  0.897056  0.976293  1.02542  1.0577  1.08182  1.10234  1.13784  1.16255  1.17952  1.20083  1.22473  1.23553  1.24463  1.25087  
1  1.58  0  0  0  0  0  0  0  0  0.00258319  0.0875721  0.328825  0.534755  0.701443  0.892417  0.971321  1.02238  1.05502  1.07949  1.10059  1.13582  1.16063  1.17764  1.19898  1.22286  1.23353  1.24275  1.24847  
1  1.59  0  0  0  0  0  0  0  0  0.00170983  0.0626877  0.328109  0.531847  0.690446  0.887779  0.966348  1.01934  1.05234  1.07716  1.09884  1.13379  1.15871  1.17576  1.19713  1.22099  1.23153  1.24087  1.24607  
1  1.6  0  0  0  0  0  0  0  0  0.000854915  0.0385584  0.331525  0.515638  0.678881  0.882999  0.963714  1.01572  1.04981  1.07485  1.09623  1.13189  1.15699  1.17409  1.19527  1.2193  1.22947  1.23925  1.24406  
1  1.61  0  0  0  0  0  0  0  0  0  0.0144291  0.334941  0.499428  0.667316  0.878218  0.96108  1.01211  1.04729  1.07254  1.09362  1.12999  1.15526  1.17242  1.1934  1.21761  1.22741  1.23763  1.24204  
1  1.62  0  0  0  0  0  0  0  0  0  0.0135929  0.316117  0.482126  0.655188  0.8698  0.95358  1.00885  1.04606  1.07116  1.09196  1.12808  1.15342  1.17063  1.19189  1.21588  1.2258  1.23646  1.24003  
1  1.63  0  0  0  0  0  0  0  0  0  0.0127567  0.297293  0.464823  0.643059  0.861382  0.946081  1.0056  1.04482  1.06977  1.09029  1.12617  1.15158  1.16885  1.19038  1.21414  1.22419  1.23529  1.23801  
1  1.64  0  0  0  0  0  0  0  0  0  0.0118565  0.278022  0.463869  0.64026  0.852799  0.94294  1.00169  1.04069  1.06754  1.08874  1.12427  1.14985  1.16711  1.18857  1.21248  1.22217  1.23344  1.23557  
1  1.65  0  0  0  0  0  0  0  0  0  0.0109563  0.25875  0.462915  0.637461  0.844216  0.939799  0.997784  1.03655  1.0653  1.08718  1.12237  1.14812  1.16536  1.18676  1.21082  1.22015  1.23158  1.23312  
1  1.66  0  0  0  0  0  0  0  0  0  0.0100309  0.238055  0.446162  0.624875  0.835074  0.931787  0.994248  1.03522  1.06299  1.08514  1.12057  1.14641  1.16382  1.1852  1.20882  1.2186  1.22906  1.23128  
1  1.67  0  0  0  0  0  0  0  0  0  0.00910551  0.21736  0.429408  0.612288  0.825931  0.923774  0.990712  1.03389  1.06067  1.0831  1.11877  1.14471  1.16228  1.18364  1.20682  1.21705  1.22653  1.22945  
1  1.68  0  0  0  0  0  0  0  0  0  0.00817439  0.197549  0.429737  0.599151  0.819447  0.920128  0.986505  1.02959  1.05844  1.08169  1.11703  1.14299  1.1606  1.18201  1.20513  1.2152  1.22451  1.22798  
1  1.69  0  0  0  0  0  0  0  0  0  0.00724327  0.177739  0.430066  0.586014  0.812962  0.916483  0.982298  1.0253  1.05621  1.08027  1.11529  1.14127  1.15891  1.18038  1.20345  1.21334  1.22249  1.22651  
1  1.7  0  0  0  0  0  0  0  0  0  0.00762063  0.184834  0.413634  0.584474  0.806436  0.910164  0.978448  1.02384  1.05496  1.07828  1.11369  1.13966  1.15728  1.17887  1.20178  1.21132  1.22061  1.22451  
1  1.71  0  0  0  0  0  0  0  0  0  0.00799799  0.191929  0.397202  0.582934  0.799909  0.903846  0.974598  1.02238  1.05371  1.07629  1.1121  1.13805  1.15565  1.17736  1.20012  1.20931  1.21873  1.22252  
1  1.72  0  0  0  0  0  0  0  0  0  0.00707958  0.171418  0.380996  0.56964  0.789269  0.897404  0.97008  1.0179  1.05032  1.07429  1.11031  1.13644  1.15424  1.17573  1.19876  1.20763  1.21676  1.22089  
1  1.73  0  0  0  0  0  0  0  0  0  0.00616118  0.150907  0.36479  0.556346  0.778628  0.890963  0.965562  1.01341  1.04693  1.07229  1.10851  1.13483  1.15283  1.17411  1.1974  1.20595  1.21479  1.21927  
1  1.74  0  0  0  0  0  0  0  0  0  0.00737844  0.177094  0.367176  0.542579  0.771106  0.886706  0.963116  1.01179  1.04562  1.07105  1.10699  1.13327  1.15122  1.17264  1.19561  1.20466  1.21315  1.21846  
1  1.75  0  0  0  0  0  0  0  0  0  0.00859571  0.203281  0.369561  0.528812  0.763583  0.88245  0.96067  1.01018  1.04432  1.06982  1.10548  1.13172  1.14962  1.17117  1.19382  1.20337  1.21151  1.21766  
1  1.76  0  0  0  0  0  0  0  0  0  0.00826251  0.195184  0.35289  0.528497  0.755957  0.875147  0.954068  1.00549  1.04083  1.06706  1.10386  1.13017  1.14817  1.16972  1.19227  1.20126  1.20964  1.21522  
1  1.77  0  0  0  0  0  0  0  0  0  0.00792932  0.187087  0.336219  0.528181  0.74833  0.867845  0.947467  1.00081  1.03734  1.06431  1.10225  1.12861  1.14673  1.16826  1.19071  1.19914  1.20777  1.21278  
1  1.78  0  0  0  0  0  0  0  0  0  0.00735289  0.173816  0.318937  0.514475  0.740117  0.863024  0.944634  0.998996  1.03595  1.06307  1.10059  1.12713  1.14538  1.16684  1.18913  1.19778  1.20615  1.21009  
1  1.79  0  0  0  0  0  0  0  0  0  0.00677646  0.160545  0.301656  0.500769  0.731904  0.858202  0.941801  0.997179  1.03456  1.06184  1.09893  1.12564  1.14402  1.16541  1.18756  1.19643  1.20452  1.20741  
1  1.8  0  0  0  0  0  0  0  0  0  0.00495119  0.122086  0.309503  0.487652  0.723793  0.850628  0.936657  0.992307  1.03099  1.05904  1.09753  1.12416  1.14249  1.16403  1.18642  1.19508  1.20333  1.20568  
1  1.81  0  0  0  0  0  0  0  0  0  0.00312591  0.0836273  0.317349  0.474534  0.715683  0.843053  0.931512  0.987435  1.02741  1.05625  1.09613  1.12267  1.14095  1.16265  1.18528  1.19373  1.20213  1.20395  
1  1.82  0  0  0  0  0  0  0  0  0  0.0078422  0.183483  0.303001  0.475609  0.706852  0.834732  0.926481  0.985391  1.02594  1.055  1.0946  1.12125  1.13968  1.16122  1.18357  1.19219  1.2008  1.20221  
1  1.83  0  0  0  0  0  0  0  0  0  0.0125584  0.283336  0.288652  0.476684  0.698021  0.82641  0.92145  0.983347  1.02446  1.05374  1.09307  1.11983  1.13841  1.1598  1.18187  1.19066  1.19947  1.20047  
1  1.84  0  0  0  0  0  0  0  0  0  0.00627921  0.148385  0.272913  0.462882  0.689144  0.820778  0.918096  0.979616  1.02202  1.05163  1.09144  1.11839  1.13702  1.15854  1.18046  1.18885  1.1975  1.19841  
1  1.85  0  0  0  0  0  0  0  0  0  0  0.0134339  0.257174  0.449079  0.680266  0.815147  0.914742  0.975885  1.01959  1.04952  1.08982  1.11694  1.13563  1.15728  1.17906  1.18704  1.19553  1.19635  
1  1.86  0  0  0  0  0  0  0  0  0  0  0.012676  0.243359  0.435157  0.670765  0.809338  0.909039  0.972268  1.01674  1.04751  1.08831  1.11553  1.1343  1.156  1.17762  1.18553  1.19378  1.19501  
1  1.87  0  0  0  0  0  0  0  0  0  0  0.0119181  0.229544  0.421235  0.661264  0.803529  0.903335  0.968651  1.01389  1.0455  1.08679  1.11412  1.13296  1.15471  1.17618  1.18401  1.19203  1.19367  
1  1.88  0  0  0  0  0  0  0  0  0  0  0.0110101  0.214437  0.426078  0.656817  0.794073  0.897587  0.966422  1.01236  1.04335  1.08553  1.11285  1.13167  1.15341  1.17492  1.18289  1.1904  1.19253  
1  1.89  0  0  0  0  0  0  0  0  0  0  0.010102  0.199331  0.43092  0.652369  0.784616  0.891838  0.964193  1.01084  1.0412  1.08426  1.11159  1.13038  1.15211  1.17365  1.18178  1.18877  1.1914  
1  1.9  0  0  0  0  0  0  0  0  0  0  0.0107754  0.209941  0.418163  0.642674  0.778268  0.885634  0.958542  1.00683  1.03914  1.08278  1.11026  1.12917  1.15093  1.17233  1.18046  1.18713  1.19112  
1  1.91  0  0  0  0  0  0  0  0  0  0  0.0114487  0.220551  0.405405  0.632979  0.771919  0.87943  0.95289  1.00283  1.03709  1.0813  1.10893  1.12797  1.14976  1.171  1.17915  1.1855  1.19084  
1  1.92  0  0  0  0  0  0  0  0  0  0  0.0106898  0.206726  0.391592  0.622802  0.765036  0.875275  0.950387  1.00116  1.03579  1.07975  1.10758  1.1267  1.14857  1.16979  1.17756  1.18398  1.18889  
1  1.93  0  0  0  0  0  0  0  0  0  0  0.00993078  0.192901  0.377779  0.612624  0.758152  0.87112  0.947883  0.999483  1.0345  1.0782  1.10624  1.12543  1.14738  1.16857  1.17597  1.18246  1.18693  
1  1.94  0  0  0  0  0  0  0  0  0  0  0.00920741  0.179632  0.364372  0.608341  0.751288  0.866894  0.9434  0.995319  1.03147  1.07673  1.105  1.12424  1.14613  1.16716  1.17461  1.1811  1.18557  
1  1.95  0  0  0  0  0  0  0  0  0  0  0.00848404  0.166363  0.350964  0.604058  0.744423  0.862669  0.938916  0.991156  1.02844  1.07526  1.10377  1.12305  1.14487  1.16576  1.17326  1.17975  1.18421  
1  1.96  0  0  0  0  0  0  0  0  0  0  0.0077943  0.153787  0.338199  0.593693  0.733442  0.853383  0.934667  0.989338  1.02707  1.07374  1.10249  1.12189  1.14386  1.16447  1.17226  1.17846  1.1821  
1  1.97  0  0  0  0  0  0  0  0  0  0  0.00710456  0.141212  0.325433  0.583328  0.72246  0.844097  0.930418  0.987521  1.0257  1.07222  1.10121  1.12073  1.14284  1.16317  1.17126  1.17718  1.17998  
1  1.98  0  0  0  0  0  0  0  0  0  0  0.00683375  0.137174  0.332543  0.572812  0.714875  0.83934  0.925578  0.983165  1.02259  1.07078  1.10003  1.11957  1.14162  1.16222  1.16975  1.1763  1.178  
1  1.99  0  0  0  0  0  0  0  0  0  0  0.00656294  0.133136  0.339653  0.562296  0.707291  0.834584  0.920737  0.978809  1.01948  1.06934  1.09884  1.1184  1.1404  1.16127  1.16823  1.17541  1.17601  
1  2  0  0  0  0  0  0  0  0  0  0  0.00631052  0.128399  0.332945  0.55556  0.700128  0.827853  0.915579  0.975279  1.01696  1.06788  1.09775  1.11742  1.13948  1.16025  1.16716  1.1742  1.17481  
1  2.01  0  0  0  0  0  0  0  0  0  0  0.0060581  0.123663  0.326236  0.548825  0.692966  0.821122  0.910422  0.971749  1.01444  1.06642  1.09666  1.11644  1.13855  1.15922  1.16609  1.17298  1.17362  
1  2.02  0  0  0  0  0  0  0  0  0  0  0.00580568  0.118926  0.319527  0.542089  0.685803  0.814392  0.905264  0.968219  1.01192  1.06497  1.09557  1.11546  1.13763  1.1582  1.16502  1.17177  1.17242  
1  2.03  0  0  0  0  0  0  0  0  0  0  0.00555326  0.11419  0.312818  0.535354  0.678641  0.807661  0.900106  0.964689  1.0094  1.06351  1.09447  1.11448  1.1367  1.15717  1.16395  1.17056  1.17122  
1  2.04  0  0  0  0  0  0  0  0  0  0  0.00530084  0.109453  0.30611  0.528619  0.671479  0.80093  0.894948  0.96116  1.00687  1.06205  1.09338  1.11351  1.13578  1.15615  1.16288  1.16934  1.17002  
1  2.05  0  0  0  0  0  0  0  0  0  0  0.00504842  0.104717  0.299401  0.521883  0.664316  0.794199  0.889791  0.95763  1.00435  1.0606  1.09229  1.11253  1.13486  1.15513  1.16181  1.16813  1.16883  
1  2.06  0  0  0  0  0  0  0  0  0  0  0.004796  0.0999806  0.292692  0.515148  0.657154  0.787469  0.884633  0.9541  1.00183  1.05914  1.0912  1.11155  1.13393  1.1541  1.16074  1.16691  1.16763  
1  2.07  0  0  0  0  0  0  0  0  0  0  0.00454358  0.0952442  0.285983  0.508412  0.649991  0.780738  0.879475  0.95057  0.999311  1.05768  1.0901  1.11057  1.13301  1.15308  1.15967  1.1657  1.16643  
1  2.08  0  0  0  0  0  0  0  0  0  0  0.00429116  0.0905077  0.279274  0.501677  0.642829  0.774007  0.874318  0.94704  0.996789  1.05622  1.08901  1.10959  1.13208  1.15205  1.1586  1.16449  1.16524  
1  2.09  0  0  0  0  0  0  0  0  0  0  0.00403874  0.0857713  0.272566  0.494942  0.635666  0.767276  0.86916  0.94351  0.994268  1.05477  1.08792  1.10861  1.13116  1.15103  1.15753  1.16327  1.16404  
1  2.1  0  0  0  0  0  0  0  0  0  0  0.00378632  0.0810349  0.265857  0.488206  0.628504  0.760545  0.864002  0.93998  0.991747  1.05331  1.08683  1.10763  1.13023  1.15  1.15646  1.16206  1.16284  
1  2.11  0  0  0  0  0  0  0  0  0  0  0.0035339  0.0762984  0.259148  0.481471  0.621341  0.753815  0.858844  0.93645  0.989226  1.05185  1.08573  1.10665  1.12931  1.14898  1.15539  1.16084  1.16164  
1  2.12  0  0  0  0  0  0  0  0  0  0  0.00328147  0.071562  0.252439  0.474736  0.614179  0.747084  0.853687  0.93292  0.986705  1.0504  1.08464  1.10567  1.12838  1.14796  1.15432  1.15963  1.16045  
1  2.13  0  0  0  0  0  0  0  0  0  0  0.00302905  0.0668255  0.24573  0.468  0.607016  0.740353  0.848529  0.92939  0.984183  1.04894  1.08355  1.10469  1.12746  1.14693  1.15325  1.15842  1.15925  
1  2.14  0  0  0  0  0  0  0  0  0  0  0.00277663  0.062089  0.239021  0.461265  0.599854  0.733622  0.843371  0.92586  0.981662  1.04748  1.08245  1.10371  1.12653  1.14591  1.15218  1.1572  1.15805  
1  2.15  0  0  0  0  0  0  0  0  0  0  0.00252421  0.0573526  0.232313  0.454529  0.592692  0.726892  0.838214  0.92233  0.979141  1.04602  1.08136  1.10273  1.12561  1.14488  1.15111  1.15599  1.15686  
1  2.16  0  0  0  0  0  0  0  0  0  0  0.00227179  0.0526162  0.225604  0.447794  0.585529  0.720161  0.833056  0.9188  0.97662  1.04457  1.08027  1.10175  1.12469  1.14386  1.15004  1.15478  1.15566  
1  2.17  0  0  0  0  0  0  0  0  0  0  0.00201937  0.0478797  0.218895  0.441058  0.578367  0.71343  0.827898  0.91527  0.974099  1.04311  1.07918  1.10077  1.12376  1.14283  1.14897  1.15356  1.15446  
1  2.18  0  0  0  0  0  0  0  0  0  0  0.00176694  0.0431433  0.212186  0.434323  0.571204  0.706699  0.82274  0.91174  0.971578  1.04165  1.07808  1.09979  1.12284  1.14181  1.1479  1.15235  1.15326  
1  2.19  0  0  0  0  0  0  0  0  0  0  0.00151452  0.0384069  0.205478  0.427588  0.564042  0.699969  0.817583  0.908211  0.969056  1.0402  1.07699  1.09881  1.12191  1.14079  1.14683  1.15113  1.15207  
1  2.2  0  0  0  0  0  0  0  0  0  0  0.0012621  0.0336705  0.198769  0.420852  0.556879  0.693238  0.812425  0.904681  0.966535  1.03874  1.0759  1.09783  1.12099  1.13976  1.14576  1.14992  1.15087  
1  2.21  0  0  0  0  0  0  0  0  0  0  0.00100968  0.028934  0.19206  0.414117  0.549717  0.686507  0.807267  0.901151  0.964014  1.03728  1.07481  1.09685  1.12006  1.13874  1.14469  1.14871  1.14967  
1  2.22  0  0  0  0  0  0  0  0  0  0  0.000757262  0.0241976  0.185351  0.407381  0.542554  0.679776  0.80211  0.897621  0.961493  1.03583  1.07371  1.09587  1.11914  1.13771  1.14362  1.14749  1.14848  
1  2.23  0  0  0  0  0  0  0  0  0  0  0.000504841  0.0194612  0.178642  0.400646  0.535392  0.673045  0.796952  0.894091  0.958972  1.03437  1.07262  1.09489  1.11821  1.13669  1.14255  1.14628  1.14728  
1  2.24  0  0  0  0  0  0  0  0  0  0  0.000252421  0.0147247  0.171934  0.393911  0.52823  0.666315  0.791794  0.890561  0.956451  1.03291  1.07153  1.09391  1.11729  1.13567  1.14148  1.14506  1.14608  
1  2.25  0  0  0  0  0  0  0  0  0  0  3.36292e-17  0.0099883  0.165225  0.387175  0.521067  0.659584  0.786636  0.887031  0.95393  1.03145  1.07044  1.09293  1.11636  1.13464  1.14041  1.14385  1.14488  
1  2.26  0  0  0  0  0  0  0  0  0  0  0  0.00978854  0.16192  0.381019  0.515259  0.653914  0.780855  0.881174  0.94931  1.02948  1.06947  1.0923  1.11585  1.13403  1.13971  1.14307  1.14403  
1  2.27  0  0  0  0  0  0  0  0  0  0  0  0.00958877  0.158616  0.374862  0.509451  0.648245  0.775073  0.875317  0.944691  1.02751  1.06851  1.09167  1.11533  1.13342  1.13901  1.1423  1.14318  
1  2.28  0  0  0  0  0  0  0  0  0  0  0  0.009389  0.155311  0.368706  0.503643  0.642576  0.769292  0.86946  0.940072  1.02553  1.06755  1.09104  1.11481  1.13281  1.1383  1.14152  1.14233  
1  2.29  0  0  0  0  0  0  0  0  0  0  0  0.00918924  0.152007  0.362549  0.497835  0.636906  0.763511  0.863603  0.935453  1.02356  1.06658  1.09041  1.1143  1.1322  1.1376  1.14074  1.14148  
1  2.3  0  0  0  0  0  0  0  0  0  0  0  0.00898947  0.148702  0.356393  0.492027  0.631237  0.757729  0.857745  0.930834  1.02159  1.06562  1.08977  1.11378  1.13159  1.1369  1.13996  1.14063  
1  2.31  0  0  0  0  0  0  0  0  0  0  0  0.00878971  0.145398  0.350236  0.486219  0.625567  0.751948  0.851888  0.926215  1.01961  1.06466  1.08914  1.11326  1.13098  1.1362  1.13919  1.13978  
1  2.32  0  0  0  0  0  0  0  0  0  0  0  0.00858994  0.142093  0.344079  0.480411  0.619898  0.746166  0.846031  0.921596  1.01764  1.06369  1.08851  1.11275  1.13037  1.1355  1.13841  1.13893  
1  2.33  0  0  0  0  0  0  0  0  0  0  0  0.00839018  0.138789  0.337923  0.474603  0.614228  0.740385  0.840174  0.916977  1.01567  1.06273  1.08788  1.11223  1.12976  1.13479  1.13763  1.13808  
1  2.34  0  0  0  0  0  0  0  0  0  0  0  0.00819041  0.135484  0.331766  0.468795  0.608559  0.734603  0.834317  0.912358  1.01369  1.06177  1.08725  1.11171  1.12915  1.13409  1.13685  1.13723  
1  2.35  0  0  0  0  0  0  0  0  0  0  0  0.00799064  0.13218  0.32561  0.462987  0.602889  0.728822  0.82846  0.907739  1.01172  1.0608  1.08662  1.1112  1.12854  1.13339  1.13608  1.13638  
1  2.36  0  0  0  0  0  0  0  0  0  0  0  0.00779088  0.128875  0.319453  0.457179  0.59722  0.72304  0.822603  0.90312  1.00975  1.05984  1.08598  1.11068  1.12793  1.13269  1.1353  1.13553  
1  2.37  0  0  0  0  0  0  0  0  0  0  0  0.00759111  0.125571  0.313297  0.451371  0.59155  0.717259  0.816746  0.898501  1.00777  1.05888  1.08535  1.11016  1.12732  1.13199  1.13452  1.13468  
1  2.38  0  0  0  0  0  0  0  0  0  0  0  0.00739134  0.122266  0.30714  0.445563  0.585881  0.711477  0.810888  0.893882  1.0058  1.05792  1.08472  1.10965  1.12671  1.13128  1.13374  1.13383  
1  2.39  0  0  0  0  0  0  0  0  0  0  0  0.00719158  0.118962  0.300983  0.439755  0.580211  0.705696  0.805031  0.889263  1.00383  1.05695  1.08409  1.10913  1.1261  1.13058  1.13297  1.13298  
1  2.4  0  0  0  0  0  0  0  0  0  0  0  0.00699181  0.115657  0.294827  0.433947  0.574542  0.699914  0.799174  0.884644  1.00185  1.05599  1.08346  1.10861  1.12549  1.12988  1.13219  1.13213  
1  2.41  0  0  0  0  0  0  0  0  0  0  0  0.00679204  0.112353  0.28867  0.428139  0.568872  0.694133  0.793317  0.880025  0.999882  1.05503  1.08283  1.1081  1.12488  1.12918  1.13141  1.13128  
1  2.42  0  0  0  0  0  0  0  0  0  0  0  0.00659228  0.109048  0.282514  0.422331  0.563203  0.688351  0.78746  0.875406  0.997908  1.05406  1.08219  1.10758  1.12427  1.12848  1.13063  1.13043  
1  2.43  0  0  0  0  0  0  0  0  0  0  0  0.00639251  0.105744  0.276357  0.416523  0.557533  0.68257  0.781603  0.870787  0.995935  1.0531  1.08156  1.10706  1.12366  1.12777  1.12986  1.12958  
1  2.44  0  0  0  0  0  0  0  0  0  0  0  0.00619275  0.102439  0.270201  0.410715  0.551864  0.676789  0.775746  0.866168  0.993962  1.05214  1.08093  1.10655  1.12306  1.12707  1.12908  1.12872  
1  2.45  0  0  0  0  0  0  0  0  0  0  0  0.00599298  0.0991349  0.264044  0.404907  0.546194  0.671007  0.769889  0.861549  0.991989  1.05117  1.0803  1.10603  1.12245  1.12637  1.1283  1.12787  
1  2.46  0  0  0  0  0  0  0  0  0  0  0  0.00579321  0.0958304  0.257887  0.399098  0.540525  0.665226  0.764032  0.85693  0.990015  1.05021  1.07967  1.10551  1.12184  1.12567  1.12752  1.12702  
1  2.47  0  0  0  0  0  0  0  0  0  0  0  0.00559345  0.0925259  0.251731  0.39329  0.534855  0.659444  0.758174  0.85231  0.988042  1.04925  1.07904  1.105  1.12123  1.12497  1.12675  1.12617  
1  2.48  0  0  0  0  0  0  0  0  0  0  0  0.00539368  0.0892214  0.245574  0.387482  0.529186  0.653663  0.752317  0.847691  0.986069  1.04829  1.0784  1.10448  1.12062  1.12426  1.12597  1.12532  
1  2.49  0  0  0  0  0  0  0  0  0  0  0  0.00519392  0.0859169  0.239418  0.381674  0.523516  0.647881  0.74646  0.843072  0.984095  1.04732  1.07777  1.10396  1.12001  1.12356  1.12519  1.12447  
1  2.5  0  0  0  0  0  0  0  0  0  0  0  0.00499415  0.0826124  0.233261  0.375866  0.517847  0.6421  0.740603  0.838453  0.982122  1.04636  1.07714  1.10345  1.1194  1.12286  1.12441  1.12362  
1  2.51  0  0  0  0  0  0  0  0  0  0  0  0.00479439  0.0793079  0.227105  0.370058  0.512177  0.636318  0.734746  0.833834  0.980149  1.0454  1.07651  1.10293  1.11879  1.12216  1.12364  1.12277  
1  2.52  0  0  0  0  0  0  0  0  0  0  0  0.00459462  0.0760034  0.220948  0.36425  0.506508  0.630537  0.728889  0.829215  0.978176  1.04443  1.07588  1.10241  1.11818  1.12146  1.12286  1.12192  
1  2.53  0  0  0  0  0  0  0  0  0  0  0  0.00439485  0.0726989  0.214792  0.358442  0.500838  0.624755  0.723032  0.824596  0.976202  1.04347  1.07525  1.1019  1.11757  1.12075  1.12208  1.12107  
1  2.54  0  0  0  0  0  0  0  0  0  0  0  0.00419509  0.0693944  0.208635  0.352634  0.495169  0.618974  0.717175  0.819977  0.974229  1.04251  1.07461  1.10138  1.11696  1.12005  1.1213  1.12022  
1  2.55  0  0  0  0  0  0  0  0  0  0  0  0.00399532  0.06609  0.202478  0.346826  0.489499  0.613192  0.711318  0.815358  0.972256  1.04154  1.07398  1.10086  1.11635  1.11935  1.12053  1.11937  
1  2.56  0  0  0  0  0  0  0  0  0  0  0  0.00379556  0.0627855  0.196322  0.341018  0.48383  0.607411  0.705461  0.810739  0.970283  1.04058  1.07335  1.10035  1.11574  1.11865  1.11975  1.11852  
1  2.57  0  0  0  0  0  0  0  0  0  0  0  0.00359579  0.059481  0.190165  0.33521  0.47816  0.60163  0.699603  0.80612  0.968309  1.03962  1.07272  1.09983  1.11513  1.11795  1.11897  1.11767  
1  2.58  0  0  0  0  0  0  0  0  0  0  0  0.00339602  0.0561765  0.184009  0.329402  0.472491  0.595848  0.693746  0.801501  0.966336  1.03865  1.07209  1.09931  1.11452  1.11724  1.11819  1.11682  
1  2.59  0  0  0  0  0  0  0  0  0  0  0  0.00319626  0.052872  0.177852  0.323594  0.466821  0.590067  0.687889  0.796882  0.964363  1.03769  1.07146  1.0988  1.11391  1.11654  1.11742  1.11597  
1  2.6  0  0  0  0  0  0  0  0  0  0  0  0.00299649  0.0495675  0.171696  0.317786  0.461152  0.584285  0.682032  0.792263  0.96239  1.03673  1.07082  1.09828  1.1133  1.11584  1.11664  1.11512  
1  2.61  0  0  0  0  0  0  0  0  0  0  0  0.00279673  0.046263  0.165539  0.311978  0.455482  0.578504  0.676175  0.787644  0.960416  1.03577  1.07019  1.09776  1.11269  1.11514  1.11586  1.11427  
1  2.62  0  0  0  0  0  0  0  0  0  0  0  0.00259696  0.0429585  0.159383  0.30617  0.449813  0.572722  0.670318  0.783025  0.958443  1.0348  1.06956  1.09725  1.11208  1.11444  1.11508  1.11342  
1  2.63  0  0  0  0  0  0  0  0  0  0  0  0.00239719  0.0396539  0.153226  0.300362  0.444143  0.566941  0.664461  0.778406  0.95647  1.03384  1.06893  1.09673  1.11147  1.11373  1.11431  1.11257  
1  2.64  0  0  0  0  0  0  0  0  0  0  0  0.00219742  0.0363494  0.147069  0.294554  0.438474  0.561159  0.658604  0.773787  0.954497  1.03288  1.0683  1.09621  1.11086  1.11303  1.11353  1.11171  
1  2.65  0  0  0  0  0  0  0  0  0  0  0  0.00199766  0.0330449  0.140913  0.288746  0.432804  0.555378  0.652746  0.769168  0.952523  1.03191  1.06767  1.0957  1.11025  1.11233  1.11275  1.11086  
1  2.66  0  0  0  0  0  0  0  0  0  0  0  0.00179789  0.0297404  0.134756  0.282938  0.427135  0.549596  0.646889  0.764549  0.95055  1.03095  1.06703  1.09518  1.10964  1.11163  1.11197  1.11001  
1  2.67  0  0  0  0  0  0  0  0  0  0  0  0.00159813  0.0264359  0.1286  0.27713  0.421465  0.543815  0.641032  0.75993  0.948577  1.02999  1.0664  1.09466  1.10903  1.11093  1.11119  1.10916  
1  2.68  0  0  0  0  0  0  0  0  0  0  0  0.00139836  0.0231315  0.122443  0.271322  0.415796  0.538033  0.635175  0.75531  0.946604  1.02902  1.06577  1.09414  1.10842  1.11022  1.11042  1.10831  
1  2.69  0  0  0  0  0  0  0  0  0  0  0  0.0011986  0.019827  0.116287  0.265514  0.410126  0.532252  0.629318  0.750691  0.94463  1.02806  1.06514  1.09363  1.10781  1.10952  1.10964  1.10746  
1  2.7  0  0  0  0  0  0  0  0  0  0  0  0.000998829  0.0165225  0.11013  0.259706  0.404457  0.526471  0.623461  0.746072  0.942657  1.0271  1.06451  1.09311  1.1072  1.10882  1.10886  1.10661  
1  2.71  0  0  0  0  0  0  0  0  0  0  0  0.000799063  0.013218  0.103973  0.253898  0.398787  0.520689  0.617604  0.741453  0.940684  1.02613  1.06388  1.09259  1.10659  1.10812  1.10808  1.10576  
1  2.72  0  0  0  0  0  0  0  0  0  0  0  0.000599298  0.00991348  0.0978168  0.24809  0.393118  0.514908  0.611747  0.736834  0.938711  1.02517  1.06324  1.09208  1.10598  1.10742  1.10731  1.10491  
1  2.73  0  0  0  0  0  0  0  0  0  0  0  0.000399532  0.00660899  0.0916603  0.242282  0.387449  0.509126  0.60589  0.732215  0.936737  1.02421  1.06261  1.09156  1.10537  1.10671  1.10653  1.10406  
1  2.74  0  0  0  0  0  0  0  0  0  0  0  0.000199766  0.00330449  0.0855037  0.236474  0.381779  0.503345  0.600033  0.727596  0.934764  1.02325  1.06198  1.09104  1.10476  1.10601  1.10575  1.10321  
1  2.75  0  0  0  0  0  0  0  0  0  0  0  2.66142e-17  4.40247e-16  0.0793472  0.230666  0.37611  0.497563  0.594175  0.722977  0.932791  1.02228  1.06135  1.09053  1.10415  1.10531  1.10497  1.10236  
1  2.76  0  0  0  0  0  0  0  0  0  0  0  0  0  0.0777602  0.226181  0.371093  0.493419  0.59024  0.718225  0.928946  1.02071  1.06083  1.09042  1.1039  1.10494  1.1045  1.1019  
1  2.77  0  0  0  0  0  0  0  0  0  0  0  0  0  0.0761733  0.221697  0.366077  0.489276  0.586305  0.713472  0.925101  1.01914  1.06031  1.09031  1.10366  1.10458  1.10402  1.10144  
1  2.78  0  0  0  0  0  0  0  0  0  0  0  0  0  0.0745863  0.217213  0.361061  0.485132  0.58237  0.70872  0.921256  1.01757  1.05978  1.0902  1.10341  1.10421  1.10355  1.10099  
1  2.79  0  0  0  0  0  0  0  0  0  0  0  0  0  0.0729994  0.212729  0.356044  0.480988  0.578435  0.703967  0.917411  1.016  1.05926  1.09009  1.10316  1.10385  1.10307  1.10053  
1  2.8  0  0  0  0  0  0  0  0  0  0  0  0  0  0.0714125  0.208244  0.351028  0.476844  0.5745  0.699215  0.913566  1.01443  1.05874  1.08999  1.10292  1.10348  1.1026  1.10007  
1  2.81  0  0  0  0  0  0  0  0  0  0  0  0  0  0.0698255  0.20376  0.346012  0.472701  0.570565  0.694462  0.909721  1.01286  1.05822  1.08988  1.10267  1.10312  1.10212  1.09961  
1  2.82  0  0  0  0  0  0  0  0  0  0  0  0  0  0.0682386  0.199276  0.340995  0.468557  0.566629  0.689709  0.905877  1.01129  1.05769  1.08977  1.10242  1.10275  1.10164  1.09915  
1  2.83  0  0  0  0  0  0  0  0  0  0  0  0  0  0.0666516  0.194792  0.335979  0.464413  0.562694  0.684957  0.902032  1.00972  1.05717  1.08966  1.10218  1.10239  1.10117  1.0987  
1  2.84  0  0  0  0  0  0  0  0  0  0  0  0  0  0.0650647  0.190308  0.330963  0.460269  0.558759  0.680204  0.898187  1.00814  1.05665  1.08955  1.10193  1.10202  1.10069  1.09824  
1  2.85  0  0  0  0  0  0  0  0  0  0  0  0  0  0.0634778  0.185823  0.325946  0.456126  0.554824  0.675452  0.894342  1.00657  1.05613  1.08944  1.10168  1.10166  1.10022  1.09778  
1  2.86  0  0  0  0  0  0  0  0  0  0  0  0  0  0.0618908  0.181339  0.32093  0.451982  0.550889  0.670699  0.890497  1.005  1.05561  1.08933  1.10144  1.10129  1.09974  1.09732  
1  2.87  0  0  0  0  0  0  0  0  0  0  0  0  0  0.0603039  0.176855  0.315914  0.447838  0.546954  0.665947  0.886652  1.00343  1.05508  1.08923  1.10119  1.10093  1.09927  1.09687  
1  2.88  0  0  0  0  0  0  0  0  0  0  0  0  0  0.0587169  0.17237  0.310897  0.443694  0.543018  0.661194  0.882807  1.00186  1.05456  1.08912  1.10094  1.10056  1.09879  1.09641  
1  2.89  0  0  0  0  0  0  0  0  0  0  0  0  0  0.0571299  0.167886  0.305881  0.43955  0.539083  0.656442  0.878962  1.00029  1.05404  1.08901  1.10069  1.1002  1.09831  1.09595  
1  2.9  0  0  0  0  0  0  0  0  0  0  0  0  0  0.055543  0.163402  0.300865  0.435407  0.535148  0.651689  0.875117  0.998719  1.05352  1.0889  1.10045  1.09983  1.09784  1.09549  
1  2.91  0  0  0  0  0  0  0  0  0  0  0  0  0  0.0539561  0.158918  0.295848  0.431263  0.531213  0.646936  0.871273  0.997148  1.053  1.08879  1.1002  1.09947  1.09736  1.09503  
1  2.92  0  0  0  0  0  0  0  0  0  0  0  0  0  0.0523691  0.154433  0.290832  0.427119  0.527278  0.642184  0.867428  0.995577  1.05247  1.08868  1.09995  1.0991  1.09689  1.09458  
1  2.93  0  0  0  0  0  0  0  0  0  0  0  0  0  0.0507822  0.149949  0.285816  0.422975  0.523343  0.637431  0.863583  0.994006  1.05195  1.08857  1.09971  1.09874  1.09641  1.09412  
1  2.94  0  0  0  0  0  0  0  0  0  0  0  0  0  0.0491952  0.145465  0.280799  0.418832  0.519408  0.632679  0.859738  0.992435  1.05143  1.08847  1.09946  1.09837  1.09593  1.09366  
1  2.95  0  0  0  0  0  0  0  0  0  0  0  0  0  0.0476083  0.140981  0.275783  0.414688  0.515472  0.627926  0.855893  0.990864  1.05091  1.08836  1.09921  1.09801  1.09546  1.0932  
1  2.96  0  0  0  0  0  0  0  0  0  0  0  0  0  0.0460214  0.136497  0.270767  0.410544  0.511537  0.623174  0.852048  0.989293  1.05038  1.08825  1.09897  1.09764  1.09498  1.09275  
1  2.97  0  0  0  0  0  0  0  0  0  0  0  0  0  0.0444344  0.132012  0.26575  0.4064  0.507602  0.618421  0.848203  0.987722  1.04986  1.08814  1.09872  1.09728  1.09451  1.09229  
1  2.98  0  0  0  0  0  0  0  0  0  0  0  0  0  0.0428475  0.127528  0.260734  0.402257  0.503667  0.613669  0.844358  0.986151  1.04934  1.08803  1.09847  1.09691  1.09403  1.09183  
1  2.99  0  0  0  0  0  0  0  0  0  0  0  0  0  0.0412605  0.123044  0.255718  0.398113  0.499732  0.608916  0.840514  0.98458  1.04882  1.08792  1.09823  1.09655  1.09356  1.09137  
