1.00000e-02 0.00000e+00
2.00000e-02 0.00000e+00
3.00000e-02 0.00000e+00
4.00000e-02 0.00000e+00
5.00000e-02 0.00000e+00
6.00000e-02 0.00000e+00
7.00000e-02 0.00000e+00
8.00000e-02 0.00000e+00
9.00000e-02 0.00000e+00
1.00000e-01 0.00000e+00
1.10000e-01 0.00000e+00
1.20000e-01 0.00000e+00
1.30000e-01 0.00000e+00
1.40000e-01 2.44881e-08
1.50000e-01 2.96549e-06
1.60000e-01 2.54329e-05
1.70000e-01 9.94293e-05
1.80000e-01 2.65063e-04
1.90000e-01 5.63420e-04
2.00000e-01 1.03177e-03
2.10000e-01 1.70098e-03
2.20000e-01 2.59474e-03
2.30000e-01 3.72973e-03
2.40000e-01 5.11635e-03
2.50000e-01 6.75957e-03
2.60000e-01 8.66014e-03
2.70000e-01 1.08151e-02
2.80000e-01 1.32183e-02
2.90000e-01 1.58113e-02
3.00000e-01 1.85639e-02
3.10000e-01 2.14115e-02
3.20000e-01 2.43093e-02
3.30000e-01 2.72226e-02
3.40000e-01 3.01395e-02
3.50000e-01 3.30483e-02
3.60000e-01 3.59351e-02
3.70000e-01 3.88348e-02
3.80000e-01 4.17289e-02
3.90000e-01 4.46113e-02
4.00000e-01 4.74870e-02
4.10000e-01 5.03458e-02
4.20000e-01 5.31880e-02
4.30000e-01 5.59953e-02
4.40000e-01 5.87621e-02
4.50000e-01 6.14653e-02
4.60000e-01 6.41065e-02
4.70000e-01 6.66754e-02
4.80000e-01 6.91823e-02
4.90000e-01 7.16441e-02
5.00000e-01 7.40661e-02
5.10000e-01 7.64854e-02
5.20000e-01 7.88355e-02
5.30000e-01 8.12152e-02
5.40000e-01 8.35946e-02
5.50000e-01 8.60021e-02
5.60000e-01 8.84375e-02
5.70000e-01 9.09085e-02
5.80000e-01 9.33962e-02
5.90000e-01 9.59556e-02
6.00000e-01 9.85392e-02
6.10000e-01 1.01099e-01
6.20000e-01 1.03685e-01
6.30000e-01 1.06266e-01
6.40000e-01 1.08833e-01
6.50000e-01 1.11388e-01
6.60000e-01 1.13904e-01
6.70000e-01 1.16401e-01
6.80000e-01 1.18856e-01
6.90000e-01 1.21278e-01
7.00000e-01 1.23657e-01
7.10000e-01 1.25992e-01
7.20000e-01 1.28289e-01
7.30000e-01 1.30535e-01
7.40000e-01 1.32738e-01
7.50000e-01 1.34893e-01
7.60000e-01 1.37031e-01
7.70000e-01 1.39083e-01
7.80000e-01 1.41116e-01
7.90000e-01 1.43116e-01
8.00000e-01 1.45081e-01
8.10000e-01 1.47005e-01
8.20000e-01 1.48915e-01
8.30000e-01 1.50779e-01
8.40000e-01 1.52632e-01
8.50000e-01 1.54439e-01
8.60000e-01 1.56224e-01
8.70000e-01 1.57982e-01
8.80000e-01 1.59706e-01
8.90000e-01 1.61417e-01
9.00000e-01 1.63092e-01
9.10000e-01 1.64743e-01
9.20000e-01 1.66369e-01
9.30000e-01 1.67969e-01
9.40000e-01 1.69545e-01
9.50000e-01 1.71097e-01
9.60000e-01 1.72627e-01
9.70000e-01 1.74134e-01
9.80000e-01 1.75614e-01
9.90000e-01 1.77082e-01
1.00000e+00 1.78518e-01
1.10000e+00 1.91995e-01
1.20000e+00 2.04125e-01
1.30000e+00 2.15158e-01
1.40000e+00 2.25243e-01
1.50000e+00 2.34597e-01
1.60000e+00 2.43408e-01
1.70000e+00 2.51738e-01
1.80000e+00 2.59650e-01
1.90000e+00 2.67211e-01
2.00000e+00 2.74470e-01
2.10000e+00 2.81440e-01
2.20000e+00 2.88148e-01
2.30000e+00 2.94567e-01
2.40000e+00 3.00831e-01
2.50000e+00 3.06850e-01
2.60000e+00 3.12734e-01
2.70000e+00 3.18453e-01
2.80000e+00 3.24049e-01
2.90000e+00 3.29522e-01
3.00000e+00 3.34872e-01
3.10000e+00 3.40079e-01
3.20000e+00 3.45194e-01
3.30000e+00 3.50186e-01
3.40000e+00 3.55041e-01
3.50000e+00 3.59840e-01
3.60000e+00 3.64508e-01
3.70000e+00 3.69088e-01
3.80000e+00 3.73588e-01
3.90000e+00 3.77987e-01
4.00000e+00 3.82289e-01
4.10000e+00 3.86485e-01
4.20000e+00 3.90596e-01
4.30000e+00 3.94630e-01
4.40000e+00 3.98570e-01
4.50000e+00 4.02447e-01
4.60000e+00 4.06292e-01
4.70000e+00 4.09975e-01
4.80000e+00 4.13591e-01
4.90000e+00 4.17168e-01
5.00000e+00 4.20682e-01
5.10000e+00 4.24089e-01
5.20000e+00 4.27468e-01
5.30000e+00 4.30728e-01
5.40000e+00 4.34000e-01
5.50000e+00 4.37196e-01
5.60000e+00 4.40307e-01
5.70000e+00 4.43328e-01
5.80000e+00 4.46361e-01
5.90000e+00 4.49289e-01
6.00000e+00 4.52180e-01
6.10000e+00 4.55006e-01
6.20000e+00 4.57771e-01
6.30000e+00 4.60554e-01
6.40000e+00 4.63206e-01
6.50000e+00 4.65855e-01
6.60000e+00 4.68435e-01
6.70000e+00 4.70996e-01
6.80000e+00 4.73464e-01
6.90000e+00 4.75909e-01
7.00000e+00 4.78394e-01
7.10000e+00 4.80701e-01
7.20000e+00 4.83026e-01
7.30000e+00 4.85419e-01
7.40000e+00 4.87683e-01
7.50000e+00 4.89955e-01
7.60000e+00 4.92096e-01
7.70000e+00 4.94317e-01
7.80000e+00 4.96394e-01
7.90000e+00 4.98550e-01
8.00000e+00 5.00563e-01
8.10000e+00 5.02666e-01
8.20000e+00 5.04574e-01
8.30000e+00 5.06648e-01
8.40000e+00 5.08494e-01
8.50000e+00 5.10500e-01
8.60000e+00 5.12376e-01
8.70000e+00 5.14193e-01
8.80000e+00 5.16111e-01
8.90000e+00 5.17942e-01
9.00000e+00 5.19799e-01
9.10000e+00 5.21451e-01
9.20000e+00 5.23230e-01
9.30000e+00 5.24946e-01
9.40000e+00 5.26693e-01
9.50000e+00 5.28403e-01
9.60000e+00 5.29819e-01
9.70000e+00 5.31625e-01
9.80000e+00 5.33226e-01
9.90000e+00 5.34940e-01
1.00000e+01 5.36483e-01
1.10000e+01 5.51398e-01
1.20000e+01 5.64494e-01
1.30000e+01 5.76714e-01
1.40000e+01 5.87654e-01
1.50000e+01 5.97637e-01
1.60000e+01 6.06933e-01
1.70000e+01 6.15556e-01
1.80000e+01 6.23469e-01
1.90000e+01 6.30721e-01
2.00000e+01 6.38092e-01
2.10000e+01 6.44452e-01
2.20000e+01 6.50955e-01
2.30000e+01 6.56893e-01
2.40000e+01 6.62458e-01
2.50000e+01 6.67683e-01
2.60000e+01 6.72789e-01
2.70000e+01 6.78025e-01
2.80000e+01 6.82499e-01
2.90000e+01 6.87223e-01
3.00000e+01 6.91523e-01
3.10000e+01 6.95773e-01
3.20000e+01 6.99790e-01
3.30000e+01 7.03144e-01
3.40000e+01 7.07078e-01
3.50000e+01 7.10923e-01
3.60000e+01 7.14132e-01
3.70000e+01 7.17588e-01
3.80000e+01 7.20658e-01
3.90000e+01 7.24215e-01
4.00000e+01 7.27504e-01
4.10000e+01 7.30384e-01
4.20000e+01 7.33418e-01
4.30000e+01 7.36223e-01
4.40000e+01 7.39058e-01
4.50000e+01 7.41838e-01
4.60000e+01 7.44475e-01
4.70000e+01 7.47025e-01
4.80000e+01 7.49623e-01
4.90000e+01 7.52042e-01
5.00000e+01 7.54189e-01
5.10000e+01 7.56884e-01
5.20000e+01 7.58829e-01
5.30000e+01 7.61431e-01
5.40000e+01 7.63348e-01
5.50000e+01 7.65871e-01
5.60000e+01 7.67736e-01
5.70000e+01 7.69867e-01
5.80000e+01 7.72078e-01
5.90000e+01 7.73916e-01
6.00000e+01 7.76036e-01
6.10000e+01 7.77983e-01
6.20000e+01 7.79835e-01
6.30000e+01 7.81426e-01
6.40000e+01 7.83261e-01
6.50000e+01 7.85037e-01
6.60000e+01 7.86416e-01
6.70000e+01 7.88561e-01
6.80000e+01 7.90117e-01
6.90000e+01 7.91899e-01
7.00000e+01 7.93686e-01
7.10000e+01 7.95354e-01
7.20000e+01 7.96685e-01
7.30000e+01 7.98224e-01
7.40000e+01 7.99924e-01
7.50000e+01 8.01484e-01
7.60000e+01 8.02792e-01
7.70000e+01 8.04432e-01
7.80000e+01 8.06152e-01
7.90000e+01 8.07578e-01
8.00000e+01 8.09124e-01
8.10000e+01 8.10481e-01
8.20000e+01 8.11855e-01
8.30000e+01 8.13096e-01
8.40000e+01 8.14691e-01
8.50000e+01 8.16011e-01
8.60000e+01 8.17385e-01
8.70000e+01 8.18723e-01
8.80000e+01 8.19981e-01
8.90000e+01 8.21276e-01
9.00000e+01 8.22543e-01
9.10000e+01 8.23750e-01
9.20000e+01 8.25044e-01
9.30000e+01 8.26296e-01
9.40000e+01 8.27493e-01
9.50000e+01 8.28665e-01
9.60000e+01 8.29851e-01
9.70000e+01 8.30984e-01
9.80000e+01 8.32155e-01
9.90000e+01 8.33035e-01
1.00000e+02 8.34147e-01
1.10000e+02 8.45027e-01
1.20000e+02 8.54662e-01
1.30000e+02 8.63502e-01
1.40000e+02 8.71640e-01
1.50000e+02 8.78867e-01
1.60000e+02 8.85924e-01
1.70000e+02 8.92596e-01
1.80000e+02 8.98878e-01
1.90000e+02 9.04700e-01
2.00000e+02 9.10130e-01
2.10000e+02 9.15453e-01
2.20000e+02 9.20421e-01
2.30000e+02 9.25109e-01
2.40000e+02 9.29673e-01
2.50000e+02 9.34070e-01
2.60000e+02 9.38285e-01
2.70000e+02 9.42340e-01
2.80000e+02 9.46218e-01
2.90000e+02 9.49857e-01
3.00000e+02 9.53413e-01
3.10000e+02 9.54248e-01
3.20000e+02 9.57671e-01
3.30000e+02 9.60911e-01
3.40000e+02 9.57447e-01
3.50000e+02 9.60298e-01
3.60000e+02 9.63388e-01
3.70000e+02 9.66180e-01
3.80000e+02 9.41756e-01
3.90000e+02 9.44580e-01
4.00000e+02 9.46670e-01
4.10000e+02 9.49528e-01
4.20000e+02 9.52165e-01
4.30000e+02 9.54652e-01
4.40000e+02 9.57146e-01
4.50000e+02 9.59482e-01
4.60000e+02 9.61877e-01
4.70000e+02 9.64006e-01
4.80000e+02 9.66234e-01
4.90000e+02 9.68489e-01
5.00000e+02 9.70596e-01
5.10000e+02 9.72749e-01
5.20000e+02 9.74802e-01
5.30000e+02 9.76731e-01
5.40000e+02 9.78763e-01
5.50000e+02 9.80520e-01
5.60000e+02 9.82439e-01
5.70000e+02 9.84219e-01
5.80000e+02 9.85808e-01
5.90000e+02 9.87640e-01
6.00000e+02 9.89467e-01
6.10000e+02 9.91114e-01
6.20000e+02 9.92830e-01
6.30000e+02 9.94659e-01
6.40000e+02 9.96265e-01
6.50000e+02 9.97921e-01
6.60000e+02 9.99475e-01
6.70000e+02 1.00107e+00
6.80000e+02 1.00257e+00
6.90000e+02 1.00411e+00
7.00000e+02 1.00552e+00
7.10000e+02 1.00702e+00
7.20000e+02 1.00850e+00
7.30000e+02 1.00988e+00
7.40000e+02 1.01099e+00
7.50000e+02 1.01239e+00
7.60000e+02 1.01378e+00
7.70000e+02 1.01509e+00
7.80000e+02 1.01654e+00
7.90000e+02 1.01768e+00
8.00000e+02 1.01897e+00
8.10000e+02 1.02036e+00
8.20000e+02 1.02161e+00
8.30000e+02 1.02265e+00
8.40000e+02 1.02413e+00
8.50000e+02 1.02529e+00
8.60000e+02 1.02646e+00
8.70000e+02 1.02767e+00
8.80000e+02 1.02889e+00
8.90000e+02 1.01966e+00
9.00000e+02 1.02076e+00
9.10000e+02 1.02191e+00
9.20000e+02 1.02304e+00
9.30000e+02 1.02416e+00
9.40000e+02 1.02528e+00
9.50000e+02 1.02638e+00
9.60000e+02 1.02744e+00
9.70000e+02 1.02851e+00
9.80000e+02 1.01692e+00
9.90000e+02 1.01795e+00
1.00000e+03 1.01892e+00
