 1.995E-03 2487.78 2492.61 1350.18 1135.27  1536.73  1401.17   515.22   193.98  .241  .912  .376    
 2.239E-03 2487.39 2492.26 1350.05 1135.22  1684.78  1429.17   527.48   255.34  .251  .848  .484    
 2.512E-03 2486.91 2491.86 1349.92 1135.14  1853.53  1495.14   480.13   339.03  .245  .807  .706    
 2.818E-03 2486.32 2491.39 1349.76 1135.01  1999.61  1587.81   548.39   493.67  .290  .794  .900    
 3.162E-03 2485.61 2490.83 1349.54 1134.81  2117.84  1694.81   718.78   701.41  .372  .800  .976    
 3.548E-03 2484.77 2490.15 1349.22 1134.49  2212.71  1816.28   943.43   929.00  .465  .821  .985    
 3.981E-03 2483.79 2489.33 1348.77 1134.05  2301.31  1995.57  1136.76  1108.97  .523  .867  .976    
 4.467E-03 2482.66 2488.30 1348.18 1133.47  2381.91  2215.15  1290.92  1239.93  .551  .930  .960    
 5.012E-03 2481.34 2487.03 1347.44 1132.77  2467.01  2449.04  1435.17  1357.48  .568  .993  .946    
 5.623E-03 2479.78 2485.47 1346.48 1131.87  2634.71  2661.15  1697.34  1605.44  .624 1.010  .946    
 6.310E-03 2477.89 2483.57 1345.20 1130.65  2864.26  2844.09  2051.05  1956.36  .702  .993  .954    
 7.079E-03 2475.58 2481.32 1343.46 1128.98  3158.04  3040.49  2457.03  2351.43  .776  .963  .957    
 7.943E-03 2472.65 2478.52 1341.15 1126.80  3655.03  3471.04  2896.73  2688.19  .784  .950  .928    
 8.913E-03 2468.80 2474.86 1338.12 1124.06  4298.33  4081.76  3342.41  2957.33  .752  .950  .885    
 1.000E-02 2463.73 2470.03 1334.24 1120.71  5038.19  4823.45  3795.84  3203.19  .710  .957  .844    
 1.122E-02 2457.04 2463.56 1329.27 1116.56  5931.79  5791.32  4363.53  3622.74  .681  .976  .830    
 1.259E-02 2448.24 2454.87 1322.85 1111.23  6908.34  6897.49  5001.22  4171.44  .664  .998  .834    
 1.413E-02 2436.84 2443.38 1314.66 1104.35  7935.99  8045.76  5645.70  4783.59  .653 1.014  .847    
 1.585E-02 2422.10 2428.52 1304.42 1095.54  9167.46  9160.77  6218.14  5421.33  .635  .999  .872    
 1.778E-02 2403.07 2409.77 1291.90 1084.44 10503.12 10188.35  6697.57  6039.11  .616  .970  .902    
 1.995E-02 2378.80 2386.61 1276.92 1070.70 11832.83 11180.22  7117.94  6615.02  .597  .945  .929    
 2.239E-02 2348.41 2357.76 1258.92 1053.87 13091.14 12552.02  7676.89  7195.52  .580  .959  .937    
 2.512E-02 2311.06 2321.28 1237.07 1033.45 14205.77 14146.65  8309.30  7737.11  .566  .996  .931    
 2.818E-02 2266.02 2275.42 1210.64 1008.99 15144.88 15695.32  8909.46  8195.82  .555 1.036  .920    
 3.162E-02 2212.43 2219.45 1179.21  980.16 15985.45 16744.30  9325.53  8547.04  .546 1.047  .917    
 3.548E-02 2149.35 2153.62 1142.74  946.70 16662.04 17287.92  9543.05  8766.78  .539 1.038  .919    
 3.981E-02 2076.20 2078.43 1101.32  908.58 17023.59 17348.12  9529.96  8781.98  .533 1.019  .922    
 4.467E-02 1994.18 1995.32 1055.94  866.87 16636.16 16786.80  9102.45  8324.28  .521 1.009  .915    
 5.012E-02 1905.98 1906.50 1008.24  823.59 15669.81 15766.85  8376.69  7532.75  .506 1.006  .899    
 5.623E-02 1814.10 1813.99  959.70  780.44 14392.99 14500.50  7520.83  6605.21  .489 1.007  .878    
 6.310E-02 1719.60 1718.77  910.70  737.94 13193.48 13290.98  6796.77  5824.93  .477 1.007  .857    
 7.079E-02 1622.41 1620.95  860.81  695.68 12086.03 12153.99  6191.30  5183.47  .469 1.006  .837    
 7.943E-02 1522.65 1520.77  809.71  653.35 11038.51 11065.25  5657.88  4642.24  .466 1.002  .820    
 8.913E-02 1420.71 1418.85  757.41  610.71 10020.55  9989.75  5145.23  4177.47  .466  .997  .812    
 1.000E-01 1317.26 1316.07  704.24  567.60  9030.09  8938.23  4647.06  3765.51  .468  .990  .810    
 1.122E-01 1213.10 1213.35  650.56  524.04  8055.34  7921.82  4159.76  3379.39  .472  .983  .812    
 1.259E-01 1109.91 1111.82  597.06  480.63  7036.09  6936.40  3664.49  2967.85  .475  .986  .810    
 1.413E-01 1009.77 1012.65  544.60  438.30  6026.88  6003.23  3179.47  2552.98  .477  .996  .803    
 1.585E-01  914.33  916.88  493.86  397.80  5083.09  5137.67  2723.12  2160.49  .478 1.011  .793    
 1.778E-01  824.36  825.49  445.33  359.50  4257.37  4341.64  2311.80  1814.80  .480 1.020  .785    
 1.995E-01  740.05  739.35  399.28  323.51  3545.74  3626.25  1946.84  1515.34  .483 1.023  .778    
 2.239E-01  661.48  659.05  355.95  289.89  2935.73  2997.80  1624.89  1258.80  .486 1.021  .775    
 2.512E-01  588.76  584.86  315.66  258.58  2412.69  2458.87  1336.87  1044.32  .489 1.019  .781    
 2.818E-01  521.94  516.82  278.71  229.46  1968.62  2002.55  1085.23   864.87  .491 1.017  .797    
 3.162E-01  460.95  454.85  245.24  202.43  1597.67  1621.39   872.79   713.73  .493 1.015  .818    
 3.548E-01  405.38  398.59  214.98  177.50  1299.29  1311.27   705.45   584.39  .494 1.009  .828    
 3.981E-01  354.63  347.57  187.47  154.69  1058.24  1059.01   572.96   474.54  .495 1.001  .828    
 4.467E-01  308.27  301.40  162.38  133.99   859.89   852.68   465.52   382.12  .495  .992  .821    
 5.012E-01  266.26  259.82  139.61  115.38   689.10   681.71   374.16   304.73  .495  .989  .814    
 5.623E-01  228.75  222.66  119.20   98.80   544.66   540.92   297.25   240.78  .496  .993  .810    
 6.310E-01  195.68  189.70  101.10   84.17   425.95   425.59   233.54   188.83  .496  .999  .809    
 7.079E-01  166.70  160.80   85.24   71.30   332.55   330.26   181.22   147.92  .497  .993  .816    
 7.943E-01  141.33  135.79   71.51   59.99   259.31   253.03   139.03   115.67  .497  .976  .832    
 8.913E-01  119.15  114.40   59.75   50.09   201.53   192.27   105.72    89.95  .497  .954  .851    
 1.000E+00   99.90   96.11   49.73   41.53   155.13   147.22    80.18    68.65  .492  .949  .856    
 1.122E+00   83.35   80.34   41.21   34.26   118.29   113.54    60.69    51.48  .484  .960  .848    
 1.259E+00   69.25   66.67   33.99   28.19    89.38    87.57    45.82    38.13  .474  .980  .832    
 1.413E+00   57.37   54.96   27.87   23.14    66.78    66.00    34.57    28.32  .474  .988  .819    
 1.585E+00   47.45   45.17   22.69   18.92    49.40    48.67    26.03    21.09  .481  .985  .810    
 1.778E+00   39.25   37.13   18.33   15.40    36.35    35.37    19.51    15.72  .491  .973  .805    
 1.995E+00   32.44   30.56   14.67   12.46    27.12    25.89    14.49    11.62  .493  .955  .802    
 2.239E+00   26.70   25.14   11.64   10.03    20.49    19.13    10.65     8.52  .484  .934  .800    
 2.512E+00   21.82   20.63    9.16    8.05    15.54    14.25     7.73     6.20  .468  .917  .802    
 2.818E+00   17.71   16.84    7.16    6.43    11.54    10.73     5.46     4.48  .446  .930  .820    
 3.162E+00   14.32   13.63    5.59    5.12     8.38     8.14     3.76     3.21  .421  .971  .853    
 3.548E+00   11.57   10.89    4.40    4.08     6.01     6.15     2.56     2.29  .399 1.023  .892    
 3.981E+00    9.36    8.61    3.46    3.24     4.34     4.48     1.83     1.63  .393 1.033  .894    
 4.467E+00    7.56    6.78    2.70    2.57     3.15     3.15     1.36     1.17  .401 1.000  .863    
 5.012E+00    6.09    5.35    2.05    2.02     2.30     2.18     1.01      .84  .412  .948  .828    
 5.623E+00    4.90    4.22    1.54    1.60     1.66     1.55      .68      .58  .395  .935  .845    
 6.310E+00    3.94    3.32    1.17    1.27     1.18     1.13      .43      .39  .355  .958  .911    
 7.079E+00    3.18    2.57     .91    1.02      .84      .82      .25      .26  .311  .978 1.032    
 7.943E+00    2.55    1.99     .73     .83      .64      .54      .17      .20  .320  .840 1.187    
